Perihelion precession of Mercury (xp, yp, thetap)
Timestep: 100 years (Earth years)

0        0.3075        0                0
0.240732        0.3075        5.62071150465e-08                0.118446213171
0.481463        0.3075        1.12415639547e-07                0.23689539651
0.722195        0.3075        1.68625174356e-07                0.355346708887
0.722195        0.307499999996        1.53987737894e-06                3.24500989124
0.962927        0.307499999999        2.24836638693e-07                0.473802087394
0.962927        0.307499999996        1.59608884328e-06                3.36346526975
1.20366        0.307499999999        2.81049096917e-07                0.592259560334
1.20366        0.307499999995        1.6523013015e-06                3.4819227427
1.44439        0.307499999999        3.37262662402e-07                0.710719366625
1.44439        0.307499999995        1.70851486699e-06                3.60038254899
1.68512        0.307499999999        3.9347818305e-07                0.829183293063
1.68512        0.307499999994        1.76473038763e-06                3.71884647543
1.92585        0.307499999999        4.49695211112e-07                0.947650396103
1.92585        0.307499999994        1.82094741569e-06                3.83731357847
2.16659        0.307499999999        5.05912574437e-07                1.06611820565
2.16659        0.307499999993        1.87716477902e-06                3.95578138801
2.16659        0.307499999983        3.24841698357e-06                6.84544457037
2.40732        0.307499999999        5.62130741198e-07                1.18458770829
2.40732        0.307499999993        1.93338294578e-06                4.07425089066
2.40732        0.307499999982        3.30463515032e-06                6.96391407302
2.64805        0.307499999999        6.18350972004e-07                1.30306156052
2.64805        0.307499999992        1.98960317658e-06                4.19272474289
2.64805        0.307499999981        3.36085538113e-06                7.08238792526
2.88878        0.307499999998        6.74570819903e-07                1.42153460585
2.88878        0.307499999992        2.04582302448e-06                4.31119778822
2.88878        0.30749999998        3.41707522902e-06                7.20086097059
3.12951        0.307499999998        7.30791394467e-07                1.54000918249
3.12951        0.307499999991        2.10204359904e-06                4.42967236486
3.12951        0.30749999998        3.47329580358e-06                7.31933554723
3.37024        0.307499999998        7.87013471368e-07                1.65848692503
3.37024        0.307499999991        2.15826567594e-06                4.54815010741
3.37024        0.307499999979        3.52951788048e-06                7.43781328978
3.61098        0.307499999998        8.43237653696e-07                1.77696910438
3.61098        0.30749999999        2.21448985827e-06                4.66663228676
3.61098        0.307499999978        3.5857420628e-06                7.55629546913
3.85171        0.307499999998        8.99462030014e-07                1.89545169252
3.85171        0.30749999999        2.27071423458e-06                4.7851148749
3.85171        0.307499999977        3.64196643912e-06                7.67477805727
4.09244        0.307499999998        9.55687037141e-07                2.01393560998
4.09244        0.30749999999        2.32693924171e-06                4.90359879236
4.09244        0.307499999976        3.69819144624e-06                7.79326197473
4.33317        0.307499999998        1.01191106271e-06                2.13241745898
4.33317        0.307499999989        2.38316326727e-06                5.02208064135
4.33317        0.307499999976        3.7544154718e-06                7.91174382373
4.33317        0.307499999957        5.12566767626e-06                10.8014070061
4.5739        0.307499999997        1.06813462247e-06                2.25089832639
4.5739        0.307499999989        2.43938682704e-06                5.14056150876
4.5739        0.307499999975        3.81063903156e-06                8.03022469114
4.5739        0.307499999956        5.18189123602e-06                10.9198878735
4.81463        0.307499999997        1.12435908055e-06                2.36938108683
4.81463        0.307499999988        2.49561128511e-06                5.2590442692
4.81463        0.307499999974        3.86686348963e-06                8.14870745158
4.81463        0.307499999955        5.23811569409e-06                11.0383706339
5.05537        0.307499999997        1.18058377694e-06                2.48786434946
5.05537        0.307499999988        2.5518359815e-06                5.37752753184
5.05537        0.307499999973        3.92308818602e-06                8.26719071422
5.05537        0.307499999954        5.29434039047e-06                11.1568538966
5.2961        0.307499999997        1.23680882396e-06                2.60634835099
5.2961        0.307499999987        2.60806102852e-06                5.49601153337
5.2961        0.307499999972        3.97931323303e-06                8.38567471575
5.2961        0.307499999953        5.35056543748e-06                11.2753378981
5.53683        0.307499999997        1.29303498855e-06                2.7248347076
5.53683        0.307499999987        2.66428719311e-06                5.61449788997
5.53683        0.307499999972        4.03553939762e-06                8.50416107236
5.53683        0.307499999951        5.40679160206e-06                11.3938242547
5.77756        0.307499999996        1.34926211306e-06                2.84332308704
5.77756        0.307499999986        2.72051431761e-06                5.73298626941
5.77756        0.307499999971        4.09176652212e-06                8.6226494518
5.77756        0.30749999995        5.46301872656e-06                11.5123126342
6.01829        0.307499999996        1.40549202777e-06                2.96181734635
6.01829        0.307499999986        2.77674423232e-06                5.85148052872
6.01829        0.30749999997        4.14799643683e-06                8.74114371111
6.01829        0.307499999949        5.51924864126e-06                11.6308068935
6.25902        0.307499999996        1.46172268275e-06                3.08031316562
6.25902        0.307499999985        2.8329748873e-06                5.96997634799
6.25902        0.307499999969        4.2042270918e-06                8.85963953038
6.25902        0.307499999948        5.57547929623e-06                11.7493027128
6.49976        0.307499999996        1.51795360965e-06                3.1988095579
6.49976        0.307499999985        2.88920581419e-06                6.08847274027
6.49976        0.307499999968        4.26045801869e-06                8.97813592266
6.49976        0.307499999947        5.63171022311e-06                11.867799105
6.49976        0.30749999992        7.00296242744e-06                14.7574622874
6.74049        0.307499999996        1.57418521764e-06                3.31730738548
6.74049        0.307499999984        2.94543742218e-06                6.20697056785
6.74049        0.307499999967        4.31668962667e-06                9.09663375023
6.74049        0.307499999945        5.68794183109e-06                11.9862969326
6.74049        0.307499999919        7.05919403542e-06                14.875960115
6.98122        0.307499999995        1.63041721659e-06                3.43580603693
6.98122        0.307499999983        3.00166942113e-06                6.3254692193
6.98122        0.307499999966        4.37292162562e-06                9.21513240168
6.98122        0.307499999944        5.74417383003e-06                12.1047955841
6.98122        0.307499999917        7.11542603435e-06                14.9944587664
7.22195        0.307499999995        1.68664936398e-06                3.5543050012
7.22195        0.307499999983        3.05790156852e-06                6.44396818356
7.22195        0.307499999966        4.429153773e-06                9.33363136595
7.22195        0.307499999943        5.80040597742e-06                12.2232945483
7.22195        0.307499999916        7.17165818173e-06                15.1129577307
7.46268        0.307499999995        1.74288110944e-06                3.67280311846
7.46268        0.307499999982        3.11413331398e-06                6.56246630082
7.46268        0.307499999965        4.48538551846e-06                9.45212948321
7.46268        0.307499999942        5.85663772286e-06                12.3417926656
7.46268        0.307499999914        7.22788992717e-06                15.231455848
7.70341        0.307499999995        1.79911346483e-06                3.79130252104
7.70341        0.307499999982        3.17036566936e-06                6.6809657034
7.70341        0.307499999964        4.54161787384e-06                9.57062888579
7.70341        0.307499999941        5.91287007824e-06                12.4602920682
7.70341        0.307499999913        7.28412228254e-06                15.3499552506
7.94415        0.307499999981        3.22659893622e-06                6.79946702673
7.94415        0.307499999963        4.59785114069e-06                9.68913020912
7.94415        0.30749999994        5.96910334508e-06                12.5787933915
7.94415        0.307499999911        7.34035554938e-06                15.4684565739
8.18488        0.307499999981        3.28283305416e-06                6.91797014357
8.18488        0.307499999962        4.65408525863e-06                9.80763332596
8.18488        0.307499999938        6.02533746302e-06                12.6972965084
8.18488        0.307499999909        7.39658966731e-06                15.5869596907
8.42561        0.30749999998        3.33906920804e-06                7.03647755079
8.42561        0.307499999961        4.71032141251e-06                9.92614073318
8.42561        0.307499999937        6.08157361689e-06                12.8158039156
8.42561        0.307499999908        7.45282582118e-06                15.705467098
8.66634        0.307499999979        3.39530684695e-06                7.15498808742
8.66634        0.30749999996        4.76655905141e-06                10.0446512698
8.66634        0.307499999936        6.13781125579e-06                12.9343144522
8.66634        0.307499999906        7.50906346007e-06                15.8239776346
8.66634        0.307499999872        8.88031566422e-06                18.713640817
8.90707        0.307499999979        3.45154355404e-06                7.27349666041
8.90707        0.307499999959        4.82279575849e-06                10.1631598428
8.90707        0.307499999934        6.19404796287e-06                13.0528230252
8.90707        0.307499999905        7.56530016714e-06                15.9424862076
8.90707        0.30749999987        8.93655237129e-06                18.83214939
9.1478        0.307499999978        3.50777943853e-06                7.39200349993
9.1478        0.307499999958        4.87903164298e-06                10.2816666823
9.1478        0.307499999933        6.25028384735e-06                13.1713298647
9.14781        0.307499999903        7.62153605161e-06                16.0609930471
9.14781        0.307499999868        8.99278825575e-06                18.9506562295
9.38854        0.307499999978        3.56401397058e-06                7.51050748942
9.38854        0.307499999958        4.93526617502e-06                10.4001706718
9.38854        0.307499999932        6.30651837938e-06                13.2898338542
9.38854        0.307499999902        7.67777058364e-06                16.1794970366
9.38854        0.307499999866        9.04902278777e-06                19.069160219
9.62927        0.307499999977        3.62024816754e-06                7.62901077278
9.62927        0.307499999957        4.99150037198e-06                10.5186739552
9.62927        0.307499999931        6.36275257633e-06                13.4083371376
9.62927        0.3074999999        7.73400478058e-06                16.29800032
9.62927        0.307499999864        9.10525698471e-06                19.1876635023
9.87        0.307499999977        3.67648177892e-06                7.74751282213
9.87        0.307499999956        5.04773398335e-06                10.6371760045
9.87        0.30749999993        6.4189861877e-06                13.5268391869
9.87        0.307499999899        7.79023839194e-06                16.4165023693
9.87        0.307499999862        9.16149059606e-06                19.3061655517
10.1107        0.307499999976        3.7327165366e-06                7.8660172871
10.1107        0.307499999955        5.10396874102e-06                10.7556804695
10.1107        0.307499999928        6.47522094537e-06                13.6453436519
10.1107        0.307499999897        7.84647314961e-06                16.5350068343
10.1107        0.30749999986        9.21772535372e-06                19.4246700167
10.3515        0.307499999975        3.78895172148e-06                7.98452265234
10.3515        0.307499999954        5.16020392591e-06                10.8741858347
10.3515        0.307499999927        6.53145613025e-06                13.7638490171
10.3515        0.307499999895        7.90270833448e-06                16.6535121995
10.3515        0.307499999859        9.27396053858e-06                19.5431753819
10.5922        0.307499999975        3.84518737469e-06                8.10302900447
10.5922        0.307499999953        5.21643957911e-06                10.9926921869
10.5922        0.307499999926        6.58769178344e-06                13.8823553693
10.5922        0.307499999894        7.95894398767e-06                16.7720185517
10.5922        0.307499999857        9.33019619176e-06                19.6616817341
10.8329        0.307499999974        3.90142429646e-06                8.22153802986
10.8329        0.307499999952        5.27267650087e-06                11.1112012122
10.8329        0.307499999925        6.6439287052e-06                14.0008643946
10.8329        0.307499999892        8.01518090941e-06                16.8905275771
10.8329        0.307499999855        9.3864331135e-06                19.7801907594
11.0737        0.307499999973        3.95766040348e-06                8.34004533833
11.0737        0.307499999951        5.32891260789e-06                11.2297085207
11.0737        0.307499999923        6.70016481221e-06                14.1193717031
11.0737        0.30749999989        8.07141701642e-06                17.0090348855
11.0737        0.307499999853        9.4426692205e-06                19.8986980679
11.0737        0.30749999981        1.08139214244e-05                22.7883612503
11.3144        0.307499999973        4.01389653099e-06                8.45855268996
11.3144        0.30749999995        5.38514873539e-06                11.3482158723
11.3144        0.307499999922        6.7564009397e-06                14.2378790547
11.3144        0.307499999889        8.12765314391e-06                17.1275422372
11.3144        0.307499999851        9.49890534797e-06                20.0172054196
11.3144        0.307499999808        1.08701575519e-05                22.9068686019
11.5551        0.307499999972        4.07013197351e-06                8.57705859812
11.5551        0.307499999949        5.44138417791e-06                11.4667217805
11.5551        0.307499999921        6.81263638222e-06                14.3563849629
11.5551        0.307499999887        8.18388858641e-06                17.2460481453
11.5551        0.307499999849        9.55514079047e-06                20.1357113277
11.5551        0.307499999805        1.09263929944e-05                23.0253745101
11.7959        0.307499999972        4.12636594502e-06                8.69556140637
11.7959        0.307499999948        5.49761814941e-06                11.5852245887
11.7959        0.30749999992        6.86887035371e-06                14.4748877712
11.7959        0.307499999886        8.2401225579e-06                17.3645509536
11.7959        0.307499999847        9.61137476195e-06                20.254214136
11.7959        0.307499999803        1.09826269658e-05                23.1438773183
12.0366        0.307499999971        4.18260111749e-06                8.81406674544
12.0366        0.307499999947        5.55385332187e-06                11.7037299278
12.0366        0.307499999918        6.92510552617e-06                14.5933931102
12.0366        0.307499999884        8.29635773035e-06                17.4830562926
12.0366        0.307499999845        9.66760993439e-06                20.372719475
12.0366        0.307499999801        1.10388621383e-05                23.2623826574
