Velocity-Verlet algorithm (2D)
earth (x, y, vx, vy)
Timestep: 6 years

0.830758        0.554645        -3.57651        5.21651        
0.794992        0.60681        -3.73478        5.09464        
0.756062        0.656538        -4.04686        4.85139        
0.714055        0.703838        -4.34243        4.59092        
0.669213        0.748356        -4.61662        4.30446        
0.621723        0.789927        -4.87159        4.002        
0.571781        0.828396        -5.10642        3.68482        
0.519594        0.863623        -5.32033        3.35431        
0.465375        0.895482        -5.51261        3.01186        
0.409342        0.923861        -5.68266        2.65892        
0.351722        0.948661        -5.82998        2.29695        
0.292742        0.9698        -5.95417        1.92742        
0.232638        0.987209        -6.0549        1.55181        
0.171644        1.00084        -6.13198        1.17161        
0.109999        1.01064        -6.18527        0.788301        
0.0479389        1.0166        -6.21476        0.403349        
-0.0142965        1.01871        -6.22048        0.0182096        
-0.0764707        1.01697        -6.20259        -0.36568        
-0.138348        1.01139        -6.16131        -0.746909        
-0.199697        1.00203        -6.09695        -1.12409        
-0.260287        0.988913        -6.00987        -1.49588        
-0.319894        0.97211        -5.90055        -1.86096        
-0.378298        0.951694        -5.7695        -2.21805        
-0.435284        0.927749        -5.6173        -2.56591        
-0.490644        0.900375        -5.44462        -2.90335        
-0.544177        0.869682        -5.25216        -3.22923        
-0.595687        0.835791        -5.04069        -3.54245        
-0.644991        0.798833        -4.81104        -3.84196        
-0.691908        0.758952        -4.56407        -4.12675        
-0.736272        0.716298        -4.30071        -4.3959        
-0.777922        0.671034        -4.02193        -4.6485        
-0.81671        0.623328        -3.72873        -4.88373        
-0.852497        0.573359        -3.42215        -5.10082        
-0.885153        0.521312        -3.10328        -5.29903        
-0.914563        0.467378        -2.77324        -5.47772        
-0.940618        0.411757        -2.43317        -5.6363        
-0.963226        0.354652        -2.08425        -5.77421        
-0.982303        0.296273        -1.72768        -5.89099        
-0.99778        0.236833        -1.36469        -5.98623        
-1.0096        0.176549        -0.996515        -6.05958        
-1.01771        0.115641        -0.624428        -6.11077        
-1.02209        0.0543332        -0.249707        -6.13957        
-1.0227        -0.00715037        0.126354        -6.14584        
-1.01956        -0.0685837        0.502453        -6.12951        
-1.01266        -0.129741        0.877279        -6.09056        
-1.00201        -0.190395        1.24952        -6.02905        
-0.987665        -0.250322        1.61785        -5.94513        
-0.969656        -0.309297        1.98096        -5.83898        
-0.948046        -0.367101        2.33754        -5.71089        
-0.922905        -0.423515        2.68629        -5.56121        
-0.89432        -0.478325        3.02593        -5.39037        
-0.862387        -0.531323        3.35516        -5.19886        
-0.827216        -0.582303        3.67276        -4.98726        
-0.788931        -0.631068        3.97749        -4.75623        
-0.747667        -0.677427        4.26814        -4.50648        
-0.703569        -0.721198        4.54356        -4.23882        
-0.656795        -0.762204        4.80263        -3.95412        
-0.607516        -0.80028        5.04425        -3.65333        
-0.55591        -0.83527        5.26739        -3.33747        
-0.502168        -0.867029        5.47108        -3.00764        
-0.446489        -0.895423        5.6544        -2.66499        
-0.38908        -0.920329        5.81648        -2.31075        
-0.330159        -0.941638        5.95654        -1.94622        
-0.269949        -0.959253        6.07387        -1.57273        
-0.208682        -0.973093        6.16784        -1.1917        
-0.146593        -0.983087        6.2379        -0.804581        
-0.0839237        -0.989184        6.2836        -0.412879        
-0.0209205        -0.991345        6.30458        -0.0181366        
0.042168        -0.989547        6.30058        0.378066        
0.105091        -0.983784        6.27144        0.774122        
0.167597        -0.974064        6.21711        1.1684        
0.229433        -0.960416        6.13765        1.55927        
0.29035        -0.942879        6.03324        1.94507        
0.350098        -0.921514        5.90415        2.32415        
0.408433        -0.896396        5.7508        2.6949        
0.465114        -0.867616        5.57369        3.05569        
0.519907        -0.835282        5.37346        3.40493        
0.572583        -0.799518        5.15086        3.74109        
0.622924        -0.76046        4.90674        4.06267        
0.670718        -0.718264        4.64207        4.36821        
0.715765        -0.673096        4.35792        4.65636        
0.757876        -0.625137        4.05546        4.9258        
0.796874        -0.57458        3.73595        5.17532        
0.832595        -0.521631        3.40074        5.40379        
0.864889        -0.466504        3.05128        5.61018        
0.893621        -0.409427        2.68907        5.79356        
0.918671        -0.350633        2.31567        5.95311        
0.939934        -0.290365        1.93272        6.08813        
0.957325        -0.228871        1.54189        6.19804        
0.970772        -0.166404        1.14488        6.28238        
0.980223        -0.103223        0.743447        6.34081        
0.985641        -0.039588        0.33933        6.37312        
0.987009        0.0242392        -0.0657087        6.37922        
0.984327        0.0879964        -0.469913        6.35916        
0.977611        0.151423        -0.87154        6.31311        
0.966896        0.214259        -1.26887        6.24135        
0.952234        0.27625        -1.66022        6.1443        
0.933692        0.337145        -2.04394        6.02247        
0.911355        0.396699        -2.41845        5.8765        
0.885323        0.454675        -2.78219        5.70714        
0.855711        0.510842        -3.1337        5.51521        
0.822649        0.564979        -3.47159        5.30165        
0.786279        0.616875        -3.79451        5.06748        
0.746758        0.666328        -4.10124        4.81379        
0.704254        0.713151        -4.39061        4.54176        
0.658946        0.757164        -4.66157        4.25262        
0.611023        0.798203        -4.91314        3.94765        
0.560683        0.836117        -5.14444        3.62819        
0.508134        0.870767        -5.3547        3.29564        
0.453589        0.902029        -5.54323        2.95139        
0.39727        0.929795        -5.70945        2.5969        
0.3394        0.953967        -5.85287        2.23362        
0.280212        0.974467        -5.97311        1.86303        
0.219938        0.991228        -6.06986        1.48662        
0.158815        1.0042        -6.14294        1.10586        
0.0970794        1.01335        -6.19223        0.722232        
0.0349701        1.01864        -6.21772        0.337205        
-0.0272751        1.02009        -6.21948        -0.0477693        
-0.0894195        1.01769        -6.19766        -0.431261        
-0.151228        1.01146        -6.15251        -0.811864        
-0.21247        1.00145        -6.08432        -1.1882        
-0.272915        0.9877        -5.99351        -1.55892        
-0.33234        0.970273        -5.88053        -1.92272        
-0.390526        0.949246        -5.74592        -2.27833        
-0.447258        0.924706        -5.59027        -2.62452        
-0.502331        0.896755        -5.41424        -2.9601        
-0.555543        0.865504        -5.21857        -3.28393        
-0.606702        0.831077        -5.00401        -3.59493        
-0.655623        0.793606        -4.77141        -3.89205        
-0.70213        0.753236        -4.52165        -4.1743        
-0.746056        0.71012        -4.25565        -4.44075        
-0.787243        0.664421        -3.97438        -4.69053        
-0.825544        0.616309        -3.67886        -4.92279        
-0.860821        0.565965        -3.37014        -5.13679        
-0.892947        0.513574        -3.04931        -5.33181        
-0.921807        0.459329        -2.71749        -5.5072        
-0.947297        0.40343        -2.37583        -5.66237        
-0.969323        0.346081        -2.02551        -5.7968        
-0.987807        0.287494        -1.66774        -5.91003        
-1.00268        0.227881        -1.30375        -6.00164        
-1.01388        0.167461        -0.934784        -6.07131        
-1.02137        0.106454        -0.562112        -6.11877        
-1.02512        0.0450852        -0.187018        -6.14382        
-1.02511        -0.0164219        0.189204        -6.14631        
-1.02134        -0.0778409        0.565247        -6.12618        
-1.01381        -0.138945        0.939799        -6.08343        
-1.00254        -0.19951        1.31154        -6.01814        
-0.987579        -0.259308        1.67916        -5.93044        
-0.968961        -0.318118        2.04134        -5.82056        
-0.946752        -0.375719        2.39677        -5.68879        
-0.921025        -0.431894        2.74415        -5.53548        
-0.891869        -0.486429        3.08219        -5.36108        
-0.859381        -0.539116        3.40963        -5.16609        
-0.823676        -0.589751        3.72521        -4.95112        
-0.784877        -0.638138        4.02771        -4.71681        
-0.743122        -0.684087        4.31593        -4.46391        
-0.698559        -0.727416        4.58872        -4.19324        
-0.651348        -0.767952        4.84496        -3.90567        
-0.601659        -0.80553        5.08357        -3.60218        
-0.549676        -0.839996        5.30353        -3.2838        
-0.495589        -0.871206        5.50386        -2.95163        
-0.439599        -0.899028        5.68365        -2.60684        
-0.381916        -0.923343        5.84206        -2.25068        
-0.322758        -0.944042        5.97832        -1.88444        
-0.262349        -0.961031        6.09172        -1.50948        
-0.200923        -0.974231        6.18165        -1.12723        
-0.138717        -0.983576        6.24758        -0.739146        
-0.0759717        -0.989014        6.28906        -0.346739        
-0.0129353        -0.990511        6.30577        0.0484355        
0.0501436        -0.988046        6.29744        0.444793        
0.113014        -0.981615        6.26396        0.840721        
0.175423        -0.971231        6.20527        1.23459        
0.237119        -0.956923        6.12148        1.62475        
0.297852        -0.938736        6.01276        2.00955        
0.357374        -0.916732        5.87943        2.38735        
0.415441        -0.890989        5.7219        2.75653        
0.471812        -0.861602        5.54072        3.11546        
0.526255        -0.82868        5.33654        3.46257        
0.578543        -0.79235        5.11012        3.79632        
0.628458        -0.752754        4.86235        4.11523        
0.67579        -0.710046        4.5942        4.41786        
0.720342        -0.664396        4.30678        4.70285        
0.761926        -0.615989        4.00125        4.96892        
0.800367        -0.565018        3.67892        5.21486        
0.835504        -0.511692        3.34114        5.43955        
0.867189        -0.456227        2.98936        5.64199        
0.895291        -0.398852        2.6251        5.82128        
0.919691        -0.339801        2.24995        5.9766        
0.94029        -0.27932        1.86553        6.10729        
0.957002        -0.217656        1.47354        6.21278        
0.969761        -0.155064        1.07568        6.29263        
0.978516        -0.091803        0.673704        6.34653        
0.983235        -0.0281334        0.269354        6.3743        
0.983903        0.0356829        -0.135607        6.37586        
0.980523        0.0993839        -0.539424        6.35129        
0.973114        0.162709        -0.940361        6.30078        
0.961715        0.225399        -1.3367        6.22463        
0.94638        0.287201        -1.72678        6.12327        
0.92718        0.347865        -2.10894        5.99725        
0.904202        0.407146        -2.48161        5.84723        
0.877548        0.464809        -2.84327        5.67395        
0.847336        0.520625        -3.19245        5.47827        
0.813699        0.574375        -3.52777        5.26114        
0.776781        0.625848        -3.84792        5.02359        
0.73674        0.674847        -4.15168        4.76674        
0.693747        0.721183        -4.4379        4.49175        
0.647982        0.764682        -4.70554        4.19987        
0.599636        0.80518        -4.95364        3.89241        
0.54891        0.84253        -5.18135        3.5707        
0.49601        0.876594        -5.38789        3.23613        
0.441152        0.907252        -5.57262        2.89012        
0.384557        0.934397        -5.73496        2.53412        
0.326452        0.957935        -5.87443        2.16958        
0.267068        0.977788        -5.99068        1.79799        
0.206639        0.993894        -6.08342        1.42083        
0.1454        1.0062        -6.15246        1.03957        
0.0835896        1.01469        -6.19773        0.655691        
0.0214455        1.01932        -6.2192        0.270658        
-0.0407945        1.0201        -6.21698        -0.114084        
-0.102894        1.01704        -6.19122        -0.497107        
-0.164619        1.01016        -6.14219        -0.877012        
-0.225738        0.999497        -6.0702        -1.25243        
-0.286023        0.985108        -5.97565        -1.62201        
-0.345251        0.967057        -5.85903        -1.98446        
-0.403204        0.945419        -5.72088        -2.33852        
-0.459669        0.920286        -5.56181        -2.68297        
-0.51444        0.89176        -5.38248        -3.01661        
-0.567318        0.859954        -5.18362        -3.33834        
-0.618112        0.824993        -4.96603        -3.64706        
-0.666639        0.787013        -4.73054        -3.94173        
-0.712723        0.746158        -4.47803        -4.2214        
-0.756199        0.702585        -4.20944        -4.48511        
-0.796912        0.656456        -3.92576        -4.73201        
-0.834714        0.607945        -3.62799        -4.96128        
-0.869471        0.55723        -3.31719        -5.17217        
-0.901058        0.504501        -2.99447        -5.36396        
-0.929361        0.449951        -2.66094        -5.53603        
-0.954277        0.393781        -2.31776        -5.68779        
-0.975716        0.336195        -1.96612        -5.81873        
-0.993599        0.277406        -1.60722        -5.9284        
-1.00786        0.217627        -1.24231        -6.01639        
-1.01845        0.157078        -0.872618        -6.0824        
-1.02531        0.0959795        -0.499432        -6.12615        
-1.02843        0.0345552        -0.124032        -6.14745        
-1.02779        -0.0269695        0.252283        -6.14618        
-1.02339        -0.0883685        0.628207        -6.12229        
-1.01523        -0.149415        1.00243        -6.07578        
-1.00334        -0.209884        1.37362        -6.00673        
-0.987757        -0.26955        1.74048        -5.91531        
-0.96853        -0.32819        2.10168        -5.80174        
-0.945723        -0.385585        2.45592        -5.66633        
-0.919412        -0.441517        2.80189        -5.50944        
-0.889686        -0.495774        3.13832        -5.33153        
-0.856646        -0.548147        3.46392        -5.13312        
-0.820407        -0.598436        3.77747        -4.91482        
-0.781096        -0.646444        4.07773        -4.6773        
-0.738852        -0.691982        4.36352        -4.42131        
-0.693826        -0.73487        4.63368        -4.14768        
-0.646179        -0.774936        4.8871        -3.85731        
-0.596084        -0.812016        5.12271        -3.55118        
-0.543724        -0.845959        5.3395        -3.23032        
-0.489294        -0.876623        5.53649        -2.89586        
-0.432995        -0.903877        5.71279        -2.54899        
-0.375038        -0.927603        5.86756        -2.19094        
-0.315644        -0.947695        6.00004        -1.82304        
-0.255037        -0.964063        6.10955        -1.44666        
-0.193453        -0.976629        6.19548        -1.06322        
-0.131128        -0.985328        6.25731        -0.674194        
-0.0683065        -0.990112        6.29463        -0.281109        
-0.00523538        -0.99095        6.3071        0.114477        
0.0578355        -0.987823        6.2945        0.510973        
0.120655        -0.98073        6.25671        0.90676        
0.18297        -0.969688        6.19373        1.3002        
0.244529        -0.954726        6.10564        1.68965        
0.305083        -0.935895        5.99266        2.07345        
0.364382        -0.913257        5.85512        2.44997        
0.422185        -0.886895        5.69346        2.81757        
0.478252        -0.856906        5.50825        3.17465        
0.53235        -0.823402        5.30015        3.51963        
0.584255        -0.786513        5.06995        3.85098        
0.633749        -0.746383        4.81855        4.16723        
0.680626        -0.703169        4.54696        4.46694        
0.724688        -0.657044        4.25628        4.74878        
0.765751        -0.608193        3.94772        5.01147        
0.803642        -0.556814        3.62258        5.25383        
0.838203        -0.503117        3.28224        5.47474        
0.869287        -0.44732        2.92817        5.67324        
0.896766        -0.389652        2.56189        5.84842        
0.920525        -0.330351        2.185        5.99951        
0.940466        -0.269662        1.79915        6.12585        
0.956508        -0.207834        1.40603        6.2269        
0.968587        -0.145124        1.00734        6.30225        
0.976655        -0.0817892        0.604848        6.35161        
0.980684        -0.0180915        0.200298        6.37482        
0.980661        0.0457071        -0.204548        6.37183        
0.976593        0.109345        -0.607941        6.34273        
0.968502        0.172562        -1.00815        6.28774        
0.95643        0.2351        -1.40346        6.20719        
0.940433        0.296706        -1.79221        6.10153        
0.920586        0.357131        -2.17276        5.97133        
0.896978        0.416132        -2.54356        5.81725        
0.869714        0.473475        -2.90308        5.64006        
0.838916        0.528933        -3.24988        5.44066        
0.804717        0.582289        -3.58259        5.21998        
0.767264        0.633333        -3.89991        4.97909        
0.726719        0.68187        -4.20065        4.71909        
0.683251        0.727715        -4.48366        4.44119        
0.637045        0.770694        -4.74794        4.14663        
0.588293        0.810648        -4.99253        3.83673        
0.537195        0.847429        -5.2166        3.51282        
0.483961        0.880904        -5.4194        3.1763        
0.428807        0.910955        -5.60029        2.8286        
0.371955        0.937476        -5.75872        2.47116        
0.313632        0.960378        -5.89423        2.10545        
0.25407        0.979585        -6.00648        1.73293        
0.193503        0.995036        -6.09519        1.35509        
0.132166        1.00669        -6.16021        0.973413        
0.0702988        1.0145        -6.20145        0.589363        
0.00813754        1.01847        -6.21893        0.204401        
-0.0540798        1.01859        -6.21275        -0.18003        
-0.116117        1.01487        -6.18308        -0.562511        
-0.177741        1.00734        -6.1302        -0.941647        
-0.238721        0.99604        -6.05444        -1.31607        
-0.29883        0.981021        -5.95621        -1.68446        
-0.357846        0.962351        -5.83601        -2.04551        
-0.41555        0.940111        -5.69437        -2.39796        
-0.471733        0.914392        -5.53193        -2.74061        
-0.526189        0.885299        -5.34936        -3.07229        
-0.57872        0.852946        -5.1474        -3.39187        
-0.629137        0.817461        -4.92683        -3.69828        
-0.677257        0.778981        -4.68852        -3.9905        
-0.722907        0.737651        -4.43334        -4.26755        
-0.765924        0.693629        -4.16224        -4.52853        
-0.806152        0.647081        -3.8762        -4.77255        
-0.843448        0.598178        -3.57625        -4.99883        
-0.877677        0.547104        -3.26345        -5.20661        
-0.908717        0.494046        -2.9389        -5.3952        
-0.936455        0.4392        -2.60372        -5.56396        
-0.960791        0.382767        -2.25908        -5.71234        
-0.981636        0.324953        -1.90617        -5.83983        
-0.998914        0.26597        -1.5462        -5.94596        
-1.01256        0.206034        -1.1804        -6.03038        
-1.02252        0.145363        -0.810035        -6.09275        
-1.02876        0.0841789        -0.436373        -6.13284        
-1.03125        0.022706        -0.0607021        -6.15045        
-1.02998        -0.0388301        0.315677        -6.14547        
-1.02494        -0.100203        0.691455        -6.11785        
-1.01615        -0.161187        1.06532        -6.06762        
-1.00363        -0.221556        1.43595        -5.99488        
-0.987427        -0.281085        1.80202        -5.89978        
-0.96759        -0.339551        2.16223        -5.78257        
-0.944183        -0.396736        2.51525        -5.64355        
-0.917285        -0.452422        2.85981        -5.48313        
-0.886987        -0.506399        3.1946        -5.30175        
-0.853393        -0.558458        3.51836        -5.09996        
-0.816619        -0.608398        3.82986        -4.87837        
-0.776795        -0.656025        4.12786        -4.63767        
-0.734062        -0.701151        4.4112        -4.37863        
-0.688571        -0.743598        4.67871        -4.10207        
-0.640488        -0.783193        4.9293        -3.80892        
-0.589986        -0.819776        5.16189        -3.50017        
-0.53725        -0.853196        5.37548        -3.17686        
-0.482476        -0.883313        5.56912        -2.84014        
-0.425868        -0.909999        5.74191        -2.49121        
-0.367638        -0.933137        5.89302        -2.13131        
-0.308007        -0.952625        6.02172        -1.76178        
-0.247203        -0.968373        6.12732        -1.384        
-0.185461        -0.980305        6.20924        -0.999403        
-0.123018        -0.988361        6.26698        -0.609478        
-0.0601211        -0.992495        6.30012        -0.215754        
0.00298392        -0.992676        6.30836        0.180204        
0.0660462        -0.988891        6.2915        0.576795        
0.128814        -0.98114        6.24942        0.972398        
0.191035        -0.969443        6.18214        1.36537        
0.252457        -0.953833        6.08978        1.75406        
0.31283        -0.934361        5.97258        2.13683        
0.371908        -0.911096        5.83087        2.51202        
0.429448        -0.884121        5.66512        2.87801        
0.485211        -0.853536        5.47591        3.23319        
0.538966        -0.819457        5.26395        3.57601        
0.59049        -0.782016        5.03002        3.90493        
0.639566        -0.741359        4.77506        4.21849        
0.685991        -0.697646        4.50009        4.51527        
0.729568        -0.651053        4.20623        4.79395        
0.770115        -0.601767        3.89471        5.05325        
0.807462        -0.549988        3.56684        5.29202        
0.841452        -0.495927        3.22403        5.50916        
0.871943        -0.439805        2.86774        5.70372        
0.898807        -0.381852        2.49952        5.87481        
0.921933        -0.322309        2.12098        6.02169        
0.941227        -0.261419        1.73377        6.14371        
0.956609        -0.199434        1.33958        6.24037        
0.968018        -0.136611        0.940146        6.31126        
0.975412        -0.073209        0.537207        6.35613        
0.978762        -0.00948868        0.132522        6.37482        
0.978062        0.0542875        -0.272152        6.36734        
0.973319        0.117858        -0.675066        6.33377        
0.964561        0.180963        -1.07449        6.27437        
0.95183        0.243346        -1.46873        6.18949        
0.935186        0.304753        -1.85611        6.07959        
0.914707        0.364937        -2.23504        5.94527        
0.890485        0.423658        -2.60393        5.7872        
0.862629        0.480681        -2.96129        5.60619        
0.83126        0.535782        -3.3057        5.40312        
0.796515        0.588744        -3.63579        5.17896        
0.758544        0.639361        -3.95029        4.93479        
0.717509        0.68744        -4.24801        4.67172        
0.673584        0.732796        -4.52783        4.39097        
0.626952        0.775259        -4.78875        4.09379        
0.577809        0.814671        -5.02986        3.78149        
0.526355        0.850889        -5.25032        3.45543        
0.472802        0.88378        -5.4494        3.11702        
0.417367        0.913229        -5.62649        2.76766        
0.360272        0.939133        -5.78105        2.40882        
0.301746        0.961405        -5.91264        2.04195        
0.24202        0.979972        -6.02092        1.66854        
0.181328        0.994776        -6.10566        1.29006        
0.119906        1.00577        -6.16669        0.907978        
0.0579938        1.01294        -6.20395        0.523772        
-0.00417259        1.01625        -6.21748        0.138894        
-0.0663557        1.01571        -6.20737        -0.245218        
-0.12832        1.01134        -6.17384        -0.627151        
-0.189833        1.00317        -6.11715        -1.00552        
-0.250663        0.991234        -6.03765        -1.37895        
-0.310586        0.975591        -5.93577        -1.74614        
-0.369379        0.956311        -5.81201        -2.10579        
-0.426826        0.933476        -5.66692        -2.45665        
-0.482717        0.907178        -5.50113        -2.79752        
-0.536848        0.877525        -5.31534        -3.12723        
-0.589024        0.844634        -5.11028        -3.44468        
-0.639054        0.808632        -4.88676        -3.74879        
-0.686759        0.769658        -4.64562        -4.03856        
-0.731966        0.727861        -4.38777        -4.31301        
-0.774514        0.683398        -4.11416        -4.57124        
-0.81425        0.636436        -3.82577        -4.8124        
-0.85103        0.58715        -3.52363        -5.03568        
-0.884722        0.535722        -3.20882        -5.24035        
-0.915206        0.482343        -2.88243        -5.42573        
-0.942371        0.427207        -2.5456        -5.59119        
-0.966118        0.370519        -2.19949        -5.73618        
-0.986361        0.312484        -1.8453        -5.86018        
-1.00302        0.253315        -1.48425        -5.96278        
-1.01605        0.193228        -1.11756        -6.04359        
-1.02538        0.132443        -0.746512        -6.10231        
-1.03098        0.0711823        -0.372369        -6.1387        
-1.03282        0.00966944        0.00357388        -6.15258        
-1.0309        -0.0518693        0.380015        -6.14385        
-1.02522        -0.113208        0.755644        -6.11248        
-1.01579        -0.174119        1.12914        -6.05849        
-1.00264        -0.234377        1.49919        -5.982        
-0.985808        -0.293759        1.86446        -5.88317        
-0.96535        -0.352041        2.22365        -5.76228        
-0.941335        -0.409004        2.57545        -5.61962        
-0.913841        -0.464433        2.91855        -5.45562        
-0.882964        -0.518117        3.25167        -5.27073        
-0.848808        -0.569848        3.57355        -5.06552        
-0.811493        -0.619427        3.88295        -4.8406        
-0.771149        -0.66666        4.17866        -4.59669        
-0.727919        -0.711361        4.45949        -4.33455        
-0.681959        -0.753351        4.7243        -4.05504        
-0.633434        -0.792462        4.97198        -3.7591        
-0.582519        -0.828533        5.20149        -3.44771        
-0.529404        -0.861416        5.41182        -3.12196        
-0.474283        -0.890972        5.60203        -2.78298        
-0.417363        -0.917075        5.77124        -2.43198        
-0.358858        -0.939612        5.91862        -2.07025        
-0.298991        -0.95848        6.04346        -1.69911        
-0.237989        -0.973594        6.14508        -1.31996        
-0.176089        -0.98488        6.22291        -0.934252        
-0.113531        -0.992279        6.27647        -0.543471        
-0.0505596        -0.995749        6.30537        -0.149158        
0.0125764        -0.995262        6.30931        0.247112        
0.0756266        -0.990807        6.28811        0.643735        
0.138339        -0.982387        6.24169        1.03908        
0.20046        -0.970025        6.17007        1.43151        
0.26174        -0.953757        6.07339        1.81937        
0.321928        -0.933638        5.95191        2.20101        
0.380778        -0.909737        5.806        2.57478        
0.438048        -0.882142        5.63614        2.93907        
0.493501        -0.850956        5.44293        3.29228        
0.546907        -0.816297        5.22709        3.63284        
0.598043        -0.778299        4.98945        3.95924        
0.646696        -0.737112        4.73094        4.27003        
0.692662        -0.692898        4.45261        4.5638        
0.735748        -0.645836        4.1556        4.83924        
0.775774        -0.596114        3.84116        5.09509        
0.812571        -0.543934        3.51061        5.3302        
0.845986        -0.48951        3.16536        5.54352        
0.875878        -0.433063        2.80692        5.73409        
0.902124        -0.374828        2.43682        5.90106        
0.924615        -0.315042        2.05669        6.04369        
0.943258        -0.253954        1.66818        6.16138        
0.957979        -0.191815        1.273        6.25362        
0.968718        -0.128881        0.87288        6.32005        
0.975436        -0.0654137        0.469562        6.36043        
0.978109        -0.00167292        0.0648053        6.37462        
0.976732        0.0620788        -0.339633        6.36265        
0.971317        0.12558        -0.742009        6.32465        
0.961892        0.188572        -1.1406        6.26087        
0.948505        0.250797        -1.53371        6.17168        
0.931218        0.312005        -1.91969        6.05758        
0.910111        0.371949        -2.29693        5.91917        
0.885279        0.430389        -2.66388        5.75715        
0.856833        0.487092        -3.01906        5.57235        
0.824898        0.541836        -3.36104        5.36566        
0.789612        0.594405        -3.68849        5.13807        
0.751128        0.644597        -4.00014        4.89065        
0.70961        0.692218        -4.29481        4.62456        
0.665232        0.737088        -4.57142        4.34099        
0.618181        0.779038        -4.82898        4.04123        
0.568653        0.817913        -5.06657        3.72658        
0.51685        0.85357        -5.2834        3.39842        
0.462985        0.885881        -5.47875        3.05814        
0.407275        0.914733        -5.65201        2.70717        
0.349944        0.940025        -5.80267        2.34697        
0.291222        0.961672        -5.93031        1.979        
0.231338        0.979605        -6.03461        1.60473        
0.170529        0.993767        -6.11533        1.22563        
0.109032        1.00412        -6.17234        0.843193        
0.0470826        1.01063        -6.2056        0.458871        
-0.0150804        1.01329        -6.21515        0.0741184        
-0.0772204        1.01211        -6.2011        -0.309633        
-0.139102        1.0071        -6.16368        -0.690974        
-0.200494        0.998293        -6.10316        -1.06852        
-0.261166        0.985732        -6.01991        -1.44092        
-0.320892        0.969475        -5.91436        -1.80686        
-0.379453        0.949594        -5.78703        -2.16506        
-0.436633        0.926174        -5.63848        -2.51427        
-0.492222        0.899309        -5.46935        -2.8533        
-0.54602        0.869108        -5.28033        -3.181        
-0.597829        0.835689        -5.07218        -3.49625        
-0.647463        0.799183        -4.84572        -3.79801        
-0.694743        0.759729        -4.60178        -4.08526        
-0.739499        0.717477        -4.34129        -4.35705        
-0.781569        0.672588        -4.0652        -4.61249        
-0.820803        0.625228        -3.77449        -4.85073        
-0.857059        0.575573        -3.47021        -5.07097        
-0.890207        0.523808        -3.15343        -5.27248        
-0.920128        0.470124        -2.82526        -5.45461        
-0.946712        0.414716        -2.48683        -5.61672        
-0.969864        0.357789        -2.13932        -5.75827        
-0.989499        0.299551        -1.78391        -5.87878        
-1.00554        0.240214        -1.42184        -5.9778        
-1.01794        0.179995        -1.05434        -6.05499        
-1.02663        0.119114        -0.682675        -6.11004        
-1.03159        0.0577938        -0.308124        -6.14273        
-1.03279        -0.00374082        0.0680184        -6.15289        
-1.03023        -0.065264        0.444449        -6.14042        
-1.0239        -0.126549        0.819855        -6.1053        
-1.01383        -0.18737        1.19292        -6.04758        
-1.00004        -0.247501        1.56231        -5.96736        
-0.982585        -0.306717        1.92673        -5.86485        
-0.96151        -0.364798        2.28484        -5.7403        
-0.936888        -0.421523        2.63534        -5.59405        
-0.908803        -0.476679        2.97693        -5.42651        
-0.87735        -0.530053        3.30834        -5.23816        
-0.842636        -0.581442        3.62829        -5.02958        
-0.804784        -0.630645        3.93556        -4.80139        
-0.763925        -0.67747        4.22893        -4.55432        
-0.720205        -0.721731        4.50723        -4.28915        
-0.673781        -0.763253        4.76931        -4.00676        
-0.624819        -0.801866        5.01408        -3.70807        
-0.573499        -0.837414        5.24049        -3.39411        
-0.520009        -0.869749        5.44756        -3.06596        
-0.464548        -0.898734        5.63434        -2.72478        
-0.407322        -0.924244        5.79997        -2.37178        
-0.348549        -0.946169        5.94364        -2.00826        
-0.28845        -0.96441        6.06462        -1.63556        
-0.227256        -0.97888        6.16228        -1.25509        
-0.165204        -0.989511        6.23605        -0.8683        
-0.102535        -0.996246        6.28547        -0.476699        
-0.0394948        -0.999045        6.31015        -0.0818313        
0.0236679        -0.997883        6.30982        0.314721        
0.0867017        -0.992751        6.28432        0.711347        
0.149354        -0.983656        6.23358        1.10641        
0.211373        -0.970623        6.15765        1.49828        
0.272507        -0.953691        6.05668        1.88528        
0.332507        -0.932917        5.93096        2.26578        
0.391127        -0.908375        5.78087        2.63812        
0.448124        -0.880155        5.60692        3.0007        
0.503265        -0.848361        5.40973        3.35191        
0.556319        -0.813116        5.19004        3.69021        
0.607066        -0.774557        4.94869        4.01408        
0.655293        -0.732835        4.68665        4.32209        
0.700799        -0.688115        4.40497        4.61284        
0.743392        -0.640578        4.10482        4.88502        
0.782895        -0.590415        3.78746        5.1374        
0.819141        -0.53783        3.45423        5.36885        
0.85198        -0.483038        3.10657        5.57833        
0.881273        -0.426263        2.74597        5.7649        
0.906899        -0.36774        2.374        5.92772        
0.928753        -0.307709        1.99228        6.0661        
0.946745        -0.246418        1.60249        6.17943        
0.960803        -0.18412        1.20632        6.26724        
0.970871        -0.121073        0.80552        6.32919        
0.976913        -0.0575365        0.401832        6.36505        
0.978908        0.00622799        -0.00298284        6.37474        
0.976853        0.0699583        -0.407172        6.35827        
0.970764        0.133393        -0.808994        6.31581        
