Velocity-Verlet algorithm (2D)
jupiter (x, y, vx, vy)
Timestep: 6 years

-4.54463        -2.98089        1.47933        -2.17373        
-4.52984        -3.00262        1.48489        -2.17004        
-4.51493        -3.02429        1.49599        -2.16264        
-4.49992        -3.04588        1.50706        -2.15518        
-4.48479        -3.06739        1.51809        -2.14767        
-4.46956        -3.08883        1.52908        -2.1401        
-4.45421        -3.11019        1.54004        -2.13247        
-4.43876        -3.13148        1.55097        -2.1248        
-4.42319        -3.15269        1.56186        -2.11707        
-4.40752        -3.17382        1.57271        -2.10928        
-4.39174        -3.19488        1.58353        -2.10144        
-4.37585        -3.21585        1.59431        -2.09355        
-4.35985        -3.23675        1.60505        -2.08561        
-4.34375        -3.25756        1.61576        -2.07761        
-4.32754        -3.2783        1.62643        -2.06956        
-4.31122        -3.29895        1.63706        -2.06145        
-4.29479        -3.31953        1.64766        -2.05329        
-4.27826        -3.34002        1.65822        -2.04508        
-4.26163        -3.36043        1.66874        -2.03682        
-4.24489        -3.38076        1.67922        -2.0285        
-4.22805        -3.401        1.68966        -2.02014        
-4.2111        -3.42116        1.70006        -2.01172        
-4.19404        -3.44123        1.71043        -2.00325        
-4.17689        -3.46122        1.72075        -1.99472        
-4.15963        -3.48113        1.73104        -1.98615        
-4.14227        -3.50095        1.74128        -1.97752        
-4.1248        -3.52068        1.75149        -1.96884        
-4.10724        -3.54032        1.76165        -1.96011        
-4.08957        -3.55988        1.77178        -1.95133        
-4.0718        -3.57935        1.78186        -1.9425        
-4.05393        -3.59873        1.79191        -1.93362        
-4.03596        -3.61802        1.80191        -1.92469        
-4.0179        -3.63722        1.81187        -1.91571        
-3.99973        -3.65634        1.82179        -1.90668        
-3.98146        -3.67536        1.83166        -1.89759        
-3.96309        -3.69429        1.8415        -1.88846        
-3.94463        -3.71313        1.85129        -1.87928        
-3.92607        -3.73187        1.86104        -1.87005        
-3.90741        -3.75053        1.87074        -1.86076        
-3.88865        -3.76909        1.88041        -1.85143        
-3.8698        -3.78756        1.89002        -1.84206        
-3.85085        -3.80593        1.8996        -1.83263        
-3.83181        -3.82421        1.90913        -1.82315        
-3.81267        -3.84239        1.91862        -1.81362        
-3.79344        -3.86048        1.92806        -1.80405        
-3.77411        -3.87847        1.93746        -1.79443        
-3.75469        -3.89637        1.94682        -1.78476        
-3.73517        -3.91417        1.95612        -1.77504        
-3.71556        -3.93187        1.96539        -1.76527        
-3.69586        -3.94948        1.97461        -1.75546        
-3.67607        -3.96698        1.98378        -1.7456        
-3.65619        -3.98439        1.9929        -1.73569        
-3.63621        -4.00169        2.00198        -1.72574        
-3.61615        -4.0189        2.01102        -1.71574        
-3.59599        -4.03601        2.02        -1.70569        
-3.57575        -4.05302        2.02894        -1.6956        
-3.55542        -4.06992        2.03783        -1.68546        
-3.53499        -4.08672        2.04668        -1.67527        
-3.51448        -4.10343        2.05548        -1.66504        
-3.49388        -4.12003        2.06423        -1.65476        
-3.4732        -4.13652        2.07293        -1.64444        
-3.45242        -4.15291        2.08158        -1.63407        
-3.43157        -4.1692        2.09019        -1.62365        
-3.41062        -4.18539        2.09874        -1.6132        
-3.38959        -4.20147        2.10725        -1.60269        
-3.36848        -4.21744        2.1157        -1.59215        
-3.34728        -4.23331        2.12411        -1.58155        
-3.32599        -4.24907        2.13247        -1.57092        
-3.30463        -4.26473        2.14078        -1.56024        
-3.28318        -4.28028        2.14904        -1.54952        
-3.26165        -4.29572        2.15724        -1.53875        
-3.24003        -4.31105        2.1654        -1.52794        
-3.21834        -4.32628        2.17351        -1.51709        
-3.19656        -4.34139        2.18156        -1.50619        
-3.17471        -4.3564        2.18957        -1.49525        
-3.15277        -4.3713        2.19752        -1.48427        
-3.13076        -4.38609        2.20542        -1.47325        
-3.10866        -4.40076        2.21327        -1.46218        
-3.08649        -4.41533        2.22106        -1.45107        
-3.06424        -4.42979        2.22881        -1.43992        
-3.04192        -4.44413        2.2365        -1.42873        
-3.01951        -4.45836        2.24414        -1.4175        
-2.99703        -4.47248        2.25172        -1.40623        
-2.97448        -4.48648        2.25925        -1.39492        
-2.95185        -4.50038        2.26673        -1.38356        
-2.92914        -4.51416        2.27416        -1.37217        
-2.90636        -4.52782        2.28153        -1.36073        
-2.88351        -4.54137        2.28884        -1.34926        
-2.86059        -4.55481        2.29611        -1.33775        
-2.83759        -4.56813        2.30331        -1.32619        
-2.81452        -4.58133        2.31047        -1.3146        
-2.79138        -4.59442        2.31756        -1.30297        
-2.76817        -4.60739        2.32461        -1.2913        
-2.74489        -4.62024        2.33159        -1.27959        
-2.72154        -4.63298        2.33852        -1.26784        
-2.69812        -4.6456        2.3454        -1.25606        
-2.67463        -4.6581        2.35222        -1.24424        
-2.65107        -4.67049        2.35898        -1.23238        
-2.62745        -4.68275        2.36569        -1.22048        
-2.60376        -4.69489        2.37234        -1.20854        
-2.58        -4.70692        2.37893        -1.19657        
-2.55618        -4.71883        2.38547        -1.18456        
-2.53229        -4.73061        2.39194        -1.17252        
-2.50834        -4.74228        2.39836        -1.16044        
-2.48433        -4.75382        2.40473        -1.14832        
-2.46025        -4.76524        2.41103        -1.13617        
-2.43611        -4.77654        2.41728        -1.12398        
-2.4119        -4.78772        2.42347        -1.11175        
-2.38764        -4.79878        2.4296        -1.0995        
-2.36331        -4.80971        2.43567        -1.0872        
-2.33892        -4.82052        2.44168        -1.07487        
-2.31448        -4.83121        2.44763        -1.06251        
-2.28997        -4.84177        2.45352        -1.05012        
-2.26541        -4.85221        2.45936        -1.03769        
-2.24078        -4.86253        2.46513        -1.02522        
-2.2161        -4.87272        2.47084        -1.01273        
-2.19137        -4.88278        2.4765        -1.0002        
-2.16657        -4.89272        2.48209        -0.987635        
-2.14173        -4.90253        2.48762        -0.975041        
-2.11682        -4.91222        2.49309        -0.962414        
-2.09186        -4.92178        2.4985        -0.949755        
-2.06685        -4.93122        2.50385        -0.937065        
-2.04179        -4.94052        2.50914        -0.924343        
-2.01667        -4.9497        2.51436        -0.91159        
-1.9915        -4.95876        2.51953        -0.898806        
-1.96628        -4.96768        2.52463        -0.885992        
-1.94101        -4.97648        2.52967        -0.873147        
-1.91569        -4.98514        2.53464        -0.860272        
-1.89031        -4.99368        2.53956        -0.847368        
-1.86489        -5.00209        2.54441        -0.834434        
-1.83943        -5.01037        2.5492        -0.82147        
-1.81391        -5.01852        2.55392        -0.808478        
-1.78835        -5.02654        2.55859        -0.795457        
-1.76274        -5.03443        2.56318        -0.782407        
-1.73708        -5.04219        2.56772        -0.769329        
-1.71138        -5.04981        2.57219        -0.756224        
-1.68564        -5.05731        2.5766        -0.743091        
-1.65985        -5.06468        2.58094        -0.72993        
-1.63402        -5.07191        2.58522        -0.716743        
-1.60815        -5.07901        2.58943        -0.703528        
-1.58223        -5.08598        2.59358        -0.690288        
-1.55628        -5.09282        2.59766        -0.677021        
-1.53028        -5.09952        2.60168        -0.663728        
-1.50424        -5.10609        2.60563        -0.65041        
-1.47817        -5.11253        2.60952        -0.637066        
-1.45205        -5.11883        2.61334        -0.623698        
-1.4259        -5.125        2.6171        -0.610304        
-1.39971        -5.13104        2.62079        -0.596886        
-1.37348        -5.13694        2.62441        -0.583445        
-1.34722        -5.14271        2.62797        -0.569979        
-1.32092        -5.14834        2.63146        -0.55649        
-1.29459        -5.15384        2.63488        -0.542977        
-1.26823        -5.1592        2.63824        -0.529442        
-1.24183        -5.16443        2.64153        -0.515884        
-1.2154        -5.16952        2.64475        -0.502304        
-1.18893        -5.17447        2.64791        -0.488701        
-1.16244        -5.17929        2.65099        -0.475077        
-1.13591        -5.18397        2.65401        -0.461432        
-1.10936        -5.18852        2.65696        -0.447765        
-1.08277        -5.19293        2.65985        -0.434078        
-1.05616        -5.1972        2.66266        -0.42037        
-1.02952        -5.20134        2.66541        -0.406643        
-1.00285        -5.20533        2.66809        -0.392895        
-0.976159        -5.20919        2.6707        -0.379128        
-0.949439        -5.21292        2.67324        -0.365341        
-0.922694        -5.2165        2.67571        -0.351536        
-0.895925        -5.21995        2.67811        -0.337712        
-0.869132        -5.22326        2.68044        -0.32387        
-0.842316        -5.22643        2.68271        -0.31001        
-0.815477        -5.22946        2.6849        -0.296133        
-0.788618        -5.23235        2.68702        -0.282238        
-0.761737        -5.2351        2.68908        -0.268326        
-0.734836        -5.23771        2.69106        -0.254398        
-0.707916        -5.24019        2.69298        -0.240453        
-0.680977        -5.24252        2.69482        -0.226493        
-0.654019        -5.24472        2.69659        -0.212517        
-0.627045        -5.24677        2.69829        -0.198525        
-0.600054        -5.24869        2.69992        -0.184519        
-0.573046        -5.25046        2.70148        -0.170498        
-0.546024        -5.2521        2.70297        -0.156462        
-0.518987        -5.25359        2.70439        -0.142413        
-0.491936        -5.25495        2.70574        -0.12835        
-0.464872        -5.25616        2.70701        -0.114274        
-0.437796        -5.25723        2.70821        -0.100185        
-0.410708        -5.25816        2.70935        -0.086084        
-0.383609        -5.25895        2.71041        -0.0719702        
-0.3565        -5.2596        2.71139        -0.0578446        
-0.329381        -5.26011        2.71231        -0.0437075        
-0.302254        -5.26048        2.71315        -0.0295592        
-0.275118        -5.2607        2.71392        -0.0154001        
-0.247975        -5.26079        2.71462        -0.00123046        
-0.220826        -5.26073        2.71525        0.0129493        
-0.19367        -5.26053        2.7158        0.0271387        
-0.16651        -5.26018        2.71628        0.0413376        
-0.139345        -5.2597        2.71668        0.0555456        
-0.112176        -5.25907        2.71702        0.0697622        
-0.0850043        -5.2583        2.71728        0.0839872        
-0.0578304        -5.25739        2.71747        0.0982202        
-0.030655        -5.25634        2.71758        0.112461        
-0.0034788        -5.25514        2.71762        0.126709        
0.0236974        -5.25381        2.71759        0.140963        
0.0508729        -5.25233        2.71748        0.155225        
0.078047        -5.2507        2.7173        0.169492        
0.105219        -5.24894        2.71704        0.183765        
0.132388        -5.24703        2.71671        0.198044        
0.159553        -5.24497        2.71631        0.212327        
0.186714        -5.24278        2.71583        0.226616        
0.21387        -5.24044        2.71528        0.240908        
0.24102        -5.23796        2.71465        0.255205        
0.268163        -5.23534        2.71395        0.269505        
0.295298        -5.23257        2.71317        0.283808        
0.322426        -5.22966        2.71232        0.298114        
0.349545        -5.22661        2.7114        0.312422        
0.376654        -5.22341        2.7104        0.326733        
0.403753        -5.22007        2.70932        0.341045        
0.430841        -5.21659        2.70817        0.355358        
0.457916        -5.21297        2.70694        0.369673        
0.484979        -5.2092        2.70564        0.383988        
0.512029        -5.20529        2.70427        0.398302        
0.539065        -5.20123        2.70281        0.412617        
0.566085        -5.19704        2.70129        0.426931        
0.59309        -5.19269        2.69968        0.441244        
0.620079        -5.18821        2.698        0.455555        
0.64705        -5.18358        2.69625        0.469865        
0.674004        -5.17881        2.69442        0.484172        
0.700939        -5.1739        2.69251        0.498477        
0.727854        -5.16884        2.69053        0.512779        
0.75475        -5.16364        2.68847        0.527077        
0.781624        -5.1583        2.68634        0.541372        
0.808476        -5.15282        2.68413        0.555662        
0.835306        -5.14719        2.68184        0.569948        
0.862113        -5.14142        2.67948        0.584228        
0.888896        -5.1355        2.67704        0.598504        
0.915654        -5.12945        2.67453        0.612773        
0.942387        -5.12325        2.67194        0.627036        
0.969093        -5.11691        2.66927        0.641293        
0.995772        -5.11042        2.66653        0.655542        
1.02242        -5.1038        2.66371        0.669785        
1.04905        -5.09703        2.66081        0.684019        
1.07564        -5.09012        2.65784        0.698245        
1.1022        -5.08306        2.65479        0.712462        
1.12874        -5.07587        2.65166        0.72667        
1.15524        -5.06853        2.64846        0.740869        
1.1817        -5.06105        2.64518        0.755058        
1.20814        -5.05343        2.64182        0.769236        
1.23454        -5.04566        2.63839        0.783404        
1.26091        -5.03776        2.63488        0.797561        
1.28724        -5.02971        2.63129        0.811706        
1.31353        -5.02153        2.62763        0.825839        
1.33979        -5.0132        2.62389        0.839959        
1.36601        -5.00473        2.62007        0.854067        
1.39219        -4.99612        2.61618        0.868162        
1.41833        -4.98736        2.61221        0.882242        
1.44444        -4.97847        2.60816        0.896309        
1.4705        -4.96944        2.60404        0.910361        
1.49652        -4.96026        2.59984        0.924399        
1.52249        -4.95095        2.59556        0.938421        
1.54843        -4.94149        2.59121        0.952427        
1.57432        -4.9319        2.58678        0.966416        
1.60016        -4.92217        2.58227        0.98039        
1.62596        -4.91229        2.57768        0.994346        
1.65172        -4.90228        2.57302        1.00828        
1.67742        -4.89213        2.56828        1.02221        
1.70308        -4.88184        2.56347        1.03611        
1.72869        -4.87141        2.55858        1.04999        
1.75426        -4.86084        2.55361        1.06386        
1.77977        -4.85013        2.54857        1.0777        
1.80523        -4.83928        2.54344        1.09152        
1.83064        -4.8283        2.53825        1.10533        
1.85599        -4.81718        2.53297        1.11911        
1.88129        -4.80592        2.52762        1.13287        
1.90654        -4.79452        2.52219        1.14661        
1.93174        -4.78298        2.51669        1.16033        
1.95688        -4.77131        2.51111        1.17402        
1.98196        -4.7595        2.50545        1.1877        
2.00699        -4.74756        2.49972        1.20134        
2.03196        -4.73548        2.49391        1.21497        
2.05687        -4.72326        2.48803        1.22857        
2.08172        -4.7109        2.48207        1.24214        
2.10651        -4.69842        2.47603        1.25569        
2.13124        -4.68579        2.46991        1.26921        
2.1559        -4.67303        2.46373        1.28271        
2.18051        -4.66014        2.45746        1.29618        
2.20505        -4.64711        2.45112        1.30963        
2.22953        -4.63394        2.4447        1.32304        
2.25395        -4.62065        2.43821        1.33643        
2.2783        -4.60722        2.43164        1.34979        
2.30258        -4.59365        2.425        1.36312        
2.3268        -4.57995        2.41828        1.37642        
2.35095        -4.56612        2.41149        1.38969        
2.37503        -4.55216        2.40462        1.40293        
2.39904        -4.53806        2.39767        1.41614        
2.42298        -4.52384        2.39065        1.42932        
2.44685        -4.50948        2.38356        1.44247        
2.47065        -4.49499        2.37639        1.45558        
2.49438        -4.48037        2.36915        1.46867        
2.51803        -4.46561        2.36183        1.48172        
2.54162        -4.45073        2.35443        1.49473        
2.56512        -4.43572        2.34697        1.50772        
2.58856        -4.42058        2.33942        1.52066        
2.61191        -4.40531        2.33181        1.53358        
2.63519        -4.38991        2.32412        1.54646        
2.65839        -4.37438        2.31635        1.5593        
2.68152        -4.35872        2.30852        1.57211        
2.70456        -4.34293        2.30061        1.58488        
2.72753        -4.32702        2.29262        1.59761        
2.75042        -4.31098        2.28456        1.61031        
2.77322        -4.29482        2.27643        1.62297        
2.79595        -4.27852        2.26823        1.63559        
2.81859        -4.2621        2.25995        1.64817        
2.84114        -4.24556        2.2516        1.66071        
2.86362        -4.22889        2.24317        1.67321        
2.88601        -4.2121        2.23468        1.68567        
2.90831        -4.19518        2.22611        1.6981        
2.93053        -4.17813        2.21747        1.71048        
2.95266        -4.16097        2.20876        1.72282        
2.97471        -4.14368        2.19997        1.73511        
2.99666        -4.12626        2.19112        1.74737        
3.01853        -4.10873        2.18219        1.75958        
3.0403        -4.09107        2.17319        1.77175        
3.06199        -4.07329        2.16412        1.78388        
3.08359        -4.0554        2.15498        1.79596        
3.10509        -4.03738        2.14577        1.80799        
3.1265        -4.01924        2.13649        1.81998        
3.14782        -4.00098        2.12713        1.83193        
3.16905        -3.9826        2.11771        1.84383        
3.19018        -3.9641        2.10822        1.85569        
3.21121        -3.94548        2.09866        1.86749        
3.23215        -3.92675        2.08902        1.87925        
3.25299        -3.9079        2.07932        1.89096        
3.27373        -3.88893        2.06955        1.90263        
3.29438        -3.86985        2.05971        1.91424        
3.31493        -3.85064        2.0498        1.92581        
3.33538        -3.83133        2.03982        1.93733        
3.35573        -3.8119        2.02978        1.94879        
3.37597        -3.79235        2.01966        1.96021        
3.39612        -3.77269        2.00948        1.97158        
3.41616        -3.75292        1.99923        1.98289        
3.4361        -3.73304        1.98892        1.99416        
3.45594        -3.71304        1.97853        2.00537        
3.47567        -3.69293        1.96808        2.01652        
3.4953        -3.67271        1.95756        2.02763        
3.51483        -3.65238        1.94698        2.03868        
3.53424        -3.63193        1.93633        2.04968        
3.55355        -3.61138        1.92561        2.06062        
3.57275        -3.59072        1.91483        2.07151        
3.59185        -3.56995        1.90398        2.08235        
3.61083        -3.54907        1.89307        2.09313        
3.62971        -3.52809        1.88209        2.10385        
3.64848        -3.507        1.87105        2.11452        
3.66713        -3.4858        1.85994        2.12513        
3.68567        -3.4645        1.84877        2.13568        
3.70411        -3.44309        1.83754        2.14617        
3.72243        -3.42157        1.82624        2.15661        
3.74063        -3.39995        1.81488        2.16699        
3.75872        -3.37823        1.80345        2.17731        
3.7767        -3.35641        1.79197        2.18757        
3.79456        -3.33448        1.78042        2.19776        
3.81231        -3.31245        1.76881        2.2079        
3.82994        -3.29032        1.75713        2.21798        
3.84745        -3.26809        1.7454        2.228        
3.86485        -3.24576        1.7336        2.23796        
3.88212        -3.22333        1.72175        2.24785        
3.89928        -3.20081        1.70983        2.25768        
3.91632        -3.17818        1.69785        2.26745        
3.93324        -3.15546        1.68582        2.27716        
3.95004        -3.13264        1.67372        2.2868        
3.96671        -3.10972        1.66156        2.29638        
3.98327        -3.08671        1.64935        2.3059        
3.9997        -3.0636        1.63708        2.31535        
4.01601        -3.0404        1.62475        2.32473        
4.03219        -3.01711        1.61236        2.33405        
4.04826        -2.99372        1.59991        2.3433        
4.06419        -2.97024        1.58741        2.35249        
4.08        -2.94667        1.57484        2.36161        
4.09569        -2.92301        1.56223        2.37067        
4.11125        -2.89926        1.54955        2.37965        
4.12668        -2.87542        1.53682        2.38857        
4.14199        -2.85149        1.52404        2.39742        
4.15716        -2.82747        1.5112        2.4062        
4.17221        -2.80336        1.49831        2.41491        
4.18713        -2.77917        1.48536        2.42355        
4.20192        -2.75489        1.47235        2.43213        
4.21657        -2.73053        1.4593        2.44063        
4.2311        -2.70608        1.44619        2.44906        
4.2455        -2.68155        1.43303        2.45742        
4.25976        -2.65693        1.41981        2.46571        
4.27389        -2.63223        1.40655        2.47393        
4.28789        -2.60745        1.39323        2.48208        
4.30176        -2.58259        1.37986        2.49015        
4.31549        -2.55765        1.36644        2.49815        
4.32909        -2.53263        1.35297        2.50608        
4.34255        -2.50753        1.33945        2.51393        
4.35588        -2.48235        1.32588        2.52171        
4.36907        -2.45709        1.31226        2.52942        
4.38212        -2.43176        1.29859        2.53705        
4.39504        -2.40635        1.28487        2.54461        
4.40782        -2.38087        1.27111        2.55209        
4.42046        -2.35531        1.2573        2.5595        
4.43297        -2.32968        1.24344        2.56683        
4.44533        -2.30397        1.22953        2.57408        
4.45756        -2.2782        1.21558        2.58126        
4.46964        -2.25235        1.20158        2.58836        
4.48159        -2.22643        1.18754        2.59538        
4.49339        -2.20044        1.17345        2.60233        
4.50506        -2.17438        1.15932        2.6092        
4.51658        -2.14826        1.14514        2.61599        
4.52796        -2.12206        1.13092        2.6227        
4.5392        -2.0958        1.11666        2.62933        
4.55029        -2.06948        1.10235        2.63588        
4.56125        -2.04309        1.088        2.64236        
4.57205        -2.01663        1.07361        2.64875        
4.58272        -1.99011        1.05918        2.65506        
4.59324        -1.96353        1.04471        2.6613        
4.60361        -1.93688        1.0302        2.66745        
4.61384        -1.91018        1.01565        2.67352        
4.62392        -1.88341        1.00105        2.67951        
4.63386        -1.85659        0.986424        2.68542        
4.64365        -1.82971        0.971755        2.69124        
4.6533        -1.80276        0.957047        2.69699        
4.66279        -1.77577        0.942303        2.70265        
4.67214        -1.74871        0.927521        2.70823        
4.68134        -1.7216        0.912702        2.71372        
4.6904        -1.69444        0.897848        2.71914        
4.6993        -1.66722        0.882958        2.72447        
4.70806        -1.63995        0.868033        2.72971        
4.71666        -1.61262        0.853074        2.73487        
4.72512        -1.58525        0.83808        2.73995        
4.73342        -1.55783        0.823053        2.74494        
4.74158        -1.53035        0.807992        2.74985        
4.74958        -1.50283        0.7929        2.75467        
4.75744        -1.47526        0.777775        2.75941        
4.76514        -1.44764        0.762618        2.76406        
4.77269        -1.41998        0.747431        2.76862        
4.78009        -1.39227        0.732213        2.7731        
4.78733        -1.36451        0.716965        2.77749        
4.79443        -1.33672        0.701688        2.7818        
4.80137        -1.30888        0.686382        2.78602        
4.80815        -1.281        0.671047        2.79015        
4.81479        -1.25308        0.655684        2.7942        
4.82127        -1.22511        0.640294        2.79815        
4.82759        -1.19711        0.624878        2.80202        
4.83377        -1.16907        0.609435        2.8058        
4.83978        -1.141        0.593966        2.8095        
4.84564        -1.11288        0.578472        2.8131        
4.85135        -1.08473        0.562953        2.81662        
4.8569        -1.05655        0.54741        2.82005        
4.8623        -1.02833        0.531844        2.82339        
4.86754        -1.00008        0.516254        2.82664        
4.87263        -0.971801        0.500642        2.8298        
4.87755        -0.943487        0.485008        2.83287        
4.88233        -0.915143        0.469353        2.83585        
4.88694        -0.88677        0.453676        2.83874        
4.8914        -0.858369        0.43798        2.84154        
4.8957        -0.829939        0.422263        2.84425        
4.89984        -0.801484        0.406528        2.84687        
4.90383        -0.773002        0.390774        2.8494        
4.90766        -0.744496        0.375001        2.85184        
4.91133        -0.715965        0.359212        2.85419        
4.91484        -0.687412        0.343405        2.85645        
4.9182        -0.658836        0.327582        2.85862        
4.9214        -0.630239        0.311743        2.86069        
4.92443        -0.601622        0.295889        2.86268        
4.92731        -0.572986        0.28002        2.86457        
4.93003        -0.544331        0.264137        2.86637        
4.9326        -0.515658        0.24824        2.86808        
4.935        -0.486969        0.232331        2.8697        
4.93724        -0.458264        0.216409        2.87123        
4.93933        -0.429545        0.200475        2.87266        
4.94125        -0.400811        0.18453        2.874        
4.94302        -0.372065        0.168574        2.87525        
4.94462        -0.343306        0.152609        2.87641        
4.94607        -0.314536        0.136633        2.87747        
4.94736        -0.285757        0.120649        2.87844        
4.94848        -0.256968        0.104657        2.87932        
4.94945        -0.22817        0.0886564        2.88011        
4.95026        -0.199365        0.0726488        2.8808        
4.9509        -0.170554        0.0566347        2.8814        
4.95139        -0.141737        0.0406146        2.88191        
4.95171        -0.112916        0.024589        2.88232        
4.95188        -0.084091        0.00855864        2.88264        
4.95189        -0.0552632        -0.00747602        2.88287        
4.95173        -0.0264336        -0.0235143        2.883        
4.95142        0.00239687        -0.0395558        2.88305        
4.95094        0.0312273        -0.0555996        2.88299        
4.9503        0.0600567        -0.0716454        2.88285        
4.94951        0.0888843        -0.0876925        2.88261        
4.94855        0.117709        -0.10374        2.88228        
4.94743        0.14653        -0.119788        2.88185        
4.94615        0.175346        -0.135836        2.88133        
4.94472        0.204156        -0.151882        2.88072        
4.94312        0.23296        -0.167927        2.88001        
4.94136        0.261757        -0.183969        2.87921        
4.93944        0.290545        -0.200009        2.87832        
4.93736        0.319323        -0.216045        2.87733        
4.93512        0.348091        -0.232077        2.87625        
4.93272        0.376848        -0.248105        2.87508        
4.93015        0.405593        -0.264127        2.87381        
4.92743        0.434324        -0.280144        2.87245        
4.92455        0.463042        -0.296154        2.87099        
4.92151        0.491744        -0.312157        2.86945        
4.91831        0.520431        -0.328152        2.8678        
4.91495        0.5491        -0.34414        2.86607        
4.91143        0.577752        -0.360118        2.86424        
4.90774        0.606385        -0.376087        2.86232        
4.9039        0.634998        -0.392046        2.8603        
4.8999        0.663591        -0.407995        2.85819        
4.89574        0.692162        -0.423932        2.85599        
4.89142        0.720711        -0.439858        2.8537        
4.88695        0.749236        -0.455771        2.85131        
4.88231        0.777737        -0.471671        2.84883        
4.87751        0.806213        -0.487558        2.84625        
4.87256        0.834662        -0.50343        2.84359        
4.86744        0.863085        -0.519288        2.84083        
4.86217        0.891479        -0.53513        2.83798        
4.85674        0.919844        -0.550957        2.83503        
4.85115        0.948179        -0.566767        2.83199        
4.84541        0.976484        -0.582559        2.82886        
4.8395        1.00476        -0.598335        2.82564        
4.83344        1.033        -0.614091        2.82233        
4.82722        1.0612        -0.629829        2.81892        
4.82084        1.08938        -0.645548        2.81542        
4.81431        1.11751        -0.661246        2.81183        
4.80762        1.14561        -0.676924        2.80815        
4.80077        1.17367        -0.692581        2.80438        
4.79377        1.2017        -0.708216        2.80051        
4.78661        1.22968        -0.723828        2.79655        
4.77929        1.25763        -0.739417        2.79251        
4.77182        1.28553        -0.754983        2.78837        
4.76419        1.3134        -0.770525        2.78414        
4.75641        1.34122        -0.786042        2.77982        
4.74847        1.36899        -0.801534        2.77541        
4.74038        1.39673        -0.816999        2.7709        
4.73213        1.42441        -0.832439        2.76631        
4.72373        1.45205        -0.847851        2.76163        
4.71517        1.47964        -0.863236        2.75686        
4.70646        1.50719        -0.878592        2.75199        
4.6976        1.53468        -0.89392        2.74704        
4.68859        1.56213        -0.909218        2.742        
4.67942        1.58952        -0.924487        2.73687        
4.6701        1.61687        -0.939725        2.73165        
4.66062        1.64416        -0.954932        2.72635        
4.651        1.67139        -0.970108        2.72095        
4.64122        1.69858        -0.985251        2.71546        
4.63129        1.7257        -1.00036        2.70989        
4.62121        1.75277        -1.01544        2.70423        
4.61098        1.77979        -1.03048        2.69848        
4.6006        1.80674        -1.04549        2.69264        
4.59007        1.83364        -1.06047        2.68672        
4.57939        1.86048        -1.0754        2.68071        
4.56857        1.88726        -1.09031        2.67461        
4.55759        1.91397        -1.10517        2.66843        
4.54646        1.94062        -1.12        2.66216        
4.53519        1.96721        -1.13479        2.6558        
4.52377        1.99374        -1.14955        2.64936        
4.5122        2.0202        -1.16426        2.64283        
4.50048        2.0466        -1.17894        2.63621        
4.48862        2.07293        -1.19357        2.62952        
4.47661        2.09919        -1.20817        2.62273        
4.46445        2.12538        -1.22272        2.61586        
4.45215        2.1515        -1.23723        2.60891        
4.43971        2.17756        -1.2517        2.60188        
4.42712        2.20354        -1.26613        2.59476        
4.41439        2.22945        -1.28051        2.58755        
4.40151        2.25529        -1.29486        2.58026        
4.38849        2.28106        -1.30915        2.5729        
4.37533        2.30675        -1.32341        2.56544        
4.36202        2.33237        -1.33761        2.55791        
4.34858        2.35791        -1.35177        2.55029        
4.33499        2.38337        -1.36589        2.54259        
4.32126        2.40876        -1.37996        2.53482        
4.30739        2.43407        -1.39398        2.52695        
4.29338        2.4593        -1.40796        2.51901        
4.27923        2.48445        -1.42188        2.51099        
4.26494        2.50952        -1.43576        2.50289        
4.25051        2.53451        -1.44959        2.49471        
4.23595        2.55941        -1.46337        2.48645        
4.22125        2.58424        -1.4771        2.47811        
4.20641        2.60898        -1.49077        2.46969        
4.19143        2.63363        -1.5044        2.46119        
4.17632        2.6582        -1.51798        2.45262        
4.16107        2.68268        -1.5315        2.44397        
4.14569        2.70708        -1.54497        2.43524        
4.13017        2.73139        -1.55839        2.42643        
4.11452        2.75561        -1.57175        2.41755        
4.09874        2.77974        -1.58506        2.40859        
4.08282        2.80378        -1.59832        2.39955        
4.06677        2.82773        -1.61152        2.39044        
4.05059        2.85159        -1.62466        2.38126        
4.03428        2.87535        -1.63775        2.372        
4.01783        2.89903        -1.65079        2.36266        
4.00126        2.92261        -1.66377        2.35325        
3.98456        2.94609        -1.67668        2.34377        
3.96773        2.96948        -1.68955        2.33421        
3.95077        2.99278        -1.70235        2.32458        
3.93368        3.01598        -1.7151        2.31488        
3.91647        3.03908        -1.72778        2.30511        
3.89912        3.06208        -1.74041        2.29526        
3.88166        3.08498        -1.75298        2.28535        
