Velocity-Verlet algorithm (2D)
mars (x, y, vx, vy)
Timestep: 6 years

-1.60064        0.451266        -1.17934        -4.48585        
-1.61243        0.406408        -1.11012        -4.50304        
-1.62284        0.361206        -0.971204        -4.53547        
-1.63185        0.315698        -0.831403        -4.56403        
-1.63947        0.269925        -0.690798        -4.58868        
-1.64567        0.223925        -0.549478        -4.60941        
-1.65046        0.177737        -0.407529        -4.6262        
-1.65382        0.131401        -0.265037        -4.63902        
-1.65576        0.0849566        -0.122091        -4.64785        
-1.65626        0.0384438        0.021221        -4.65269        
-1.65533        -0.00809718        0.164809        -4.6535        
-1.65297        -0.0546262        0.308584        -4.65027        
-1.64916        -0.101103        0.452453        -4.64299        
-1.64392        -0.147486        0.596324        -4.63163        
-1.63723        -0.193735        0.740103        -4.61618        
-1.62912        -0.239809        0.883696        -4.59662        
-1.61956        -0.285668        1.02701        -4.57294        
-1.60858        -0.331268        1.16993        -4.54513        
-1.59616        -0.37657        1.31238        -4.51317        
-1.58233        -0.421532        1.45425        -4.47705        
-1.56708        -0.466111        1.59543        -4.43676        
-1.55042        -0.510267        1.73582        -4.39229        
-1.53236        -0.553957        1.87532        -4.34364        
-1.51291        -0.59714        2.01381        -4.29079        
-1.49208        -0.639773        2.15119        -4.23375        
-1.46989        -0.681814        2.28733        -4.1725        
-1.44634        -0.723223        2.42214        -4.10705        
-1.42145        -0.763955        2.55548        -4.0374        
-1.39523        -0.803971        2.68724        -3.96355        
-1.3677        -0.843226        2.81729        -3.88551        
-1.33888        -0.881681        2.94552        -3.80328        
-1.30879        -0.919292        3.0718        -3.71688        
-1.27745        -0.956018        3.19598        -3.62632        
-1.24487        -0.991818        3.31796        -3.53161        
-1.21109        -1.02665        3.43758        -3.43279        
-1.17612        -1.06047        3.55471        -3.32987        
-1.13999        -1.09325        3.66921        -3.22287        
-1.10274        -1.12493        3.78094        -3.11185        
-1.06437        -1.15548        3.88976        -2.99682        
-1.02494        -1.18487        3.99552        -2.87783        
-0.984464        -1.21304        4.09806        -2.75494        
-0.942979        -1.23997        4.19725        -2.62819        
-0.900519        -1.26561        4.29292        -2.49763        
-0.857121        -1.28992        4.38492        -2.36334        
-0.812821        -1.31287        4.47309        -2.22539        
-0.767659        -1.33443        4.55729        -2.08385        
-0.721675        -1.35455        4.63733        -1.9388        
-0.674912        -1.3732        4.71308        -1.79034        
-0.627413        -1.39036        4.78436        -1.63857        
-0.579225        -1.40597        4.85101        -1.48359        
-0.530393        -1.42003        4.91289        -1.32552        
-0.480967        -1.43248        4.96981        -1.16447        
-0.430997        -1.44332        5.02163        -1.0006        
-0.380535        -1.4525        5.06818        -0.834023        
-0.329633        -1.46        5.10931        -0.664906        
-0.278348        -1.4658        5.14487        -0.493406        
-0.226736        -1.46987        5.1747        -0.319692        
-0.174854        -1.47219        5.19866        -0.143945        
-0.122763        -1.47274        5.2166        0.0336453        
-0.0705222        -1.47152        5.22839        0.212878        
-0.0181949        -1.46849        5.23389        0.393542        
0.0341555        -1.46365        5.23297        0.575417        
0.0864645        -1.45698        5.22552        0.758272        
0.138666        -1.44848        5.21142        0.941865        
0.190693        -1.43814        5.19058        1.12594        
0.242478        -1.42596        5.1629        1.31025        
0.293951        -1.41194        5.12829        1.49451        
0.345043        -1.39607        5.08669        1.67845        
0.395685        -1.37837        5.03804        1.86177        
0.445804        -1.35884        4.98229        2.04418        
0.495331        -1.33748        4.91941        2.22539        
0.544192        -1.31433        4.84938        2.40506        
0.592318        -1.28938        4.77221        2.5829        
0.639637        -1.26267        4.6879        2.75857        
0.686076        -1.23421        4.59649        2.93176        
0.731566        -1.20403        4.49803        3.10213        
0.776037        -1.17217        4.39258        3.26935        
0.819418        -1.13865        4.28024        3.43309        
0.861642        -1.10351        4.1611        3.59302        
0.90264        -1.06679        4.03529        3.7488        
0.942348        -1.02853        3.90296        3.90012        
0.980699        -0.988784        3.76427        4.04664        
1.01763        -0.947598        3.6194        4.18805        
1.05309        -0.905023        3.46856        4.32405        
1.087        -0.861117        3.31196        4.45432        
1.11933        -0.815937        3.14985        4.57859        
1.15        -0.769545        2.98249        4.69656        
1.17898        -0.722006        2.81015        4.80798        
1.2062        -0.673386        2.63313        4.9126        
1.23164        -0.623754        2.45173        5.01017        
1.25524        -0.573182        2.26629        5.10049        
1.27696        -0.521744        2.07713        5.18334        
1.29678        -0.469515        1.88461        5.25855        
1.31466        -0.416573        1.68908        5.32597        
1.33056        -0.362996        1.49092        5.38544        
1.34448        -0.308864        1.2905        5.43684        
1.35637        -0.254259        1.08822        5.4801        
1.36624        -0.199262        0.884448        5.51512        
1.37406        -0.143957        0.679587        5.54185        
1.37983        -0.0884253        0.474028        5.56028        
1.38354        -0.0327512        0.268164        5.57039        
1.38519        0.0229824        0.0623866        5.57219        
1.38479        0.0786927        -0.142918        5.56574        
1.38234        0.134297        -0.347366        5.55109        
1.37784        0.189714        -0.550583        5.52832        
1.37132        0.244864        -0.7522        5.49753        
1.3628        0.299665        -0.95186        5.45885        
1.35229        0.354041        -1.14921        5.41242        
1.33981        0.407914        -1.34393        5.3584        
1.32541        0.461209        -1.53567        5.29696        
1.3091        0.513853        -1.72414        5.22829        
1.29093        0.565774        -1.90905        5.1526        
1.27092        0.616905        -2.0901        5.07011        
1.24912        0.667177        -2.26703        4.98104        
1.22558        0.716526        -2.43961        4.88564        
1.20033        0.764889        -2.60759        4.78415        
1.17343        0.812209        -2.77075        4.67684        
1.14492        0.858426        -2.92891        4.56396        
1.11485        0.903488        -3.08189        4.44579        
1.08328        0.947342        -3.2295        4.32259        
1.05026        0.98994        -3.37162        4.19466        
1.01585        1.03124        -3.5081        4.06225        
0.980098        1.07118        -3.63883        3.92566        
0.94307        1.10975        -3.76371        3.78516        
0.904824        1.14689        -3.88265        3.64103        
0.865417        1.18257        -3.99559        3.49355        
0.824912        1.21676        -4.10247        3.34298        
0.783368        1.24943        -4.20324        3.18961        
0.740847        1.28055        -4.29787        3.0337        
0.69741        1.3101        -4.38635        2.87551        
0.65312        1.33806        -4.46868        2.71529        
0.608037        1.36441        -4.54484        2.55331        
0.562223        1.38913        -4.61487        2.38979        
0.515739        1.4122        -4.67878        2.22499        
0.468647        1.43363        -4.73661        2.05914        
0.421007        1.45339        -4.7884        1.89246        
0.372879        1.47148        -4.83421        1.72517        
0.324323        1.48789        -4.87408        1.55748        
0.275398        1.50263        -4.90808        1.3896        
0.226162        1.51568        -4.93628        1.22173        
0.176672        1.52706        -4.95876        1.05405        
0.126986        1.53676        -4.97559        0.886754        
0.0771603        1.5448        -4.98686        0.720011        
0.0272492        1.55116        -4.99266        0.553994        
-0.0226929        1.55588        -4.99308        0.388863        
-0.0726124        1.55894        -4.98821        0.224774        
-0.122457        1.56037        -4.97815        0.0618761        
-0.172175        1.56018        -4.963        -0.099689        
-0.221717        1.55838        -4.94286        -0.259786        
-0.271033        1.55498        -4.91783        -0.418284        
-0.320074        1.55001        -4.88802        -0.575061        
-0.368793        1.54348        -4.85354        -0.729998        
-0.417144        1.53541        -4.81448        -0.882984        
-0.465083        1.52582        -4.77095        -1.03391        
-0.512563        1.51473        -4.72307        -1.18268        
-0.559544        1.50217        -4.67093        -1.32919        
-0.605982        1.48815        -4.61465        -1.47335        
-0.651837        1.4727        -4.55433        -1.61508        
-0.697069        1.45585        -4.49007        -1.75429        
-0.741638        1.43762        -4.42198        -1.8909        
-0.785508        1.41803        -4.35017        -2.02484        
-0.828642        1.39712        -4.27474        -2.15603        
-0.871003        1.37491        -4.19579        -2.28442        
-0.912557        1.35143        -4.11342        -2.40993        
-0.953271        1.32671        -4.02775        -2.5325        
-0.993112        1.30078        -3.93886        -2.65208        
-1.03205        1.27367        -3.84685        -2.76862        
-1.07005        1.24541        -3.75184        -2.88205        
-1.10709        1.21603        -3.6539        -2.99232        
-1.14313        1.18556        -3.55315        -3.0994        
-1.17815        1.15404        -3.44967        -3.20324        
-1.21212        1.1215        -3.34356        -3.30379        
-1.24502        1.08796        -3.23492        -3.401        
-1.27682        1.05348        -3.12383        -3.49485        
-1.3075        1.01807        -3.0104        -3.5853        
-1.33703        0.981771        -2.8947        -3.6723        
-1.36539        0.944621        -2.77683        -3.75582        
-1.39256        0.906654        -2.65688        -3.83583        
-1.41853        0.867905        -2.53494        -3.91229        
-1.44326        0.828409        -2.4111        -3.98518        
-1.46675        0.788201        -2.28544        -4.05447        
-1.48897        0.747319        -2.15805        -4.12012        
-1.50991        0.705799        -2.02902        -4.18211        
-1.52955        0.663677        -1.89843        -4.2404        
-1.54788        0.620991        -1.76638        -4.29499        
-1.56488        0.577777        -1.63293        -4.34582        
-1.58054        0.534074        -1.49819        -4.3929        
-1.59484        0.489919        -1.36223        -4.43618        
-1.60778        0.445351        -1.22514        -4.47564        
-1.61935        0.400407        -1.08701        -4.51127        
-1.62952        0.355125        -0.947913        -4.54303        
-1.6383        0.309546        -0.807945        -4.57091        
-1.64568        0.263707        -0.667189        -4.59488        
-1.65165        0.217648        -0.525731        -4.61493        
-1.6562        0.171409        -0.383658        -4.63102        
-1.65932        0.125028        -0.241057        -4.64315        
-1.66102        0.0785458        -0.0980156        -4.6513        
-1.66128        0.0320021        0.0453772        -4.65543        
-1.66011        -0.0145629        0.189032        -4.65554        
-1.6575        -0.0611087        0.332858        -4.65161        
-1.65345        -0.107595        0.476763        -4.64361        
-1.64797        -0.153981        0.620656        -4.63154        
-1.64104        -0.200226        0.764442        -4.61537        
-1.63268        -0.246288        0.908025        -4.59509        
-1.62288        -0.292128        1.05131        -4.57069        
-1.61165        -0.337702        1.1942        -4.54215        
-1.599        -0.382971        1.33659        -4.50946        
-1.58492        -0.427891        1.47838        -4.47261        
-1.56943        -0.472423        1.61947        -4.43159        
-1.55253        -0.516523        1.75976        -4.38638        
-1.53423        -0.560151        1.89913        -4.33699        
-1.51455        -0.603263        2.03747        -4.2834        
-1.49348        -0.645819        2.17469        -4.22561        
-1.47105        -0.687775        2.31065        -4.16362        
-1.44727        -0.729091        2.44525        -4.09742        
-1.42215        -0.769724        2.57838        -4.02702        
-1.3957        -0.809631        2.7099        -3.95243        
-1.36795        -0.848772        2.83969        -3.87364        
-1.33891        -0.887104        2.96764        -3.79066        
-1.3086        -0.924585        3.09361        -3.70351        
-1.27704        -0.961174        3.21747        -3.6122        
-1.24425        -0.996829        3.33909        -3.51675        
-1.21025        -1.03151        3.45834        -3.41718        
-1.17508        -1.06517        3.57508        -3.31352        
-1.13875        -1.09778        3.68916        -3.20579        
-1.1013        -1.12929        3.80045        -3.09402        
-1.06274        -1.15966        3.90879        -2.97826        
-1.02312        -1.18885        4.01405        -2.85855        
-0.982463        -1.21683        4.11607        -2.73494        
-0.940801        -1.24355        4.2147        -2.60747        
-0.898169        -1.26898        4.30979        -2.47622        
-0.854605        -1.29308        4.40118        -2.34123        
-0.810145        -1.31581        4.48872        -2.20259        
-0.76483        -1.33713        4.57224        -2.06037        
-0.718701        -1.35701        4.65159        -1.91467        
-0.671799        -1.37542        4.7266        -1.76556        
-0.624168        -1.39232        4.79712        -1.61315        
-0.575856        -1.40769        4.86299        -1.45756        
-0.526909        -1.42148        4.92403        -1.29888        
-0.477375        -1.43366        4.9801        -1.13727        
-0.427307        -1.44422        5.03103        -0.972832        
-0.376755        -1.45312        5.07666        -0.805728        
-0.325774        -1.46033        5.11684        -0.636105        
-0.274418        -1.46584        5.15141        -0.464126        
-0.222745        -1.46962        5.18022        -0.289963        
-0.170814        -1.47164        5.20313        -0.113799        
-0.118683        -1.47189        5.21999        0.0641744        
-0.0664139        -1.47036        5.23066        0.243754        
-0.0140695        -1.46702        5.23502        0.424727        
0.0382865        -1.46186        5.23293        0.60687        
0.0905892        -1.45488        5.22428        0.789949        
0.142772        -1.44606        5.20896        0.973721        
0.194768        -1.43541        5.18687        1.15793        
0.24651        -1.42291        5.15792        1.34232        
0.297927        -1.40856        5.12202        1.52661        
0.34895        -1.39237        5.07911        1.71052        
0.399509        -1.37435        5.02913        1.89376        
0.449533        -1.3545        4.97204        2.07603        
0.49895        -1.33283        4.9078        2.25703        
0.547689        -1.30936        4.83642        2.43645        
0.595678        -1.2841        4.75788        2.61395        
0.642846        -1.25708        4.6722        2.78924        
0.689122        -1.22832        4.57943        2.96196        
0.734435        -1.19784        4.47961        3.1318        
0.778714        -1.16568        4.37281        3.29843        
0.821891        -1.13187        4.25914        3.4615        
0.863897        -1.09645        4.13868        3.6207        
0.904665        -1.05946        4.01158        3.77568        
0.944129        -1.02094        3.87798        3.92612        
0.982224        -0.980934        3.73806        4.07171        
1.01889        -0.939502        3.59199        4.21212        
1.05406        -0.896692        3.43999        4.34704        
1.08769        -0.852561        3.28227        4.47619        
1.11971        -0.807168        3.1191        4.59926        
1.15007        -0.760576        2.95073        4.71598        
1.17872        -0.712848        2.77743        4.8261        
1.20562        -0.664054        2.59951        4.92936        
1.23071        -0.614261        2.41729        5.02553        
1.25397        -0.563543        2.23108        5.1144        
1.27534        -0.511973        2.04123        5.19576        
1.29479        -0.459628        1.84808        5.26945        
1.3123        -0.406584        1.65201        5.3353        
1.32783        -0.352922        1.45339        5.39319        
1.34137        -0.29872        1.25258        5.44299        
1.35288        -0.244062        1.04999        5.48462        
1.36237        -0.189028        0.845992        5.518        
1.3698        -0.133702        0.640986        5.5431        
1.37518        -0.0781661        0.435363        5.55988        
1.37851        -0.0225042        0.229517        5.56835        
1.37978        0.0332009        0.0238373        5.56852        
1.37899        0.0888663        -0.18129        5.56045        
1.37615        0.14441        -0.385483        5.5442        
1.37128        0.19975        -0.588368        5.51985        
1.36438        0.254807        -0.78958        5.48751        
1.35548        0.3095        -0.988763        5.44731        
1.34461        0.363753        -1.18557        5.39939        
1.33177        0.417488        -1.37967        5.34392        
1.31701        0.470631        -1.57075        5.28107        
1.30036        0.523109        -1.75848        5.21104        
1.28184        0.574852        -1.9426        5.13403        
1.26151        0.62579        -2.12281        5.05028        
1.23939        0.675858        -2.29885        4.96        
1.21553        0.72499        -2.47049        4.86344        
1.18998        0.773126        -2.6375        4.76085        
1.16278        0.820207        -2.79965        4.65249        
1.13398        0.866176        -2.95677        4.53862        
1.10364        0.910979        -3.10866        4.41952        
1.07181        0.954566        -3.25518        4.29545        
1.03854        0.996888        -3.39616        4.1667        
1.00389        1.0379        -3.5315        4.03354        
0.967911        1.07756        -3.66107        3.89625        
0.930667        1.11583        -3.78478        3.75511        
0.892215        1.15266        -3.90254        3.6104        
0.852616        1.18803        -4.01429        3.4624        
0.811929        1.22191        -4.11998        3.31136        
0.770216        1.25426        -4.21955        3.15758        
0.727538        1.28506        -4.313        3.0013        
0.683956        1.31429        -4.40029        2.84279        
0.639532        1.34192        -4.48143        2.68231        
0.594328        1.36793        -4.55643        2.52011        
0.548404        1.39232        -4.62529        2.35642        
0.501822        1.41506        -4.68806        2.1915        
0.454643        1.43615        -4.74475        2.02556        
0.406927        1.45557        -4.79542        1.85883        
0.358734        1.47333        -4.84012        1.69154        
0.310124        1.4894        -4.8789        1.52388        
0.261156        1.5038        -4.91183        1.35607        
0.211888        1.51652        -4.93898        1.1883        
0.162377        1.52757        -4.96043        1.02076        
0.112679        1.53694        -4.97625        0.853628        
0.0628515        1.54464        -4.98653        0.68708        
0.0129486        1.55068        -4.99136        0.521284        
-0.0369756        1.55507        -4.99083        0.356401        
-0.086868        1.55781        -4.98503        0.192584        
-0.136676        1.55892        -4.97407        0.0299813        
-0.186349        1.55841        -4.95804        -0.131267        
-0.235837        1.55629        -4.93703        -0.291026        
-0.28509        1.55259        -4.91117        -0.449168        
-0.33406        1.54731        -4.88054        -0.60557        
-0.382701        1.54048        -4.84526        -0.760116        
-0.430966        1.53211        -4.80543        -0.912695        
-0.478809        1.52222        -4.76115        -1.0632        
-0.526189        1.51084        -4.71253        -1.21153        
-0.57306        1.49799        -4.65968        -1.35759        
-0.619382        1.48369        -4.60271        -1.5013        
-0.665114        1.46797        -4.54171        -1.64255        
-0.710217        1.45084        -4.4768        -1.78128        
-0.75465        1.43234        -4.40808        -1.9174        
-0.798378        1.41249        -4.33566        -2.05083        
-0.841364        1.39132        -4.25963        -2.18152        
-0.883571        1.36886        -4.1801        -2.30939        
-0.924966        1.34514        -4.09718        -2.43437        
-0.965514        1.32018        -4.01096        -2.55641        
-1.00518        1.29401        -3.92154        -2.67545        
-1.04395        1.26667        -3.82903        -2.79143        
-1.08177        1.23818        -3.73352        -2.90431        
-1.11862        1.20858        -3.63511        -3.01403        
-1.15447        1.1779        -3.53389        -3.12055        
-1.18929        1.14617        -3.42997        -3.22381        
-1.22307        1.11342        -3.32343        -3.32378        
-1.25576        1.07969        -3.21437        -3.42042        
-1.28735        1.04501        -3.10288        -3.51368        
-1.31782        1.00942        -2.98905        -3.60354        
-1.34714        0.972944        -2.87298        -3.68994        
-1.37528        0.935621        -2.75475        -3.77286        
-1.40223        0.897487        -2.63446        -3.85227        
-1.42797        0.858576        -2.51218        -3.92812        
-1.45247        0.818924        -2.38802        -4.0004        
-1.47573        0.778568        -2.26206        -4.06907        
-1.49772        0.737543        -2.13437        -4.1341        
-1.51842        0.695886        -2.00506        -4.19546        
-1.53782        0.653634        -1.87421        -4.25312        
-1.5559        0.610823        -1.74189        -4.30707        
-1.57265        0.567492        -1.6082        -4.35727        
-1.58806        0.523678        -1.47323        -4.4037        
-1.60212        0.479418        -1.33705        -4.44633        
-1.61481        0.434752        -1.19976        -4.48513        
-1.62611        0.389716        -1.06143        -4.5201        
-1.63603        0.34435        -0.922162        -4.5512        
-1.64456        0.298692        -0.782029        -4.57841        
-1.65167        0.252781        -0.641121        -4.60171        
-1.65738        0.206658        -0.499524        -4.62107        
-1.66167        0.16036        -0.357325        -4.63649        
-1.66453        0.113928        -0.214612        -4.64793        
-1.66596        0.0674015        -0.0714724        -4.65537        
-1.66596        0.0208205        0.072004        -4.65881        
-1.66452        -0.0257747        0.215728        -4.65821        
-1.66164        -0.0723437        0.359608        -4.65357        
-1.65733        -0.118846        0.503553        -4.64486        
-1.65157        -0.165241        0.647469        -4.63206        
-1.64438        -0.211487        0.791263        -4.61517        
-1.63574        -0.257544        0.934838        -4.59416        
-1.62568        -0.303371        1.0781        -4.56903        
-1.61418        -0.348925        1.22094        -4.53975        
-1.60126        -0.394166        1.36328        -4.50632        
-1.58692        -0.439051        1.50499        -4.46872        
-1.57116        -0.48354        1.64599        -4.42694        
-1.554        -0.52759        1.78616        -4.38098        
-1.53544        -0.57116        1.92539        -4.33083        
-1.51549        -0.614207        2.06359        -4.27647        
-1.49417        -0.656689        2.20063        -4.21792        
-1.47148        -0.698565        2.3364        -4.15516        
-1.44744        -0.739792        2.47078        -4.08819        
-1.42206        -0.780329        2.60367        -4.01702        
-1.39536        -0.820133        2.73493        -3.94164        
-1.36736        -0.859162        2.86444        -3.86208        
-1.33808        -0.897374        2.99208        -3.77832        
-1.30752        -0.934728        3.11772        -3.6904        
-1.27572        -0.971182        3.24122        -3.59831        
-1.2427        -1.00669        3.36246        -3.50209        
-1.20847        -1.04122        3.4813        -3.40175        
-1.17307        -1.07473        3.5976        -3.29731        
-1.13652        -1.10717        3.71123        -3.18881        
-1.09885        -1.13851        3.82202        -3.07629        
-1.06008        -1.1687        3.92985        -2.95978        
-1.02025        -1.1977        4.03457        -2.83932        
-0.979388        -1.22548        4.13601        -2.71496        
-0.937529        -1.252        4.23404        -2.58676        
-0.894707        -1.27722        4.3285        -2.45478        
-0.850959        -1.3011        4.41923        -2.31909        
-0.806323        -1.3236        4.50607        -2.17975        
-0.760838        -1.34469        4.58887        -2.03685        
-0.714545        -1.36434        4.66746        -1.89047        
-0.667488        -1.3825        4.74169        -1.74071        
-0.619711        -1.39915        4.81139        -1.58767        
-0.571261        -1.41425        4.87641        -1.43145        
-0.522183        -1.42778        4.93658        -1.27219        
-0.472529        -1.4397        4.99174        -1.11        
-0.422349        -1.44998        5.04172        -0.94502        
-0.371694        -1.4586        5.08639        -0.777396        
-0.320621        -1.46553        5.12557        -0.607283        
-0.269183        -1.47074        5.15911        -0.434843        
-0.217439        -1.47422        5.18687        -0.260252        
-0.165446        -1.47595        5.20869        -0.0836938        
-0.113265        -1.4759        5.22444        0.0946377        
-0.0609571        -1.47406        5.23398        0.274538        
-0.00858532        -1.47041        5.23717        0.455791        
0.0437863        -1.46494        5.2339        0.638173        
0.0960927        -1.45764        5.22404        0.821447        
0.148267        -1.44851        5.2075        1.00537        
0.200243        -1.43754        5.18416        1.18968        
0.25195        -1.42472        5.15395        1.37412        
0.303322        -1.41005        5.11677        1.55841        
0.354286        -1.39355        5.07257        1.74227        
0.404773        -1.37521        5.0213        1.92541        
0.454712        -1.35504        4.9629        2.10752        
0.504031        -1.33306        4.89736        2.2883        
0.552659        -1.30927        4.82466        2.46744        
0.600524        -1.28371        4.74481        2.64462        
0.647555        -1.25638        4.65783        2.8195        
0.693681        -1.22732        4.56376        2.99178        
0.738831        -1.19655        4.46265        3.1611        
0.782934        -1.1641        4.35459        3.32715        
0.825922        -1.13        4.23965        3.48958        
0.867727        -1.09431        4.11796        3.64808        
0.908281        -1.05704        3.98965        3.80229        
0.94752        -1.01826        3.85487        3.95191        
0.985379        -0.978004        3.71379        4.09661        
1.0218        -0.936327        3.56661        4.23608        
1.05671        -0.893283        3.41353        4.37        
1.09007        -0.848927        3.25479        4.49809        
1.12181        -0.803321        3.09063        4.62005        
1.15188        -0.756526        2.92131        4.73561        
1.18023        -0.708608        2.74713        4.84452        
1.20682        -0.659636        2.56839        4.94652        
1.2316        -0.609678        2.38539        5.04138        
1.25453        -0.558808        2.19847        5.1289        
1.27557        -0.5071        2.00797        5.20889        
1.29469        -0.45463        1.81425        5.28116        
1.31186        -0.401477        1.61767        5.34557        
1.32704        -0.347719        1.4186        5.40198        
1.34023        -0.293437        1.21743        5.45029        
1.35139        -0.238713        1.01454        5.4904        
1.36052        -0.183629        0.810319        5.52226        
1.3676        -0.128268        0.605164        5.54582        
1.37262        -0.0727127        0.399468        5.56106        
1.37559        -0.0170468        0.193623        5.56798        
1.37649        0.038647        -0.0119814        5.56662        
1.37535        0.0942857        -0.216959        5.55702        
1.37215        0.149787        -0.42093        5.53925        
1.36693        0.205071        -0.623522        5.51339        
1.35968        0.260055        -0.82437        5.47957        
1.35044        0.314662        -1.02312        5.43792        
1.33922        0.368814        -1.21943        5.38857        
1.32605        0.422434        -1.41297        5.3317        
1.31096        0.475448        -1.60342        5.26749        
1.29398        0.527783        -1.79047        5.19613        
1.27515        0.57937        -1.97385        5.11784        
1.25451        0.63014        -2.15326        5.03284        
1.23209        0.680027        -2.32847        4.94136        
1.20794        0.728967        -2.49922        4.84365        
1.1821        0.7769        -2.66529        4.73996        
1.15463        0.823767        -2.82647        4.63055        
1.12557        0.869511        -2.98258        4.51569        
1.09498        0.91408        -3.13343        4.39564        
1.06291        0.957424        -3.27887        4.27068        
1.0294        0.999494        -3.41877        4.14109        
0.99453        1.04025        -3.55298        4.00715        
0.958344        1.07964        -3.68141        3.86914        
0.920902        1.11763        -3.80396        3.72733        
0.882264        1.15418        -3.92056        3.582        
0.842491        1.18927        -4.03113        3.43343        
0.801642        1.22285        -4.13562        3.28189        
0.759778        1.25491        -4.23401        3.12765        
0.716961        1.28541        -4.32626        2.97097        
0.673253        1.31433        -4.41236        2.81212        
0.628714        1.34165        -4.49231        2.65134        
0.583407        1.36735        -4.56612        2.48888        
0.537392        1.39143        -4.63381        2.32499        
0.490731        1.41385        -4.6954        2.15991        
0.443484        1.43462        -4.75094        1.99386        
0.395712        1.45373        -4.80046        1.82707        
0.347475        1.47116        -4.84402        1.65974        
0.298831        1.48692        -4.88169        1.4921        
0.249841        1.50101        -4.91352        1.32434        
0.200561        1.51341        -4.93958        1.15666        
0.151049        1.52414        -4.95997        0.989237        
0.101362        1.5332        -4.97474        0.82226        
0.0515543        1.54059        -4.984        0.6559        
0.00168176        1.54631        -4.98783        0.490322        
-0.0482022        1.55039        -4.98631        0.325686        
-0.0980445        1.55283        -4.97956        0.162144        
-0.147793        1.55363        -4.96766        -0.000158997        
-0.197398        1.55282        -4.95071        -0.161083        
-0.246808        1.55041        -4.92882        -0.320494        
-0.295974        1.54641        -4.90209        -0.478267        
-0.344849        1.54085        -4.87062        -0.63428        
-0.393386        1.53373        -4.83451        -0.788417        
-0.441539        1.52508        -4.79388        -0.940569        
-0.489264        1.51492        -4.74883        -1.09063        
-0.536516        1.50327        -4.69946        -1.2385        
-0.583253        1.49015        -4.64588        -1.38409        
-0.629434        1.47558        -4.58819        -1.52731        
-0.675017        1.4596        -4.52651        -1.66806        
-0.719964        1.44222        -4.46093        -1.80628        
-0.764236        1.42348        -4.39157        -1.94188        
-0.807795        1.40339        -4.31852        -2.07478        
-0.850606        1.38198        -4.24189        -2.20493        
-0.892633        1.35929        -4.16178        -2.33224        
-0.933842        1.33534        -4.07829        -2.45667        
-0.974199        1.31015        -3.99153        -2.57815        
-1.01367        1.28377        -3.90159        -2.69661        
-1.05223        1.25622        -3.80857        -2.81202        
-1.08984        1.22753        -3.71257        -2.92432        
-1.12648        1.19774        -3.61369        -3.03345        
-1.16212        1.16686        -3.51202        -3.13937        
-1.19672        1.13495        -3.40766        -3.24204        
-1.23027        1.10202        -3.3007        -3.3414        
-1.26274        1.06812        -3.19124        -3.43744        
-1.2941        1.03327        -3.07936        -3.53009        
-1.32432        0.997518        -2.96517        -3.61933        
-1.3534        0.960887        -2.84874        -3.70512        
-1.3813        0.923416        -2.73017        -3.78742        
-1.408        0.885139        -2.60954        -3.8662        
-1.43349        0.846092        -2.48696        -3.94143        
-1.45774        0.80631        -2.36249        -4.01308        
-1.48074        0.76583        -2.23624        -4.08111        
-1.50247        0.724688        -2.10829        -4.1455        
-1.5229        0.68292        -1.97871        -4.20623        
-1.54204        0.640563        -1.84761        -4.26325        
-1.55986        0.597655        -1.71506        -4.31655        
-1.57634        0.554232        -1.58115        -4.3661        
-1.59148        0.510333        -1.44597        -4.41188        
-1.60526        0.465995        -1.3096        -4.45385        
-1.61767        0.421256        -1.17212        -4.492        
-1.6287        0.376155        -1.03362        -4.52631        
-1.63834        0.33073        -0.894188        -4.55674        
-1.64659        0.28502        -0.753907        -4.58328        
-1.65342        0.239064        -0.612863        -4.60591        
-1.65884        0.192902        -0.471143        -4.6246        
-1.66285        0.146572        -0.328833        -4.63933        
-1.66542        0.100115        -0.186022        -4.65009        
-1.66657        0.0535704        -0.0427969        -4.65685        
-1.66628        0.00697813        0.100752        -4.65959        
-1.66455        -0.0396214        0.244535        -4.6583        
-1.66139        -0.0861878        0.388461        -4.65295        
-1.65678        -0.13268        0.532438        -4.64353        
-1.65074        -0.179058        0.676373        -4.63003        
-1.64325        -0.225281        0.820171        -4.61242        
-1.63433        -0.271307        0.963736        -4.59069        
-1.62398        -0.317095        1.10697        -4.56483        
-1.61219        -0.362603        1.24977        -4.53482        
-1.59898        -0.407791        1.39205        -4.50065        
-1.58435        -0.452616        1.53369        -4.46231        
-1.56831        -0.497037        1.6746        -4.41978        
-1.55086        -0.541012        1.81466        -4.37307        
-1.53202        -0.584499        1.95377        -4.32216        
-1.51179        -0.627455        2.09182        -4.26705        
-1.49018        -0.66984        2.22869        -4.20773        
-1.46721        -0.71161        2.36428        -4.14419        
-1.4429        -0.752724        2.49846        -4.07645        
-1.41724        -0.793139        2.63112        -4.0045        
-1.39027        -0.832814        2.76213        -3.92835        
-1.362        -0.871706        2.89138        -3.848        
-1.33245        -0.909774        3.01872        -3.76346        
-1.30163        -0.946975        3.14404        -3.67474        
-1.26956        -0.983268        3.26721        -3.58187        
-1.23628        -1.01861        3.38808        -3.48485        
-1.2018        -1.05297        3.50653        -3.38372        
