Velocity-Verlet algorithm (2D)
mercury (x, y, vx, vy)
Timestep: 6 years

-0.153726        -0.432651        7.6154        -2.93164        
-0.0775717        -0.461967        7.76267        -2.06746        
0.00152778        -0.474        7.91103        -0.345914        
0.0806488        -0.468886        7.77295        1.35254        
0.156987        -0.446949        7.35484        3.0091        
0.227746        -0.408704        6.65233        4.60267        
0.290033        -0.354896        5.65095        6.10471        
0.340764        -0.286609        4.32732        7.4727        
0.37658        -0.205442        2.6522        8.64121        
0.393809        -0.113785        0.598289        9.50935        
0.388545        -0.0152548        -1.84124        9.92526        
0.356984        0.08472        -4.61341        9.67437        
0.296277        0.178233        -7.53563        8.49413        
0.206271        0.254603        -10.2112        6.1645        
0.0920524        0.301523        -12.0256        2.71363        
-0.0342407        0.308875        -12.378        -1.37248        
-0.155507        0.274073        -11.0917        -5.24278        
-0.256074        0.20402        -8.57495        -8.14246        
-0.327006        0.111224        -5.51528        -9.78391        
-0.36638        0.00834142        -2.48119        -10.2969        
-0.37663        -0.0947146        0.218718        -9.97403        
-0.362006        -0.191139        2.4756        -9.09283        
-0.327118        -0.276571        4.28448        -7.85898        
-0.276316        -0.348319        5.68022        -6.40953        
-0.213513        -0.404762        6.70566        -4.83181        
-0.142203        -0.444955        7.3984        -3.1808        
-0.0655454        -0.468378        7.78609        -1.49183        
0.0135191        -0.474792        7.88535        0.210742        
0.0921615        -0.464163        7.70167        1.90725        
0.167553        -0.436647        7.22958        3.57767        
0.236753        -0.39261        6.45266        5.19644        
0.296606        -0.332718        5.34391        6.72616        
0.343631        -0.258087        3.86738        8.10868        
0.373953        -0.170544        1.98369        9.25232        
0.383305        -0.0730402        -0.335189        10.0147        
0.36725        0.0297499        -3.0716        10.1855        
0.321873        0.130671        -6.09564        9.48813        
0.245337        0.219513        -9.07087        7.64647        
0.140455        0.2836        -11.4091        4.57384        
0.0171544        0.310989        -12.4403        0.618567        
-0.10835        0.295971        -11.8205        -3.42835        
-0.219257        0.242422        -9.79804        -6.73751        
-0.304311        0.161221        -7.00404        -8.88011        
-0.359337        0.0648202        -4.04206        -9.8761        
-0.385152        -0.0363009        -1.28322        -9.96806        
-0.385002        -0.134541        1.1116        -9.42326        
-0.36292        -0.224766        3.10343        -8.45363        
-0.322933        -0.303613        4.70709        -7.20657        
-0.268778        -0.368898        5.95416        -5.77895        
-0.20385        -0.419193        6.87605        -4.23316        
-0.131257        -0.453561        7.49717        -2.60957        
-0.0539066        -0.471384        7.83237        -0.935501        
0.0253905        -0.472271        7.88611        0.76842        
0.103816        -0.456016        7.65195        2.4831        
0.178429        -0.422609        7.11203        4.18595        
0.246056        -0.372297        6.23659        5.84474        
0.303161        -0.305714        4.98435        7.40903        
0.345743        -0.224116        3.30582        8.79744        
0.369278        -0.129765        1.15442        9.87953        
0.368832        -0.0265253        -1.4846        10.4544        
0.339586        0.0793227        -4.53293        10.2406        
0.278173        0.178286        -7.72032        8.92024        
0.185179        0.257727        -10.5053        6.30353        
0.0680676        0.304356        -12.1794        2.59354        
-0.058409        0.309598        -12.2499        -1.51214        
-0.17693        0.274114        -10.7908        -5.14504        
-0.274226        0.206697        -8.34697        -7.7465        
-0.34387        0.119184        -5.53495        -9.21719        
-0.384925        0.0223536        -2.78079        -9.73601        
-0.399485        -0.0755366        -0.297495        -9.55019        
-0.390875        -0.16865        1.8395        -8.87242        
-0.362695        -0.252985        3.62248        -7.85773        
-0.318425        -0.325805        5.06983        -6.61126        
-0.261299        -0.38521        6.20548        -5.20221        
-0.194316        -0.429849        7.04965        -3.67587        
-0.120306        -0.458728        7.61496        -2.0625        
-0.0420163        -0.471099        7.90465        -0.3838        
0.0377873        -0.466404        7.91143        1.34196        
0.116212        -0.44426        7.61644        3.095        
0.190116        -0.404504        6.98796        4.84827        
0.255972        -0.347294        5.98072        6.55925        
0.30973        -0.273319        4.53712        8.15761        
0.346714        -0.184142        2.59491        9.52673        
0.361629        -0.0827841        0.110346        10.4793        
0.348921        0.0254447        -2.88724        10.738        
0.303884        0.131975        -6.19688        9.95707        
0.224983        0.224586        -9.34041        7.8585        
0.117075        0.289145        -11.6022        4.49949        
-0.00706179        0.314576        -12.3652        0.45594        
-0.130228        0.298264        -11.5238        -3.40268        
-0.237537        0.246522        -9.50803        -6.40609        
-0.320389        0.170142        -6.9234        -8.33059        
-0.376005        0.0799105        -4.24007        -9.2787        
-0.40519        -0.015432        -1.72154        -9.46733        
-0.410436        -0.109436        0.518646        -9.10383        
-0.394817        -0.197509        2.44806        -8.34755        
-0.361475        -0.276387        4.07008        -7.31027        
-0.313416        -0.343714        5.39981        -6.06728        
-0.253479        -0.397733        6.45241        -4.66842        
-0.184367        -0.437082        7.23773        -3.14684        
-0.108724        -0.460669        7.75753        -1.52536        
-0.0292169        -0.46759        8.00375        0.178394        
0.0513512        -0.457101        7.95687        1.94733        
0.129921        -0.428643        7.58398        3.7594        
0.203031        -0.381913        6.83706        5.58004        
0.266662        -0.317042        5.65239        7.35036        
0.316079        -0.234906        3.95493        8.96889        
0.34576        -0.137665        1.67586        10.2655        
0.349596        -0.0295968        -1.20068        10.974        
0.321747        0.0818155        -4.54318        10.735        
0.258732        0.185103        -7.94929        9.19912        
0.162761        0.265798        -10.7256        6.28389        
0.0442209        0.310781        -12.1606        2.42211        
-0.0804511        0.31424        -11.9727        -1.55438        
-0.195234        0.279693        -10.4536        -4.88845        
-0.289523        0.216471        -8.17125        -7.23247        
-0.358659        0.135044        -5.62622        -8.60169        
-0.402048        0.0444373        -3.12877        -9.17227        
-0.421234        -0.0484013        -0.831132        -9.13945        
-0.41867        -0.138352        1.20784        -8.66311        
-0.397077        -0.221663        2.97487        -7.85962        
-0.359173        -0.295544        4.47493        -6.8093        
-0.307579        -0.35785        5.71724        -5.56612        
-0.244828        -0.406866        6.70827        -4.16589        
-0.173413        -0.441167        7.44806        -2.63263        
-0.0958669        -0.459519        7.92776        -0.983394        
-0.0148582        -0.460835        8.1275        0.767163        
0.0666831        -0.444176        8.01386        2.60181        
0.145419        -0.408799        7.53722        4.49374        
0.217428        -0.354301        6.62966        6.39564        
0.278012        -0.280886        5.20625        8.22204        
0.321552        -0.18986        3.17717        9.82247        
0.341556        -0.0844369        0.486153        10.9486        
0.331276        0.0291124        -2.8026        11.2397        
0.285504        0.140358        -6.37096        10.2936        
0.203856        0.234984        -9.57407        7.89981        
0.0940222        0.298354        -11.6398        4.33402        
-0.0289397        0.321664        -12.1222        0.353462        
-0.148422        0.305423        -11.1563        -3.22793        
-0.252066        0.257106        -9.24629        -5.94468        
-0.333348        0.186529        -6.90649        -7.7163        
-0.390196        0.10278        -4.48803        -8.66805        
-0.423109        0.0131685        -2.18132        -8.97587        
-0.433822        -0.0767376        -0.07281        -8.79587        
-0.424565        -0.162749        1.80614        -8.24666        
-0.3977        -0.241671        3.4492        -7.41234        
-0.355581        -0.310996        4.85874        -6.35032        
-0.300525        -0.368677        6.03731        -5.09889        
-0.234835        -0.412973        6.9829        -3.68314        
-0.160867        -0.44234        7.68585        -2.11975        
-0.0811178        -0.455368        8.12614        -0.421124        
0.00165607        -0.450763        8.27044        1.40001        
0.0842911        -0.427368        8.06866        3.32431        
0.163029        -0.384276        7.45041        5.3159        
0.233299        -0.32105        6.32371        7.30569        
0.289503        -0.238163        4.58199        9.16476        
0.324939        -0.137755        2.13394        10.6677        
0.332182        -0.0248077        -1.01942        11.464        
0.304551        0.0915246        -4.64857        11.1171        
0.239211        0.197534        -8.1797        9.30509        
0.140957        0.277626        -10.815        6.14027        
0.022911        0.320339        -11.9641        2.27187        
-0.0983247        0.323064        -11.5939        -1.46336        
-0.208966        0.291072        -10.1191        -4.49403        
-0.300707        0.233183        -8.04927        -6.63861        
-0.369952        0.1583        -5.76819        -7.96201        
-0.416071        0.0739429        -3.5026        -8.61344        
-0.440004        -0.013969        -1.36708        -8.74056        
-0.443413        -0.100868        0.587798        -8.46154        
-0.428248        -0.1832        2.34334        -7.86273        
-0.396546        -0.258123        3.89427        -7.00422        
-0.350362        -0.323284        5.23862        -5.92635        
-0.291774        -0.37665        6.372        -4.65525        
-0.222922        -0.416389        7.28384        -3.20726        
-0.146097        -0.440795        7.95417        -1.59279        
-0.063839        -0.448245        8.35026        0.17956        
0.0209083        -0.437204        8.42247        2.09753        
0.10461        -0.406295        8.09964        4.13625        
0.182901        -0.354479        7.28544        6.24301        
0.250319        -0.281434        5.8607        8.31151        
0.300115        -0.188249        3.70491        10.1433        
0.324417        -0.0785687        0.761763        11.4077        
0.31535        0.0399052        -2.82853        11.6523        
0.267847        0.154477        -6.58095        10.4636        
0.183731        0.249177        -9.70684        7.79201        
0.0737102        0.310318        -11.4982        4.15078        
-0.0462323        0.332192        -11.7501        0.363013        
-0.161293        0.317578        -10.7646        -2.91175        
-0.261525        0.273957        -9.02559        -5.38934        
-0.341804        0.209791        -6.93947        -7.066        
-0.400314        0.132637        -4.76603        -8.05675        
-0.437125        0.048656        -2.6478        -8.49584        
-0.45327        -0.0372796        -0.65529        -8.49796        
-0.450231        -0.121303        1.17957        -8.15        
-0.429679        -0.20028        2.84308        -7.51375        
-0.393369        -0.271578        4.32822        -6.63114        
-0.343114        -0.332902        5.62789        -5.52916        
-0.280811        -0.382161        6.73046        -4.22388        
-0.208505        -0.41738        7.61614        -2.72397        
-0.128489        -0.436641        8.2532        -1.03426        
-0.0434413        -0.438065        8.59331        0.839511        
0.0433778        -0.419851        8.56606        2.88293        
0.12788        -0.380407        8.07325        5.05927        
0.204843        -0.318665        6.98723        7.28525        
0.267624        -0.234701        5.16432        9.39212        
0.308129        -0.130823        2.49787        11.0775        
0.317582        -0.0131523        -0.958461        11.8898        
0.28896        0.106972        -4.82125        11.3463        
0.221157        0.213773        -8.34379        9.24461        
0.122084        0.291865        -10.7327        5.94049        
0.00650289        0.332583        -11.6158        2.20643        
-0.110232        0.335993        -11.1624        -1.23297        
-0.216745        0.307923        -9.80947        -3.99357        
-0.306421        0.256122        -7.97376        -5.99624        
-0.37622        0.187998        -5.94333        -7.31458        
-0.425288        0.10983        -3.88761        -8.06422        
-0.453972        0.026714        -1.89737        -8.35314        
-0.463235        -0.0572323        -0.0184475        -8.26679        
-0.454341        -0.138622        1.7264        -7.86757        
-0.428707        -0.214584        3.32458        -7.19841        
-0.387849        -0.28259        4.76593        -6.2869        
-0.333388        -0.340322        6.03762        -5.14887        
-0.267097        -0.385568        7.12011        -3.79146        
-0.190986        -0.416151        7.98296        -2.21616        
-0.107438        -0.429891        8.57991        -0.422794        
-0.0193882        -0.424607        8.84255        1.58397        
0.0694133        -0.398211        8.67316        3.78265        
0.154075        -0.348954        7.9394        6.11278        
0.228201        -0.275956        6.48039        8.43692        
0.283683        -0.180215        4.14705        10.4873        
0.311142        -0.0662102        0.912163        11.8285        
0.301926        0.056354        -2.94976        11.9318        
0.252147        0.172426        -6.76304        10.4578        
0.166665        0.265509        -9.68488        7.59125        
0.0584492        0.324251        -11.1888        4.0189        
-0.0571106        0.345887        -11.2969        0.502478        
-0.167489        0.334301        -10.3778        -2.48131        
-0.264667        0.296261        -8.84436        -4.77362        
-0.344376        0.238828        -7.00657        -6.39994        
-0.404798        0.168262        -5.05875        -7.45206        
-0.445551        0.0897872        -3.11171        -8.02772        
-0.467033        0.00770767        -1.2256        -8.20883        
-0.470063        -0.0743894        0.567281        -8.05707        
-0.455687        -0.153434        2.24833        -7.61568        
-0.425096        -0.226703        3.804        -6.91252        
-0.379607        -0.291684        5.22008        -5.96314        
-0.320695        -0.345966        6.47724        -4.77335        
-0.250062        -0.387151        7.54663        -3.34172        
-0.169762        -0.4128        8.38458        -1.6628        
-0.0823705        -0.420407        8.92588        0.267632        
0.00875564        -0.407448        9.07527        2.44233        
0.0991349        -0.37156        8.69927        4.82293        
0.182741        -0.310989        7.62564        7.30387        
0.251648        -0.225483        5.6712        9.65659        
0.296165        -0.117857        2.73586        11.475        
0.306365        0.00401659        -1.01707        12.2077        
0.275824        0.126296        -5.00723        11.3988        
0.20622        0.231992        -8.38        9.05772        
0.108224        0.307451        -10.4753        5.75322        
-0.00328603        0.347057        -11.1597        2.25302        
-0.11497        0.352511        -10.713        -0.885854        
-0.217545        0.32934        -9.52848        -3.42307        
-0.30554        0.28405        -7.93045        -5.33028        
-0.376154        0.222734        -6.135        -6.67022        
-0.42824        0.150645        -4.27219        -7.52681        
-0.461598        0.0721981        -2.41653        -7.97607        
-0.47657        -0.00887622        -0.610205        -8.07761        
-0.473802        -0.0893541        1.1218        -7.87409        
-0.454134        -0.166358        2.76224        -7.39328        
-0.418557        -0.23722        4.29536        -6.65033        
-0.368227        -0.299365        5.70199        -5.64991        
-0.304518        -0.350218        6.95499        -4.38807        
-0.229127        -0.387126        8.01379        -2.85476        
-0.144242        -0.407313        8.81726        -1.03787        
-0.0527819        -0.407883        9.27441        1.06843        
0.0412465        -0.385944        9.2538        3.44663        
0.132294        -0.338951        8.57732        6.02275        
0.212793        -0.265489        7.03627        8.61031        
0.273019        -0.166745        4.46743        10.8432        
0.302142        -0.0486244        0.925341        12.1697        
0.291526        0.0766502        -3.12356        12.0425        
0.23967        0.192226        -6.85026        10.299        
0.154521        0.28263        -9.48876        7.36337        
0.0498952        0.339493        -10.7484        3.97593        
-0.0604467        0.362149        -10.802        0.757137        
-0.166145        0.354636        -10.007        -1.97255        
-0.260586        0.322698        -8.69228        -4.1263        
-0.339991        0.27211        -7.09188        -5.73292        
-0.402424        0.20804        -5.35367        -6.85885        
-0.447064        0.134933        -3.56623        -7.5718        
-0.473748        0.0566036        -1.78179        -7.9277        
-0.4827        -0.0236211        -0.0319818        -7.96779        
-0.474388        -0.102752        1.66203        -7.71923        
-0.44946        -0.178006        3.2827        -7.19666        
-0.408734        -0.246685        4.81099        -6.40368        
-0.35324        -0.306079        6.22155        -5.33427        
-0.284303        -0.353371        7.47719        -3.97446        
-0.203696        -0.385568        8.52165        -2.30525        
-0.11387        -0.399476        9.2697        -0.309133        
-0.0183018        -0.391751        9.59475        2.01567        
0.0780252        -0.359162        9.31792        4.62562        
0.168057        -0.299239        8.21331        7.3777        
0.242291        -0.211608        6.06557        9.95412        
0.289368        -0.100156        2.82691        11.8229        
0.298829        0.0248494        -1.16261        12.3727        
0.266116        0.147297        -5.13464        11.2806        
0.196137        0.250461        -8.25037        8.80603        
0.101109        0.323418        -10.0678        5.62832        
-0.00522012        0.363027        -10.6379        2.41006        
-0.11165        0.371619        -10.2651        -0.452833        
-0.210521        0.35397        -9.27259        -2.812        
-0.297102        0.315379        -7.90715        -4.6579        
-0.368664        0.260812        -6.33242        -6.03585        
-0.42375        0.194662        -4.65039        -7.00275        
-0.461672        0.120757        -2.92326        -7.60926        
-0.482215        0.0424766        -1.18941        -7.89418        
-0.48546        -0.0371262        0.525842        -7.88351        
-0.471698        -0.115194        2.20302        -7.59115        
-0.4414        -0.188949        3.82307        -7.01974        
-0.395237        -0.255588        5.36246        -6.16155        
-0.334151        -0.31218        6.78762        -4.99936        
-0.259484        -0.355576        8.04771        -3.50836        
-0.173196        -0.382347        9.06445        -1.66084        
-0.0781953        -0.388792        9.71852        0.562421        
0.021174        -0.371099        9.8348        3.14649        
0.118501        -0.325863        9.1782        5.99171        
0.204738        -0.251265        7.49284        8.83433        
0.268358        -0.149176        4.63851        11.1798        
0.297508        -0.0276681        0.822833        12.3812        
0.284814        0.0984479        -3.27769        11.974        
0.231954        0.211812        -6.78831        10.0409        
0.149048        0.299266        -9.12935        7.16753        
0.0493672        0.355163        -10.219        4.03386        
-0.0553317        0.379943        -10.2923        1.10287        
-0.156479        0.37722        -9.65524        -1.41436        
-0.248436        0.351656        -8.56107        -3.46613        
-0.3277        0.307897        -7.18647        -5.07324        
-0.392166        0.250191        -5.64578        -6.27921        
-0.440615        0.182313        -4.0108        -7.12777        
-0.472382        0.107635        -2.32672        -7.65416        
-0.48715        0.0292299        -0.623105        -7.88262        
-0.484844        -0.0500169        1.07848        -7.82603        
-0.46558        -0.127291        2.75887        -7.48615        
-0.429667        -0.19974        4.39627        -6.85383        
-0.377655        -0.264367        5.96085        -5.90929        
-0.31045        -0.317926        7.40758        -4.62296        
-0.229503        -0.356826        8.66608        -2.95846        
-0.137128        -0.377095        9.62628        -0.881221        
-0.0369777        -0.374451        10.1208        1.6201        
0.0652881        -0.344693        9.91275        4.48787        
0.161277        -0.284694        8.71742        7.51574        
0.239637        -0.194378        6.31468        10.2612        
0.287571        -0.0794691        2.77973        12.0695        
0.295231        0.0470117        -1.32843        12.3592        
0.261002        0.167716        -5.13777        11.0326        
0.192476        0.267664        -7.95155        8.55263        
0.101971        0.338768        -9.54988        5.58884        
0.00147816        0.379441        -10.0832        2.65934        
-0.0996933        0.391955        -9.82787        0.0369413        
-0.195079        0.38018        -9.0366        -2.1817        
-0.280425        0.348321        -7.89566        -3.98968        
-0.352992        0.300386        -6.53018        -5.41474        
-0.411029        0.240026        -5.02101        -6.49188        
-0.453413        0.170549        -3.41993        -7.25171        
-0.479428        0.0949921        -1.7608        -7.71603        
-0.488629        0.016228        -0.0673787        -7.89638        
-0.480775        -0.0629356        1.64091        -7.7936        
-0.455811        -0.139644        3.34395        -7.39742        
-0.413896        -0.210884        5.01565        -6.68612        
-0.355498        -0.273366        6.61702        -5.62638        
-0.281556        -0.323412        8.08623        -4.17473        
-0.193773        -0.356861        9.32402        -2.28348        
-0.0950754        -0.369081        10.1741        0.082247        
0.0097089        -0.355216        10.4043        2.9044        
0.113012        -0.310993        9.7127        6.03511        
0.203963        -0.234514        7.81347        9.09509        
0.269281        -0.129091        4.65522        11.4478        
0.297067        -0.00555768        0.660371        12.4242        
0.282488        0.119394        -3.34016        11.7513        
0.230264        0.229469        -6.55987        9.74509        
0.151291        0.314295        -8.64153        7.03554        
0.0574337        0.37018        -9.63778        4.18018        
-0.0414647        0.397899        -9.78259        1.5101        
-0.138218        0.400382        -9.32035        -0.831402        
-0.227872        0.381271        -8.44272        -2.80704        
-0.307073        0.344241        -7.28361        -4.42638        
-0.373544        0.292744        -5.93199        -5.71402        
-0.425712        0.229961        -4.44591        -6.69477        
-0.462462        0.158848        -2.86343        -7.38723        
-0.482981        0.082216        -1.21058        -7.80124        
-0.486674        0.00282327        0.492845        -7.93665        
-0.473124        -0.0765169        2.22828        -7.78229        
-0.442108        -0.152823        3.97327        -7.31508        
-0.393659        -0.222818        5.69494        -6.49895        
-0.328209        -0.282802        7.34042        -5.28489        
-0.24685        -0.328516        8.82237        -3.61436        
-0.151762        -0.355089        9.99829        -1.43207        
-0.0468847        -0.357158        10.6466        1.28022        
0.0611705        -0.329484        10.4588        4.43215        
0.16229        -0.268515        9.09891        7.71532        
0.243149        -0.175178        6.39976        10.5349        
0.290286        -0.0578158        2.63523        12.1662        
0.295853        0.068146        -1.44109        12.1745        
0.261464        0.185674        -4.9855        10.711        
0.196143        0.282367        -7.51074        8.33672        
0.111249        0.352409        -8.9613        5.62954        
0.0169172        0.394957        -9.51626        2.97274        
-0.079076        0.411863        -9.40302        0.556596        
-0.171143        0.406089        -8.81381        -1.54904        
-0.255352        0.380883        -7.88886        -3.33345        
-0.32892        0.33942        -6.72406        -4.80916        
-0.389833        0.284699        -5.38317        -5.99396        
-0.436584        0.219541        -3.9083        -6.90253        
-0.467999        0.146649        -2.32771        -7.54261        
-0.483138        0.0686889        -0.661697        -7.91289        
-0.481233        -0.0116091        1.07257        -8.00152        
-0.461686        -0.0913415        2.85615        -7.78453        
-0.42411        -0.1673        4.66218        -7.22405        
-0.368443        -0.235823        6.44692        -6.26704        
-0.295172        -0.292641        8.13572        -4.84641        
-0.205729        -0.332751        9.60191        -2.88967        
-0.103134        -0.350434        10.6394        -0.346276        
0.00705887        -0.339676        10.9427        2.74824        
0.115721        -0.295469        10.1419        6.16071        
0.209898        -0.216462        7.96838        9.35779        
0.275089        -0.108314        4.54302        11.5917        
0.300758        0.0153725        0.510226        12.2878        
0.285293        0.137442        -3.26543        11.4219        
0.235449        0.24381        -6.18051        9.45781        
0.161683        0.326598        -8.06484        6.9723        
0.0741527        0.383256        -9.03075        4.39194        
-0.0189318        0.414437        -9.27957        1.95273        
-0.111439        0.422311        -8.99869        -0.24146        
-0.198906        0.409607        -8.3317        -2.15776        
-0.278073        0.379156        -7.37989        -3.79505        
-0.346504        0.333706        -6.21203        -5.16298        
-0.402313        0.275896        -4.87392        -6.27154        
-0.443982        0.208275        -3.39603        -7.12587        
-0.470234        0.133378        -1.7992        -7.72339        
-0.479966        0.0538078        -0.0993677        -8.05165        
-0.472221        -0.0276547        1.68781        -8.08627        
-0.44621        -0.107918        3.54132        -7.78841        
-0.401395        -0.183423        5.42649        -7.10245        
-0.33768        -0.249967        7.28174        -5.95497        
-0.25576        -0.302522        8.99775        -4.25966        
-0.157725        -0.33516        10.3877        -1.93802        
-0.0480059        -0.341283        11.1582        1.02512        
0.0654391        -0.314657        10.9203        4.47305        
0.170399        -0.251822        9.32159        7.94953        
0.251871        -0.155667        6.33278        10.7159        
0.297055        -0.0375038        2.46278        12.0848        
0.301127        0.086029        -1.44098        11.855        
0.268235        0.199595        -4.67913        10.3677        
0.207544        0.293383        -6.96466        8.17486        
0.128942        0.363093        -8.33267        5.73488        
0.0408907        0.40808        -8.94913        3.32658        
-0.0500404        0.429624        -8.99065        1.08839        
-0.138922        0.429848        -8.60082        -0.923171        
-0.222057        0.411161        -7.88454        -2.69195        
-0.296613        0.376009        -6.91458        -4.21835        
-0.360349        0.326794        -5.74005        -5.50689        
-0.411414        0.265871        -4.39344        -6.55965        
-0.448217        0.195601        -2.89618        -7.37257        
-0.469338        0.11842        -1.26316        -7.93269        
-0.473481        0.0369468        0.493014        -8.21555        
-0.459477        -0.0458912        2.35689        -8.18215        
-0.426343        -0.126696        4.30264        -7.77559        
-0.373425        -0.201403        6.28182        -6.91829        
-0.300706        -0.265062        8.2033        -5.51341        
-0.209359        -0.311671        9.90258        -3.45921        
-0.102655        -0.334246        11.1056        -0.694999        
0.0127535        -0.325571        11.4189        2.69735        
0.125724        -0.280299        10.4261        6.34981        
0.221275        -0.198575        7.9564        9.56257        
0.284852        -0.0890479        4.36439        11.568        
0.308563        0.0327857        0.442482        11.9943        
0.293702        0.150838        -3.04004        11.0394        
0.247762        0.253574        -5.68228        9.20581        
0.180056        0.334954        -7.43348        6.96954        
0.0990922        0.392965        -8.41516        4.64748        
0.0117528        0.427904        -8.78681        2.41223        
-0.076644        0.441209        -8.68827        0.344909        
-0.162013        0.434802        -8.22588        -1.52206        
-0.241162        0.410768        -7.47531        -3.17886        
-0.311519        0.371225        -6.48835        -4.62378        
-0.370928        0.318292        -5.29928        -5.85537        
-0.417504        0.254117        -3.93013        -6.86785        
-0.449531        0.180935        -2.39487        -7.64774        
-0.465402        0.101163        -0.703342        -8.17084        
-0.463598        0.0175187        1.13418        -8.39865        
-0.442718        -0.0668105        3.10031        -8.27423        
-0.401592        -0.147966        5.15953        -7.71786        
-0.339528        -0.221168        7.23928        -6.62539        
-0.256806        -0.280474        9.19944        -4.87661        
-0.155539        -0.3187        10.7913        -2.37138        
-0.0409794        -0.327901        11.6303        0.879275        
0.0770663        -0.301114        11.2558        4.60228        
0.184136        -0.235856        9.37084        8.16292        
0.264483        -0.137856        6.16413        10.7486        
0.307418        -0.0208834        2.33735        11.8317        
0.31123        0.0987771        -1.30093        11.4517        
0.281399        0.208151        -4.24419        10.0373        
0.226346        0.299524        -6.34972        8.06584        
0.154405        0.369468        -7.68593        5.88545        
0.0726278        0.417233        -8.38871        3.70143        
-0.013369        0.443497        -8.59001        1.61996        
-0.0991724        0.449632        -8.39523        -0.309386        
-0.181274        0.437309        -7.88158        -2.06566        
-0.256804        0.408319        -7.10278        -3.64026        
-0.323329        0.364504        -6.09461        -5.02772        
-0.378696        0.307764        -4.8796        -6.22025        
-0.420921        0.240099        -3.47094        -7.20385        
-0.448115        0.163687        -1.876        -7.95479        
-0.458441        0.0810032        -0.10031        -8.43563        
-0.450121        -0.00502544        1.84668        -8.59044        
-0.421508        -0.0908056        3.94184        -8.33922        
-0.371284        -0.17181        6.13105        -7.57354        
-0.298887        -0.242276        8.29972        -6.15949        
-0.20529        -0.295        10.2291        -3.96403        
-0.0943054        -0.321557        11.5546        -0.933502        
0.0258015        -0.31367        11.792        2.75612        
0.141534        -0.266435        10.5376        6.55666        
0.236553        -0.182537        7.81129        9.64687        
0.29776        -0.0734971        4.19281        11.3663        
0.320409        0.0447886        0.495747        11.5883        
0.307675        0.15827        -2.68183        10.6444        
0.266772        0.257677        -5.10252        8.99501        
0.205625        0.33817        -6.77394        7.01087        
0.131294        0.397894        -7.80172        4.92708        
0.0495902        0.436711        -8.30555        2.87463        
-0.0348172        0.455386        -8.38717        0.92082        
-0.118153        0.455128        -8.12374        -0.901551        
-0.197292        0.437355        -7.57006        -2.57634        
-0.269554        0.403601        -6.76293        -4.09363        
-0.33255        0.355483        -5.72527        -5.44335        
-0.38406        0.294734        -4.4696        -6.61088        
-0.421942        0.223265        -3.0011        -7.57311        
-0.444082        0.143272        -1.32103        -8.29414        
-0.448363        0.0573826        0.56846        -8.71999        
-0.432713        -0.0311279        2.65589        -8.77202        
-0.395245        -0.118058        4.90506        -8.34034        
-0.334611        -0.197935        7.22731        -7.28198        
-0.250699        -0.263697        9.43695        -5.43777        
-0.145872        -0.30669        11.1992        -2.697        
-0.0267143        -0.317637        12.0253        0.859785        
0.094633        -0.289494        11.4273        4.78723        
0.201832        -0.221893        9.26169        8.29075        
0.279867        -0.123679        5.96047        10.6063        
0.321041        -0.00976719        2.30652        11.4409        
0.325997        0.105139        -1.02979        11.0084        
0.300445        0.2104        -3.71725        9.73288        
0.251652        0.299797        -5.69625        7.99712        
0.18652        0.370342        -7.03582        6.06195        
0.110936        0.421036        -7.83875        4.08219        
0.0297449        0.451986        -8.20028        2.14307        
-0.0530698        0.463897        -8.19575        0.289736        
-0.13417        0.457781        -7.88003        -1.45362        
-0.21067        0.434825        -7.29041        -3.07217        
-0.279978        0.396338        -6.45001        -4.55331        
-0.339671        0.343758        -5.37072        -5.88169        
-0.387393        0.278704        -4.05584        -7.0349        
-0.420787        0.20306        -2.50284        -7.97897        
-0.43745        0.119125        -0.707302        -8.66263        
-0.434934        0.0298079        1.33007        -9.01006        
-0.410848        -0.0610767        3.59011        -8.9125        
-0.363131        -0.148442        6.00975        -8.22219        
-0.290653        -0.225521        8.43832        -6.76072        
-0.194365        -0.283656        10.5784        -4.36895        
-0.0790847        -0.3129        11.954        -1.03715        
0.0447158        -0.304399        12.018        2.90282        
0.161275        -0.254843        10.4754        6.71559        
0.254225        -0.170087        7.59254        9.5677        
0.313125        -0.0634891        4.08586        11.0077        
0.335942        0.0500665        0.673958        11.1152        
0.326605        0.158814        -2.22304        10.2583        
0.291481        0.255232        -4.47378        8.81939        
0.237129        0.335202        -6.10466        7.07971        
0.169388        0.396826        -7.19703        5.21609        
0.0931886        0.439524        -7.8365        3.3314        
0.0126577        0.463454        -8.09471        1.48343        
-0.0687056        0.469192        -8.02543        -0.295185        
-0.147851        0.457551        -7.66583        -1.98436        
-0.222022        0.429505        -7.03894        -3.56869        
-0.28863        0.386177        -6.15605        -5.03193        
-0.345143        0.328866        -5.01884        -6.35243        
-0.389006        0.259128        -3.62151        -7.49839        
-0.417573        0.178899        -1.95385        -8.42192        
-0.428083        0.0906898        -0.00679563        -9.05127        
-0.417709        -0.0021268        2.21629        -9.28103        
-0.383758        -0.0949308        4.67706        -8.96273        
-0.324168        -0.181381        7.26058        -7.9053        
-0.238546        -0.253037        9.71238        -5.91054        
-0.12992        -0.299592        11.5847        -2.88638        
-0.00685198        -0.310764        12.2962        0.953918        
0.116003        -0.280514        11.4196        4.96267        
0.221539        -0.211511        9.04481        8.27426        
0.296899        -0.115029        5.78861        10.2944        
0.337312        -0.00562367        2.38978        10.957        
0.344695        0.104112        -0.651892        10.555        
