Velocity-Verlet algorithm (2D)
moon (x, y, vx, vy)
Timestep: 6 years

0.831822        0.552173        -3.39124        5.30177        
0.795916        0.604841        -3.80315        5.25999        
0.755759        0.657373        -3.91031        4.41739        
0.71771        0.693189        -3.95107        3.44717        
0.676738        0.726316        -4.23604        3.16583        
0.632989        0.756506        -4.50714        2.86225        
0.586595        0.783561        -4.7648        2.53908        
0.537693        0.807287        -5.00832        2.19614        
0.486429        0.827484        -5.2367        1.83284        
0.432959        0.843944        -5.44866        1.44841        
0.377455        0.856452        -5.64262        1.04193        
0.320107        0.864783        -5.81666        0.612411        
0.261122        0.8687        -5.96845        0.158819        
0.200738        0.867959        -6.09517        -0.319924        
0.139219        0.862302        -6.19347        -0.824867        
0.0768683        0.851462        -6.25927        -1.35697        
0.0140334        0.835163        -6.28772        -1.91699        
-0.0488861        0.813122        -6.27302        -2.50535        
-0.111427        0.785056        -6.20826        -3.12193        
-0.173051        0.750684        -6.08529        -3.76575        
-0.233133        0.709741        -5.89453        -4.43459        
-0.290942        0.661992        -5.62495        -5.1244        
-0.345632        0.607253        -5.26403        -5.82854        
-0.396222        0.545421        -4.79809        -6.53685        
-0.441593        0.476516        -4.21292        -7.23445        
-0.480481        0.400732        -3.49508        -7.90049        
-0.511495        0.318506        -2.63402        -8.507        
-0.533161        0.230592        -1.62536        -9.01844        
-0.544002        0.138137        -0.475058        -9.39264        
-0.542662        0.0427389        0.795961        -9.5841        
-0.528083        -0.0535452        2.14838        -9.55034        
-0.499695        -0.148268        3.52438        -9.26077        
-0.457595        -0.238761        4.85281        -8.70601        
-0.402639        -0.322388        6.05983        -7.90376        
-0.336399        -0.396836        7.08204        -6.89805        
-0.260998        -0.460349        7.87744        -5.75128        
-0.17885        -0.511861        8.4301        -4.53211        
-0.0923958        -0.550991        8.74789        -3.30383        
-0.00389218        -0.577938        8.85555        -2.1168        
0.0847152        -0.593327        8.78662        -1.00582        
0.17184        -0.598054        8.5767        0.0087597        
0.256249        -0.593152        8.25899        0.918035        
0.33702        -0.579694        7.86215        1.72114        
0.413492        -0.558729        7.40958        2.42224        
0.485212        -0.531249        6.91974        3.02833        
0.551887        -0.498163        6.40674        3.54761        
0.613346        -0.460297        5.88118        3.98856        
0.66951        -0.418392        5.35088        4.35934        
0.720364        -0.37311        4.82148        4.66749        
0.76594        -0.325042        4.29703        4.9198        
0.806305        -0.274714        3.78034        5.1223        
0.841547        -0.222596        3.27332        5.28023        
0.871771        -0.169109        2.77721        5.39817        
0.897091        -0.114633        2.29278        5.48007        
0.917627        -0.059508        1.82047        5.5293        
0.9335        -0.0040466        1.36043        5.54876        
0.944835        0.0514672        0.912681        5.54092        
0.951754        0.106772        0.477113        5.50787        
0.954378        0.161625        0.053551        5.45137        
0.952825        0.215799        -0.358221        5.37289        
0.947213        0.269082        -0.75843        5.27367        
0.937656        0.321272        -1.1473        5.15468        
0.924267        0.372176        -1.52503        5.01674        
0.907156        0.421607        -1.89179        4.86045        
0.886431        0.469385        -2.24771        4.68626        
0.862202        0.515332        -2.59284        4.49448        
0.834574        0.559275        -2.9272        4.28526        
0.803658        0.601038        -3.25072        4.05864        
0.76956        0.640447        -3.56324        3.81452        
0.732393        0.677328        -3.8645        3.55268        
0.69227        0.711501        -4.15414        3.27281        
0.64931        0.742784        -4.43166        2.97445        
0.603637        0.77099        -4.69641        2.65706        
0.555382        0.795925        -4.94757        2.31998        
0.504685        0.81739        -5.18411        1.96244        
0.451699        0.835174        -5.40478        1.58358        
0.39659        0.849061        -5.60801        1.18245        
0.339539        0.858823        -5.79193        0.758008        
0.280751        0.864221        -5.95426        0.30916        
0.220454        0.865006        -6.09225        -0.165229        
0.158906        0.860917        -6.20258        -0.666281        
0.0964024        0.851681        -6.28128        -1.19504        
0.0332807        0.837016        -6.32356        -1.75239        
-0.0300687        0.816633        -6.32369        -2.3389        
-0.0931931        0.790238        -6.27487        -2.95462        
-0.155566        0.75754        -6.169        -3.59881        
-0.216573        0.718262        -5.9966        -4.26954        
-0.275498        0.67215        -5.74662        -4.96312        
-0.331506        0.618999        -5.40656        -5.67339        
-0.383629        0.558682        -4.96261        -6.39073        
-0.430758        0.491185        -4.40026        -7.10093        
-0.471635        0.416663        -3.70558        -7.78387        
-0.504869        0.335507        -2.86717        -8.41234        
-0.528978        0.248416        -1.87941        -8.95144        
-0.542458        0.156478        -0.746544        -9.3593        
-0.543909        0.0612302        0.512612        -9.59011        
-0.532205        -0.035324        1.86096        -9.60017        
-0.50669        -0.130773        3.24253        -9.35663        
-0.467355        -0.222457        4.58709        -8.84695        
-0.414948        -0.307712        5.82025        -8.08538        
-0.35095        -0.384164        6.87666        -7.11296        
-0.277415        -0.449971        7.71135        -5.9903        
-0.196723        -0.50397        8.30518        -4.78564        
-0.111311        -0.545684        8.66324        -3.56305        
-0.0234577        -0.575231        8.80834        -2.37444        
0.0648558        -0.593173        8.77292        -1.25633        
0.152001        -0.600358        8.59214        -0.230738        
0.236699        -0.597788        8.29931        0.692088        
0.317987        -0.586516        7.92338        1.51023        
0.395166        -0.567583        7.48822        2.22713        
0.467751        -0.541974        7.01274        2.84923        
0.535421        -0.510598        6.5115        3.38443        
0.597981        -0.474285        5.99548        3.84097        
0.655331        -0.433779        5.47284        4.2269        
0.707438        -0.389747        4.94952        4.54968        
0.754321        -0.342785        4.42978        4.8161        
0.796034        -0.293425        3.91663        5.03214        
0.832654        -0.242142        3.41216        5.2031        
0.864277        -0.189363        2.91772        5.33356        
0.891008        -0.135471        2.43421        5.42748        
0.912961        -0.0808137        1.96213        5.48828        
0.930251        -0.0257058        1.50173        5.51888        
0.942995        0.0295639        1.05307        5.52178        
0.951312        0.0847298        0.616108        5.49909        
0.955318        0.139546        0.190692        5.45261        
0.955126        0.193782        -0.223356        5.38383        
0.95085        0.247222        -0.626241        5.29399        
0.942601        0.299662        -1.01816        5.18411        
0.930487        0.350905        -1.39931        5.055        
0.914615        0.400762        -1.76985        4.90729        
0.89509        0.44905        -2.12988        4.74144        
0.872017        0.495591        -2.47949        4.55777        
0.8455        0.540206        -2.81867        4.35645        
0.815644        0.58272        -3.14736        4.13752        
0.782553        0.622956        -3.46541        3.90088        
0.746336        0.660737        -3.77258        3.64633        
0.707101        0.695883        -4.06852        3.37354        
0.664965        0.728208        -4.35274        3.08206        
0.620047        0.757524        -4.62462        2.77135        
0.572473        0.783635        -4.88337        2.44073        
0.522379        0.806339        -5.12798        2.08942        
0.469913        0.825424        -5.35724        1.71655        
0.415235        0.84067        -5.56962        1.32115        
0.358521        0.851846        -5.7633        0.902127        
0.299968        0.858712        -5.93606        0.458361        
0.239799        0.861014        -6.08518        -0.0113383        
0.178265        0.858485        -6.20744        -0.50816        
0.115651        0.85085        -6.29892        -1.03324        
0.0522863        0.837821        -6.35492        -1.58756        
-0.0114477        0.819099        -6.36979        -2.17182        
-0.0751095        0.794384        -6.33681        -2.78627        
-0.138184        0.763374        -6.24798        -3.43039        
-0.200069        0.725776        -6.09387        -4.10252        
-0.260061        0.681323        -5.8635        -4.79936        
-0.317339        0.629789        -5.54432        -5.51517        
-0.370948        0.57102        -5.12243        -6.2409        
-0.419788        0.504971        -4.58309        -6.96299        
-0.46261        0.43176        -3.91185        -7.66205        
-0.498025        0.35173        -3.09656        -8.31166        
-0.524541        0.265527        -2.13036        -8.87758        
-0.540632        0.174179        -1.01583        -9.3183        
-0.544857        0.0791612        0.230281        -9.5878        
-0.536026        -0.0175772        1.57313        -9.64128        
-0.513395        -0.113664        2.95868        -9.44373        
-0.476853        -0.206452        4.31772        -8.97953        
-0.427041        -0.293255        5.57554        -8.25947        
-0.365342        -0.371641        6.66495        -7.32155        
-0.293742        -0.439686        7.53811        -6.22439        
-0.21458        -0.496129        8.1727        -5.03568        
-0.130288        -0.5404        8.57099        -3.82017        
-0.0431601        -0.572533        8.75373        -2.63119        
0.0447871        -0.593023        8.75219        -1.507        
0.131884        -0.602673        8.60105        -0.471235        
0.216808        -0.602448        8.33362        0.464459        
0.298556        -0.593383        7.97915        1.2971        
0.376391        -0.576506        7.56194        2.02936        
0.449795        -0.552796        7.10133        2.66715        
0.518418        -0.523163        6.61233        3.21799        
0.582041        -0.488436        6.10632        3.68992        
0.640544        -0.449365        5.59177        4.09083        
0.693877        -0.40662        5.07492        4.42814        
0.742042        -0.360802        4.56028        4.70856        
0.785082        -0.312449        4.05105        4.9381        
0.823063        -0.26204        3.54945        5.12204        
0.856071        -0.210008        3.05702        5.26499        
0.884204        -0.15674        2.57472        5.37093        
0.907566        -0.102589        2.10317        5.44331        
0.926267        -0.0478742        1.64269        5.48507        
0.94042        0.00711222        1.19339        5.49874        
0.950135        0.0621007        0.755284        5.48647        
0.955525        0.116842        0.328259        5.45005        
0.9567        0.171102        -0.0878309        5.39102        
0.953769        0.224662        -0.493163        5.31063        
0.946837        0.277314        -0.887921        5.20992        
0.93601        0.32886        -1.27228        5.08972        
0.921391        0.379109        -1.64638        4.95067        
0.903083        0.427874        -2.01034        4.79326        
0.881185        0.474974        -2.36422        4.61779        
0.855798        0.52023        -2.70803        4.42447        
0.827024        0.563463        -3.04171        4.21332        
0.794964        0.604496        -3.36511        3.98426        
0.759722        0.643148        -3.67801        3.73709        
0.721404        0.679238        -3.98005        3.47149        
0.680121        0.712578        -4.27078        3.187        
0.635988        0.742978        -4.5496        2.88308        
0.589129        0.77024        -4.81573        2.55904        
0.539673        0.794159        -5.06821        2.21411        
0.487764        0.814522        -5.30585        1.84739        
0.433556        0.831107        -5.5272        1.45788        
0.37722        0.84368        -5.73046        1.04449        
0.318947        0.851996        -5.91348        0.606011        
0.258951        0.8558        -6.07361        0.141217        
0.197475        0.854821        -6.20768        -0.351159        
0.134797        0.848777        -6.31184        -0.872338        
0.071238        0.837374        -6.38147        -1.42342        
0.00716786        0.820308        -6.411        -2.00525        
-0.056982        0.797269        -6.39379        -2.61824        
-0.120708        0.767944        -6.32191        -3.2621        
-0.18342        0.732027        -6.18598        -3.93548        
-0.244428        0.689234        -5.97506        -4.6354        
-0.302921        0.639319        -5.67659        -5.35659        
-0.357959        0.582102        -5.27651        -6.09054        
-0.408452        0.517508        -4.75983        -6.82431        
-0.453156        0.445616        -4.1116        -7.53923        
-0.490684        0.366724        -3.31887        -8.20957        
-0.519533        0.281425        -2.37359        -8.8017        
-0.538155        0.19069        -1.27672        -9.27443        
-0.545068        0.0959361        -0.0430087        -9.58144        
-0.539016        -0.000939124        1.29479        -9.67679        
-0.519172        -0.0975998        2.68441        -9.52339        
-0.485327        -0.191407        4.05754        -9.10265        
-0.438021        -0.279653        5.33903        -8.42211        
-0.378547        -0.359849        6.45991        -7.51691        
-0.308823        -0.429991        7.36956        -6.44392        
-0.231156        -0.488727        8.04266        -5.27036        
-0.14797        -0.535398        8.47884        -4.06169        
-0.0615787        -0.569961        8.69698        -2.87261        
0.0259699        -0.59285        8.72728        -1.74301        
0.112967        -0.604821        8.60401        -0.698054        
0.19805        -0.606812        8.3605        0.24933        
0.280177        -0.599835        8.02631        1.09519        
0.358576        -0.584908        7.62612        1.84147        
0.432699        -0.563005        7.17969        2.49361        
0.50217        -0.535036        6.70244        3.0588        
0.566748        -0.501829        6.2061        3.54488        
0.626292        -0.464138        5.69946        3.95961        
0.680737        -0.422637        5.18901        4.31033        
0.730072        -0.377931        4.67946        4.60372        
0.774326        -0.330563        4.17422        4.84579        
0.813557        -0.281016        3.67565        5.04181        
0.847839        -0.229726        3.18539        5.1964        
0.877265        -0.177088        2.70454        5.31359        
0.90193        -0.123455        2.23377        5.39681        
0.92194        -0.0691514        1.77347        5.44906        
0.9374        -0.0144736        1.32383        5.47286        
0.948417        0.0403058        0.884887        5.47039        
0.955097        0.0949342        0.456574        5.44348        
0.957548        0.149175        0.0387749        5.39366        
0.955873        0.202807        -0.368665        5.32222        
0.950175        0.25562        -0.765909        5.2302        
0.940555        0.307411        -1.15312        5.11846        
0.927112        0.357989        -1.53043        4.98764        
0.909946        0.407164        -1.89795        4.83824        
0.889154        0.454753        -2.25573        4.67058        
0.864832        0.500576        -2.6038        4.48487        
0.837078        0.544451        -2.94208        4.28114        
0.80599        0.586198        -3.27045        4.05931        
0.771669        0.625637        -3.58868        3.81919        
0.734216        0.662582        -3.89645        3.56045        
0.69374        0.696846        -4.19331        3.28262        
0.65035        0.728235        -4.47867        2.98516        
0.604166        0.756549        -4.7518        2.66737        
0.555314        0.781582        -5.01175        2.32845        
0.503931        0.803118        -5.25735        1.96748        
0.450167        0.820932        -5.48717        1.58344        
0.394188        0.834787        -5.69947        1.1752        
0.336178        0.844436        -5.8921        0.741531        
0.276346        0.849618        -6.06248        0.281151        
0.214928        0.850059        -6.20749        -0.207263        
0.152196        0.845472        -6.32333        -0.725007        
0.0884617        0.835559        -6.40544        -1.27328        
0.0240873        0.820007        -6.44833        -1.85304        
-0.0405049        0.798498        -6.44541        -2.46487        
-0.104821        0.770709        -6.38881        -3.10867        
-0.168281        0.736324        -6.26921        -3.78332        
-0.230205        0.695043        -6.07566        -4.48614        
-0.289794        0.646602        -5.79558        -5.21224        
-0.346117        0.590798        -5.41481        -5.95353        
-0.398091        0.527531        -4.91814        -6.6976        
-0.444479        0.456846        -4.29023        -7.42636        
-0.483895        0.379004        -3.51748        -8.11467        
-0.514829        0.294553        -2.59091        -8.72943        
-0.535713        0.204415        -1.51018        -9.22974        
-0.545033        0.109958        -0.288439        -9.56917        
-0.541482        0.0130319        1.04333        -9.70098        
-0.524166        -0.0840616        2.43446        -9.58649        
-0.492793        -0.178698        3.81759        -9.20481        
-0.447814        -0.268158        5.1175        -8.56074        
-0.390443        -0.349913        6.26405        -7.68692        
-0.322533        -0.421896        7.20454        -6.63844        
-0.246352        -0.482681        7.91117        -5.48177        
-0.16431        -0.531532        8.38129        -4.2826        
-0.0787262        -0.568334        8.63199        -3.09657        
0.00833001        -0.593463        8.6923        -1.96481        
0.0951197        -0.60763        8.59592        -0.913759        
0.180248        -0.611738        8.37603        0.042527        
0.26264        -0.606779        8.06226        0.89918        
0.341494        -0.593755        7.67954        1.65745        
0.416231        -0.57363        7.24797        2.32225        
0.486453        -0.547309        6.78324        2.90043        
0.551896        -0.515622        6.2974        3.39956        
0.612401        -0.479318        5.7995        3.82724        
0.667886        -0.439077        5.29627        4.19069        
0.718326        -0.395505        4.79262        4.49654        
0.763739        -0.349146        4.29212        4.75075        
0.804169        -0.30049        3.79728        4.95857        
0.839684        -0.249975        3.30987        5.12463        
0.870366        -0.197997        2.83106        5.25293        
0.896305        -0.144916        2.36164        5.34694        
0.917599        -0.0910584        1.90206        5.40964        
0.934347        -0.0367232        1.45256        5.4436        
0.94665        0.0178136        1.01322        5.45099        
0.954611        0.0722965        0.584035        5.43365        
0.958331        0.126487        0.164908        5.39315        
0.957909        0.18016        -0.244285        5.33077        
0.953445        0.233102        -0.64369        5.24758        
0.945035        0.285111        -1.03345        5.14443        
0.932776        0.335991        -1.41368        5.02199        
0.916762        0.385551        -1.78449        4.88075        
0.897086        0.433606        -2.14594        4.72107        
0.873843        0.479972        -2.49802        4.54313        
0.847126        0.524468        -2.84069        4.34699        
0.817029        0.566912        -3.17382        4.13256        
0.783649        0.60712        -3.49718        3.89966        
0.747085        0.644905        -3.81048        3.64794        
0.70744        0.680078        -4.11326        3.37697        
0.66482        0.712444        -4.40498        3.08615        
0.61934        0.741802        -4.68491        2.7748        
0.571122        0.767941        -4.95212        2.44211        
0.520298        0.790644        -5.20549        2.08714        
0.467012        0.809683        -5.44361        1.70884        
0.411426        0.82482        -5.66477        1.30604        
0.353717        0.835804        -5.86689        0.877491        
0.294088        0.84237        -6.04742        0.421857        
0.232768        0.844241        -6.20329        -0.0622451        
0.170022        0.841125        -6.33078        -0.57619        
0.106153        0.832717        -6.42537        -1.12127        
0.0415145        0.8187        -6.48165        -1.69858        
-0.0234802        0.798746        -6.49309        -2.30884        
-0.0883473        0.772523        -6.45189        -2.95214        
-0.152518        0.739703        -6.34876        -3.6276        
-0.215323        0.699971        -6.1728        -4.33287        
-0.275974        0.653046        -5.9114        -5.06339        
-0.33355        0.598703        -5.55031        -5.81155        
-0.38698        0.536815        -5.0741        -6.56546        
-0.435033        0.467394        -4.46707        -7.30761        
-0.476322        0.390662        -3.71499        -8.01351        
-0.509332        0.307124        -2.80794        -8.65059        
-0.53248        0.217651        -1.74426        -9.17831        
-0.544218        0.123558        -0.535484        -9.55015        
-0.54319        0.0266476        0.789227        -9.71864        
-0.528433        -0.0708151        2.18085        -9.64353        
-0.499573        -0.166223        3.57307        -9.30159        
-0.456972        -0.256847        4.89072        -8.69489        
-0.401759        -0.340121        6.06249        -7.85345        
-0.335722        -0.413916        7.03362        -6.83048        
-0.261086        -0.47673        7.77382        -5.69165        
-0.180245        -0.527749        8.27807        -4.50282        
-0.0955247        -0.566787        8.56161        -3.32055        
-0.00901315        -0.59416        8.6523        -2.18721        
0.0775212        -0.610531        8.5832        -1.13054        
0.162651        -0.616771        8.38729        -0.165733        
0.245267        -0.613846        8.09432        0.701408        
0.324537        -0.602743        7.72944        1.47142        
0.399856        -0.584417        7.31305        2.14869        
0.470798        -0.559769        6.86117        2.73968        
0.537079        -0.529624        6.38614        3.25172        
0.598521        -0.494734        5.89727        3.69224        
0.655025        -0.455779        5.40153        4.06834        
0.706552        -0.413367        4.90405        4.38659        
0.753106        -0.368047        4.40854        4.65288        
0.794722        -0.32031        3.91768        4.87246        
0.831459        -0.270598        3.43334        5.04995        
0.863389        -0.219311        2.95682        5.18935        
0.890596        -0.166811        2.48897        5.29414        
0.913169        -0.113428        2.03032        5.36731        
0.931202        -0.0594648        1.58117        5.41144        
0.944792        -0.00519946        1.14165        5.4287        
0.954035        0.0491093        0.711788        5.42098        
0.959028        0.10322        0.291528        5.38983        
0.959866        0.156906        -0.119229        5.33655        
0.956643        0.209951        -0.520607        5.26223        
0.949454        0.26215        -0.91273        5.16773        
0.938389        0.313306        -1.29571        5.05373        
0.923539        0.363225        -1.66964        4.92074        
0.904996        0.411721        -2.03458        4.7691        
0.882848        0.458607        -2.39051        4.59902        
0.857185        0.503701        -2.7374        4.41055        
0.8281        0.546818        -3.07512        4.20363        
0.795683        0.587773        -3.40346        3.97804        
0.76003        0.626379        -3.72213        3.73347        
0.72124        0.662443        -4.03069        3.46945        
0.679416        0.695768        -4.32861        3.18541        
0.634668        0.726151        -4.61519        2.88064        
0.587113        0.753381        -4.88952        2.55431        
0.536878        0.777237        -5.15051        2.20548        
0.484103        0.79749        -5.3968        1.83307        
0.428942        0.813899        -5.6267        1.43589        
0.371569        0.826208        -5.83817        1.01265        
0.312178        0.834152        -6.02874        0.561953        
0.250994        0.837447        -6.19536        0.0823657        
0.188271        0.835799        -6.33438        -0.427567        
0.124306        0.828896        -6.44136        -0.969235        
0.059444        0.816414        -6.51093        -1.54385        
-0.00591241        0.798019        -6.53665        -2.15229        
-0.071289        0.773368        -6.51076        -2.79484        
-0.136128        0.742122        -6.42403        -3.47086        
-0.19977        0.703951        -6.26559        -4.17829        
-0.261439        0.658556        -6.02279        -4.91293        
-0.320225        0.605692        -5.68132        -5.66763        
-0.375066        0.545204        -5.22553        -6.43101        
-0.424736        0.477072        -4.63935        -7.18618        
-0.467853        0.40148        -3.9079        -7.90925        
-0.502894        0.318887        -3.02034        -8.5682        
-0.528259        0.230116        -1.97373        -9.1228        
-0.542369        0.136431        -0.77797        -9.52645        
-0.543819        0.0395872        0.53954        -9.73094        
-0.531578        -0.0581876        1.93139        -9.69446        
-0.505191        -0.154302        3.33227        -9.3915        
-0.464933        -0.246018        4.667        -8.82142        
-0.411851        -0.33073        5.86315        -8.01172        
-0.34767        -0.406252        6.86393        -7.01381        
-0.274572        -0.471007        7.6366        -5.89257        
-0.194938        -0.524103        8.17386        -4.71407        
-0.111095        -0.565288        8.48918        -3.53575        
-0.0251538        -0.594818        8.60925        -2.40121        
0.0610899        -0.613312        8.56655        -1.33942        
0.146177        -0.621607        8.39389        -0.366686        
0.228968        -0.620646        8.12109        0.510286        
0.308599        -0.611401        7.77356        1.29135        
0.384439        -0.594819        7.37196        1.98039        
0.456038        -0.571793        6.93263        2.58352        
0.523091        -0.543149        6.46819        3.1078        
0.585402        -0.509637        5.98821        3.56052        
0.642856        -0.471938        5.49988        3.94865        
0.6954        -0.430664        5.00852        4.27869        
0.743026        -0.386364        4.51801        4.55652        
0.78576        -0.339534        4.03116        4.78734        
0.823649        -0.290618        3.54997        4.97575        
0.856759        -0.240019        3.07582        5.12578        
0.885166        -0.188102        2.60965        5.2409        
0.908952        -0.135201        2.15205        5.32411        
0.928207        -0.0816199        1.70339        5.37799        
0.94302        -0.027641        1.26384        5.40475        
0.953483        0.026475        0.833469        5.40625        
0.959689        0.0804841        0.412252        5.38409        
0.961729        0.134157        0.00011471        5.33957        
0.959692        0.187276        -0.403044        5.27379        
0.953668        0.239633        -0.797332        5.18762        
0.943745        0.291028        -1.18285        5.08174        
0.930011        0.341267        -1.55969        4.95667        
0.912551        0.390161        -1.92788        4.81278        
0.891453        0.437523        -2.28743        4.65025        
0.866803        0.483166        -2.6383        4.46917        
0.838687        0.526906        -2.98036        4.26944        
0.807195        0.568555        -3.31341        4.05089        
0.772419        0.607924        -3.63716        3.81316        
0.734452        0.644819        -3.95121        3.5558        
0.693395        0.67904        -4.25502        3.27824        
0.649352        0.710383        -4.54792        2.97974        
0.602436        0.738635        -4.82903        2.65948        
0.552771        0.763573        -5.09728        2.31647        
0.500491        0.784964        -5.35132        1.94963        
0.445745        0.802565        -5.58953        1.55773        
0.3887        0.816119        -5.8099        1.13945        
0.329547        0.825354        -6.00997        0.693342        
0.268501        0.829986        -6.18677        0.217918        
0.205811        0.829713        -6.33668        -0.288351        
0.141767        0.824219        -6.45531        -0.826943        
0.0767052        0.813174        -6.53736        -1.39919        
0.0110201        0.796235        -6.57641        -2.00609        
-0.054823        0.773052        -6.56477        -2.64813        
-0.120275        0.743272        -6.49323        -3.32487        
-0.184688        0.706554        -6.35093        -4.03451        
-0.247294        0.662582        -6.12519        -4.7732        
-0.307191        0.611091        -5.80157        -5.53412        
-0.363325        0.5519        -5.36425        -6.30637        
-0.414476        0.484963        -4.79678        -7.07351        
-0.459261        0.41043        -4.0838        -7.81213        
-0.496152        0.32872        -3.21365        -8.49068        
-0.523534        0.240616        -2.18237        -9.06917        
-0.5398        0.147337        -0.998522        -9.50094        
-0.543504        0.0505972        0.311927        -9.73719        
-0.533561        -0.0474068        1.70292        -9.73492        
-0.509446        -0.144101        3.11004        -9.46681        
-0.47136        -0.236743        4.45827        -8.93003        
-0.420281        -0.322702        5.67441        -8.14997        
-0.357872        -0.399742        6.70016        -7.17639        
-0.286278        -0.46623        7.50087        -6.0733        
-0.207855        -0.521208        8.06732        -4.9067        
-0.124931        -0.564364        8.41141        -3.73457        
-0.0396266        -0.5959        8.55869        -2.60138        
0.0462427        -0.616391        8.541        -1.53709        
0.131193        -0.626642        8.39083        -0.558935        
0.214059        -0.62757        8.13796        0.325598        
0.293953        -0.62013        7.80788        1.11571        
0.370217        -0.605256        7.42146        1.81481        
0.442382        -0.583833        6.99523        2.42863        
0.510122        -0.556683        6.54204        2.96397        
0.573222        -0.524554        6.07167        3.4279        
0.631555        -0.488125        5.59149        3.82728        
0.685052        -0.448008        5.107        4.16851        
0.733695        -0.404755        4.62222        4.45738        
0.777497        -0.358861        4.1401        4.69908        
0.816497        -0.310774        3.66273        4.89817        
0.850751        -0.260898        3.1916        5.05865        
0.880329        -0.209601        2.72772        5.18399        
0.905306        -0.157218        2.27175        5.2772        
0.925764        -0.104056        1.82411        5.34086        
0.941788        -0.0504006        1.38504        5.37717        
0.953465        0.00348681        0.954622        5.38801        
0.960881        0.0573595        0.532879        5.37496        
0.964122        0.110986        0.119763        5.33936        
0.963276        0.164147        -0.284807        5.2823        
0.958426        0.216632        -0.680921        5.20466        
0.949657        0.26824        -1.06867        5.10713        
0.937053        0.318775        -1.44812        4.99023        
0.920695        0.368045        -1.81931        4.85433        
0.900666        0.415861        -2.18225        4.69963        
0.87705        0.462037        -2.53689        4.52621        
0.849929        0.506385        -2.8831        4.33398        
0.819388        0.548717        -3.22069        4.12276        
0.785515        0.588841        -3.54939        3.8922        
0.7484        0.626561        -3.86879        3.64183        
0.708139        0.661677        -4.17839        3.37108        
0.664832        0.693983        -4.47752        3.07921        
0.618589        0.723261        -4.76533        2.76537        
0.569526        0.74929        -5.04078        2.42857        
0.517773        0.771833        -5.30255        2.06769        
0.463475        0.790644        -5.54904        1.68147        
0.406792        0.805462        -5.77828        1.26856        
0.347909        0.816015        -5.98787        0.827478        
0.287035        0.822012        -6.17488        0.356658        
0.224411        0.823148        -6.33574        -0.145496        
0.16032        0.819102        -6.46613        -0.68055        
0.0950889        0.809537        -6.56078        -1.24995        
0.0291043        0.794103        -6.61336        -1.85484        
-0.0371783        0.77244        -6.61622        -2.49586        
-0.10322        0.744186        -6.5602        -3.1728        
-0.168382        0.708984        -6.43444        -3.88413        
-0.231909        0.666503        -6.22625        -4.62632        
-0.292907        0.616458        -5.92113        -5.39296        
-0.350331        0.558644        -5.50305        -6.17359        
-0.402968        0.492986        -4.95525        -6.95232        
-0.449436        0.419598        -4.26184        -7.70627        
-0.488205        0.338861        -3.41038        -8.40439        
-0.517644        0.25151        -2.39578        -9.00705        
-0.536121        0.15872        -1.22524        -9.46757        
-0.542149        0.0621586        0.0768714        -9.73662        
-0.534583        -0.0360127        1.46597        -9.76996        
-0.512829        -0.133241        2.8787        -9.53837        
-0.477009        -0.22678        4.24026        -9.03668        
-0.428024        -0.313974        5.47671        -8.28794        
-0.367475        -0.392539        6.52815        -7.34011        
-0.297461        -0.460776        7.35784        -6.25626        
-0.220318        -0.517664        7.95452        -5.1023        
-0.138371        -0.562822        8.32838        -3.93677        
-0.0537505        -0.5964        8.50379        -2.80511        
0.0317051        -0.618925        8.51187        -1.73832        
0.116487        -0.631166        8.38483        -0.754631        
0.199402        -0.634017        8.15239        0.137613        
0.279535        -0.628414        7.84017        0.936951        
0.356205        -0.615278        7.46923        1.64627        
0.428919        -0.595488        7.05635        2.27093        
0.497332        -0.56986        6.61461        2.81746        
0.561212        -0.539139        6.15401        3.29273        
0.620412        -0.504005        5.68213        3.70346        
0.674854        -0.46507        5.20462        4.05594        
0.724505        -0.422886        4.72568        4.35593        
0.769368        -0.377951        4.24837        4.60856        
0.809472        -0.330715        3.77491        4.81838        
0.844866        -0.281584        3.30687        4.98935        
0.87561        -0.230928        2.84535        5.12497        
0.901773        -0.179084        2.39108        5.22821        
0.923431        -0.126364        1.94453        5.30168        
0.940664        -0.0730509        1.506        5.34757        
0.953551        -0.0194121        1.07561        5.36778        
0.962176        0.0343046        0.653411        5.36389        
0.966619        0.0878656        0.239389        5.33724        
0.966964        0.141049        -0.166516        5.28893        
0.963289        0.193644        -0.564377        5.21984        
0.955676        0.245446        -0.95427        5.13069        
0.944204        0.296258        -1.33626        5.022        
0.928951        0.345886        -1.71037        4.89412        
0.909996        0.39414        -2.0766        4.74727        
0.887419        0.440832        -2.43491        4.58153        
0.861298        0.485771        -2.78518        4.39682        
0.831715        0.528768        -3.12723        4.19294        
0.798754        0.56963        -3.46077        3.96955        
