Velocity-Verlet algorithm (2D)
neptune (x, y, vx, vy)
Timestep: 15 years

28.6229        -8.79115        0.329121        1.103        
28.6262        -8.78012        0.328659        1.1031        
28.6294        -8.76909        0.328188        1.10318        
28.6327        -8.75806        0.327753        1.10329        
28.636        -8.74702        0.327325        1.10341        
28.6393        -8.73599        0.3269        1.10353        
28.6425        -8.72495        0.326476        1.10365        
28.6458        -8.71392        0.326053        1.10378        
28.6491        -8.70288        0.32563        1.1039        
28.6523        -8.69184        0.325207        1.10403        
28.6556        -8.6808        0.324785        1.10416        
28.6588        -8.66976        0.324362        1.10428        
28.662        -8.65871        0.32394        1.10441        
28.6653        -8.64767        0.323517        1.10453        
28.6685        -8.63662        0.323095        1.10466        
28.6717        -8.62557        0.322672        1.10479        
28.675        -8.61453        0.32225        1.10491        
28.6782        -8.60348        0.321827        1.10504        
28.6814        -8.59242        0.321405        1.10517        
28.6846        -8.58137        0.320982        1.10529        
28.6878        -8.57032        0.32056        1.10542        
28.691        -8.55926        0.320137        1.10554        
28.6942        -8.54821        0.319715        1.10567        
28.6974        -8.53715        0.319292        1.10579        
28.7006        -8.52609        0.318869        1.10592        
28.7038        -8.51503        0.318446        1.10605        
28.707        -8.50397        0.318024        1.10617        
28.7102        -8.49291        0.317601        1.1063        
28.7133        -8.48184        0.317178        1.10642        
28.7165        -8.47078        0.316755        1.10654        
28.7197        -8.45971        0.316332        1.10667        
28.7228        -8.44865        0.315909        1.10679        
28.726        -8.43758        0.315486        1.10692        
28.7291        -8.42651        0.315062        1.10704        
28.7323        -8.41544        0.314639        1.10717        
28.7354        -8.40437        0.314216        1.10729        
28.7386        -8.39329        0.313793        1.10741        
28.7417        -8.38222        0.313369        1.10754        
28.7448        -8.37114        0.312946        1.10766        
28.748        -8.36006        0.312523        1.10778        
28.7511        -8.34899        0.312099        1.1079        
28.7542        -8.33791        0.311676        1.10803        
28.7573        -8.32682        0.311252        1.10815        
28.7604        -8.31574        0.310828        1.10827        
28.7635        -8.30466        0.310405        1.10839        
28.7666        -8.29357        0.309981        1.10852        
28.7697        -8.28249        0.309557        1.10864        
28.7728        -8.2714        0.309133        1.10876        
28.7759        -8.26031        0.30871        1.10888        
28.779        -8.24922        0.308286        1.109        
28.7821        -8.23813        0.307862        1.10912        
28.7852        -8.22704        0.307438        1.10925        
28.7882        -8.21595        0.307014        1.10937        
28.7913        -8.20485        0.306589        1.10949        
28.7944        -8.19376        0.306165        1.10961        
28.7974        -8.18266        0.305741        1.10973        
28.8005        -8.17156        0.305317        1.10985        
28.8035        -8.16047        0.304892        1.10997        
28.8066        -8.14936        0.304468        1.11009        
28.8096        -8.13826        0.304044        1.11021        
28.8127        -8.12716        0.303619        1.11033        
28.8157        -8.11606        0.303195        1.11045        
28.8187        -8.10495        0.30277        1.11057        
28.8218        -8.09385        0.302346        1.11069        
28.8248        -8.08274        0.301921        1.11081        
28.8278        -8.07163        0.301496        1.11093        
28.8308        -8.06052        0.301071        1.11104        
28.8338        -8.04941        0.300647        1.11116        
28.8368        -8.0383        0.300222        1.11128        
28.8398        -8.02718        0.299797        1.1114        
28.8428        -8.01607        0.299372        1.11152        
28.8458        -8.00495        0.298947        1.11164        
28.8488        -7.99384        0.298522        1.11175        
28.8518        -7.98272        0.298097        1.11187        
28.8548        -7.9716        0.297672        1.11199        
28.8577        -7.96048        0.297246        1.11211        
28.8607        -7.94936        0.296821        1.11222        
28.8637        -7.93823        0.296396        1.11234        
28.8666        -7.92711        0.295971        1.11246        
28.8696        -7.91598        0.295545        1.11257        
28.8725        -7.90486        0.29512        1.11269        
28.8755        -7.89373        0.294694        1.11281        
28.8784        -7.8826        0.294269        1.11292        
28.8814        -7.87147        0.293843        1.11304        
28.8843        -7.86034        0.293418        1.11315        
28.8872        -7.84921        0.292992        1.11327        
28.8902        -7.83808        0.292566        1.11338        
28.8931        -7.82694        0.292141        1.1135        
28.896        -7.81581        0.291715        1.11361        
28.8989        -7.80467        0.291289        1.11373        
28.9018        -7.79353        0.290863        1.11384        
28.9047        -7.78239        0.290437        1.11396        
28.9076        -7.77125        0.290011        1.11407        
28.9105        -7.76011        0.289585        1.11419        
28.9134        -7.74897        0.289159        1.1143        
28.9163        -7.73782        0.288733        1.11442        
28.9192        -7.72668        0.288307        1.11453        
28.9221        -7.71553        0.28788        1.11464        
28.925        -7.70439        0.287454        1.11476        
28.9278        -7.69324        0.287028        1.11487        
28.9307        -7.68209        0.286601        1.11498        
28.9336        -7.67094        0.286175        1.1151        
28.9364        -7.65979        0.285748        1.11521        
28.9393        -7.64863        0.285322        1.11532        
28.9421        -7.63748        0.284895        1.11544        
28.945        -7.62633        0.284469        1.11555        
28.9478        -7.61517        0.284042        1.11566        
28.9507        -7.60401        0.283615        1.11577        
28.9535        -7.59285        0.283189        1.11588        
28.9563        -7.5817        0.282762        1.116        
28.9592        -7.57053        0.282335        1.11611        
28.962        -7.55937        0.281908        1.11622        
28.9648        -7.54821        0.281481        1.11633        
28.9676        -7.53705        0.281054        1.11644        
28.9704        -7.52588        0.280627        1.11655        
28.9732        -7.51472        0.2802        1.11666        
28.976        -7.50355        0.279773        1.11677        
28.9788        -7.49238        0.279346        1.11688        
28.9816        -7.48121        0.278919        1.11699        
28.9844        -7.47004        0.278491        1.1171        
28.9872        -7.45887        0.278064        1.11721        
28.99        -7.4477        0.277637        1.11732        
28.9927        -7.43652        0.277209        1.11743        
28.9955        -7.42535        0.276782        1.11754        
28.9983        -7.41417        0.276355        1.11765        
29.001        -7.40299        0.275927        1.11776        
29.0038        -7.39182        0.275499        1.11787        
29.0065        -7.38064        0.275072        1.11798        
29.0093        -7.36946        0.274644        1.11809        
29.012        -7.35828        0.274216        1.1182        
29.0148        -7.34709        0.273789        1.1183        
29.0175        -7.33591        0.273361        1.11841        
29.0202        -7.32472        0.272933        1.11852        
29.023        -7.31354        0.272505        1.11863        
29.0257        -7.30235        0.272077        1.11874        
29.0284        -7.29116        0.271649        1.11884        
29.0311        -7.27997        0.271221        1.11895        
29.0338        -7.26878        0.270793        1.11906        
29.0365        -7.25759        0.270365        1.11916        
29.0392        -7.2464        0.269937        1.11927        
29.0419        -7.23521        0.269509        1.11938        
29.0446        -7.22401        0.269081        1.11948        
29.0473        -7.21282        0.268652        1.11959        
29.05        -7.20162        0.268224        1.1197        
29.0527        -7.19042        0.267796        1.1198        
29.0554        -7.17923        0.267367        1.11991        
29.058        -7.16803        0.266939        1.12001        
29.0607        -7.15683        0.26651        1.12012        
29.0634        -7.14562        0.266082        1.12023        
29.066        -7.13442        0.265653        1.12033        
29.0687        -7.12322        0.265224        1.12044        
29.0713        -7.11201        0.264796        1.12054        
29.074        -7.10081        0.264367        1.12065        
29.0766        -7.0896        0.263938        1.12075        
29.0792        -7.07839        0.263509        1.12085        
29.0819        -7.06718        0.263081        1.12096        
29.0845        -7.05597        0.262652        1.12106        
29.0871        -7.04476        0.262223        1.12117        
29.0897        -7.03355        0.261794        1.12127        
29.0924        -7.02234        0.261365        1.12137        
29.095        -7.01112        0.260936        1.12148        
29.0976        -6.99991        0.260507        1.12158        
29.1002        -6.98869        0.260077        1.12168        
29.1028        -6.97747        0.259648        1.12179        
29.1054        -6.96625        0.259219        1.12189        
29.108        -6.95503        0.25879        1.12199        
29.1106        -6.94381        0.25836        1.12209        
29.1131        -6.93259        0.257931        1.1222        
29.1157        -6.92137        0.257501        1.1223        
29.1183        -6.91015        0.257072        1.1224        
29.1209        -6.89892        0.256643        1.1225        
29.1234        -6.8877        0.256213        1.1226        
29.126        -6.87647        0.255783        1.1227        
29.1285        -6.86524        0.255354        1.12281        
29.1311        -6.85401        0.254924        1.12291        
29.1336        -6.84278        0.254494        1.12301        
29.1362        -6.83155        0.254065        1.12311        
29.1387        -6.82032        0.253635        1.12321        
29.1412        -6.80909        0.253205        1.12331        
29.1438        -6.79786        0.252775        1.12341        
29.1463        -6.78662        0.252345        1.12351        
29.1488        -6.77539        0.251915        1.12361        
29.1513        -6.76415        0.251485        1.12371        
29.1539        -6.75291        0.251055        1.12381        
29.1564        -6.74167        0.250625        1.12391        
29.1589        -6.73043        0.250195        1.12401        
29.1614        -6.71919        0.249765        1.12411        
29.1639        -6.70795        0.249335        1.12421        
29.1664        -6.69671        0.248904        1.1243        
29.1688        -6.68547        0.248474        1.1244        
29.1713        -6.67422        0.248044        1.1245        
29.1738        -6.66298        0.247613        1.1246        
29.1763        -6.65173        0.247183        1.1247        
29.1787        -6.64048        0.246752        1.1248        
29.1812        -6.62923        0.246322        1.12489        
29.1837        -6.61798        0.245891        1.12499        
29.1861        -6.60673        0.245461        1.12509        
29.1886        -6.59548        0.24503        1.12519        
29.191        -6.58423        0.244599        1.12528        
29.1935        -6.57298        0.244169        1.12538        
29.1959        -6.56172        0.243738        1.12548        
29.1983        -6.55047        0.243307        1.12557        
29.2008        -6.53921        0.242876        1.12567        
29.2032        -6.52795        0.242446        1.12577        
29.2056        -6.5167        0.242015        1.12586        
29.208        -6.50544        0.241584        1.12596        
29.2105        -6.49418        0.241153        1.12605        
29.2129        -6.48292        0.240722        1.12615        
29.2153        -6.47165        0.240291        1.12625        
29.2177        -6.46039        0.239859        1.12634        
29.2201        -6.44913        0.239428        1.12644        
29.2225        -6.43786        0.238997        1.12653        
29.2249        -6.4266        0.238566        1.12663        
29.2272        -6.41533        0.238135        1.12672        
29.2296        -6.40406        0.237703        1.12681        
29.232        -6.39279        0.237272        1.12691        
29.2344        -6.38152        0.236841        1.127        
29.2367        -6.37025        0.236409        1.1271        
29.2391        -6.35898        0.235978        1.12719        
29.2414        -6.34771        0.235546        1.12728        
29.2438        -6.33644        0.235115        1.12738        
29.2461        -6.32516        0.234683        1.12747        
29.2485        -6.31389        0.234251        1.12756        
29.2508        -6.30261        0.23382        1.12766        
29.2532        -6.29133        0.233388        1.12775        
29.2555        -6.28006        0.232956        1.12784        
29.2578        -6.26878        0.232524        1.12794        
29.2602        -6.2575        0.232093        1.12803        
29.2625        -6.24622        0.231661        1.12812        
29.2648        -6.23493        0.231229        1.12821        
29.2671        -6.22365        0.230797        1.1283        
29.2694        -6.21237        0.230365        1.1284        
29.2717        -6.20108        0.229933        1.12849        
29.274        -6.1898        0.229501        1.12858        
29.2763        -6.17851        0.229069        1.12867        
29.2786        -6.16722        0.228637        1.12876        
29.2809        -6.15594        0.228204        1.12885        
29.2831        -6.14465        0.227772        1.12894        
29.2854        -6.13336        0.22734        1.12903        
29.2877        -6.12207        0.226908        1.12912        
29.29        -6.11078        0.226475        1.12921        
29.2922        -6.09948        0.226043        1.1293        
29.2945        -6.08819        0.225611        1.12939        
29.2967        -6.07689        0.225178        1.12948        
29.299        -6.0656        0.224746        1.12957        
29.3012        -6.0543        0.224313        1.12966        
29.3035        -6.04301        0.223881        1.12975        
29.3057        -6.03171        0.223448        1.12984        
29.3079        -6.02041        0.223015        1.12993        
29.3102        -6.00911        0.222583        1.13002        
29.3124        -5.99781        0.22215        1.13011        
29.3146        -5.98651        0.221717        1.13019        
29.3168        -5.97521        0.221284        1.13028        
29.319        -5.9639        0.220852        1.13037        
29.3212        -5.9526        0.220419        1.13046        
29.3234        -5.94129        0.219986        1.13055        
29.3256        -5.92999        0.219553        1.13063        
29.3278        -5.91868        0.21912        1.13072        
29.33        -5.90737        0.218687        1.13081        
29.3322        -5.89606        0.218254        1.13089        
29.3344        -5.88475        0.217821        1.13098        
29.3366        -5.87344        0.217388        1.13107        
29.3387        -5.86213        0.216954        1.13115        
29.3409        -5.85082        0.216521        1.13124        
29.3431        -5.83951        0.216088        1.13133        
29.3452        -5.82819        0.215655        1.13141        
29.3474        -5.81688        0.215221        1.1315        
29.3495        -5.80557        0.214788        1.13158        
29.3517        -5.79425        0.214355        1.13167        
29.3538        -5.78293        0.213921        1.13176        
29.356        -5.77161        0.213488        1.13184        
29.3581        -5.76029        0.213054        1.13193        
29.3602        -5.74898        0.212621        1.13201        
29.3623        -5.73765        0.212187        1.1321        
29.3645        -5.72633        0.211754        1.13218        
29.3666        -5.71501        0.21132        1.13226        
29.3687        -5.70369        0.210886        1.13235        
29.3708        -5.69236        0.210453        1.13243        
29.3729        -5.68104        0.210019        1.13252        
29.375        -5.66971        0.209585        1.1326        
29.3771        -5.65839        0.209151        1.13268        
29.3792        -5.64706        0.208718        1.13277        
29.3813        -5.63573        0.208284        1.13285        
29.3833        -5.6244        0.20785        1.13293        
29.3854        -5.61307        0.207416        1.13302        
29.3875        -5.60174        0.206982        1.1331        
29.3896        -5.59041        0.206548        1.13318        
29.3916        -5.57908        0.206114        1.13326        
29.3937        -5.56775        0.20568        1.13335        
29.3957        -5.55641        0.205245        1.13343        
29.3978        -5.54508        0.204811        1.13351        
29.3998        -5.53374        0.204377        1.13359        
29.4019        -5.52241        0.203943        1.13367        
29.4039        -5.51107        0.203509        1.13375        
29.4059        -5.49973        0.203074        1.13384        
29.408        -5.48839        0.20264        1.13392        
29.41        -5.47705        0.202206        1.134        
29.412        -5.46571        0.201771        1.13408        
29.414        -5.45437        0.201337        1.13416        
29.416        -5.44303        0.200902        1.13424        
29.418        -5.43169        0.200468        1.13432        
29.4201        -5.42034        0.200033        1.1344        
29.422        -5.409        0.199599        1.13448        
29.424        -5.39765        0.199164        1.13456        
29.426        -5.38631        0.198729        1.13464        
29.428        -5.37496        0.198295        1.13472        
29.43        -5.36361        0.19786        1.1348        
29.432        -5.35226        0.197425        1.13488        
29.4339        -5.34091        0.19699        1.13495        
29.4359        -5.32956        0.196556        1.13503        
29.4379        -5.31821        0.196121        1.13511        
29.4398        -5.30686        0.195686        1.13519        
29.4418        -5.29551        0.195251        1.13527        
29.4437        -5.28416        0.194816        1.13535        
29.4457        -5.2728        0.194381        1.13542        
29.4476        -5.26145        0.193946        1.1355        
29.4496        -5.25009        0.193511        1.13558        
29.4515        -5.23874        0.193076        1.13566        
29.4534        -5.22738        0.192641        1.13573        
29.4554        -5.21602        0.192206        1.13581        
29.4573        -5.20466        0.19177        1.13589        
29.4592        -5.1933        0.191335        1.13596        
29.4611        -5.18194        0.1909        1.13604        
29.463        -5.17058        0.190465        1.13612        
29.4649        -5.15922        0.190029        1.13619        
29.4668        -5.14786        0.189594        1.13627        
29.4687        -5.1365        0.189158        1.13635        
29.4706        -5.12513        0.188723        1.13642        
29.4725        -5.11377        0.188288        1.1365        
29.4744        -5.1024        0.187852        1.13657        
29.4762        -5.09104        0.187417        1.13665        
29.4781        -5.07967        0.186981        1.13672        
29.48        -5.0683        0.186545        1.1368        
29.4818        -5.05693        0.18611        1.13687        
29.4837        -5.04557        0.185674        1.13695        
29.4855        -5.0342        0.185239        1.13702        
29.4874        -5.02282        0.184803        1.1371        
29.4892        -5.01145        0.184367        1.13717        
29.4911        -5.00008        0.183931        1.13724        
29.4929        -4.98871        0.183496        1.13732        
29.4948        -4.97734        0.18306        1.13739        
29.4966        -4.96596        0.182624        1.13746        
29.4984        -4.95459        0.182188        1.13754        
29.5002        -4.94321        0.181752        1.13761        
29.502        -4.93183        0.181316        1.13768        
29.5039        -4.92046        0.18088        1.13776        
29.5057        -4.90908        0.180444        1.13783        
29.5075        -4.8977        0.180008        1.1379        
29.5093        -4.88632        0.179572        1.13797        
29.5111        -4.87494        0.179136        1.13804        
29.5128        -4.86356        0.1787        1.13812        
29.5146        -4.85218        0.178263        1.13819        
29.5164        -4.8408        0.177827        1.13826        
29.5182        -4.82941        0.177391        1.13833        
29.52        -4.81803        0.176955        1.1384        
29.5217        -4.80664        0.176518        1.13847        
29.5235        -4.79526        0.176082        1.13854        
29.5252        -4.78387        0.175646        1.13862        
29.527        -4.77249        0.175209        1.13869        
29.5287        -4.7611        0.174773        1.13876        
29.5305        -4.74971        0.174336        1.13883        
29.5322        -4.73832        0.1739        1.1389        
29.534        -4.72693        0.173463        1.13897        
29.5357        -4.71554        0.173027        1.13904        
29.5374        -4.70415        0.17259        1.13911        
29.5392        -4.69276        0.172154        1.13917        
29.5409        -4.68137        0.171717        1.13924        
29.5426        -4.66998        0.17128        1.13931        
29.5443        -4.65858        0.170844        1.13938        
29.546        -4.64719        0.170407        1.13945        
29.5477        -4.63579        0.16997        1.13952        
29.5494        -4.6244        0.169533        1.13959        
29.5511        -4.613        0.169096        1.13966        
29.5528        -4.60161        0.16866        1.13972        
29.5545        -4.59021        0.168223        1.13979        
29.5562        -4.57881        0.167786        1.13986        
29.5578        -4.56741        0.167349        1.13993        
29.5595        -4.55601        0.166912        1.13999        
29.5612        -4.54461        0.166475        1.14006        
29.5628        -4.53321        0.166038        1.14013        
29.5645        -4.52181        0.165601        1.1402        
29.5661        -4.51041        0.165164        1.14026        
29.5678        -4.499        0.164727        1.14033        
29.5694        -4.4876        0.164289        1.14039        
29.5711        -4.4762        0.163852        1.14046        
29.5727        -4.46479        0.163415        1.14053        
29.5743        -4.45339        0.162978        1.14059        
29.576        -4.44198        0.162541        1.14066        
29.5776        -4.43057        0.162103        1.14072        
29.5792        -4.41916        0.161666        1.14079        
29.5808        -4.40776        0.161229        1.14085        
29.5824        -4.39635        0.160791        1.14092        
29.584        -4.38494        0.160354        1.14098        
29.5856        -4.37353        0.159916        1.14105        
29.5872        -4.36212        0.159479        1.14111        
29.5888        -4.35071        0.159042        1.14118        
29.5904        -4.33929        0.158604        1.14124        
29.592        -4.32788        0.158167        1.14131        
29.5936        -4.31647        0.157729        1.14137        
29.5952        -4.30505        0.157291        1.14143        
29.5967        -4.29364        0.156854        1.1415        
29.5983        -4.28222        0.156416        1.14156        
29.5999        -4.27081        0.155978        1.14162        
29.6014        -4.25939        0.155541        1.14169        
29.603        -4.24797        0.155103        1.14175        
29.6045        -4.23656        0.154665        1.14181        
29.6061        -4.22514        0.154227        1.14187        
29.6076        -4.21372        0.15379        1.14194        
29.6091        -4.2023        0.153352        1.142        
29.6107        -4.19088        0.152914        1.14206        
29.6122        -4.17946        0.152476        1.14212        
29.6137        -4.16804        0.152038        1.14218        
29.6152        -4.15661        0.1516        1.14225        
29.6168        -4.14519        0.151162        1.14231        
29.6183        -4.13377        0.150724        1.14237        
29.6198        -4.12234        0.150286        1.14243        
29.6213        -4.11092        0.149848        1.14249        
29.6228        -4.09949        0.14941        1.14255        
29.6243        -4.08807        0.148972        1.14261        
29.6257        -4.07664        0.148534        1.14267        
29.6272        -4.06521        0.148096        1.14273        
29.6287        -4.05379        0.147657        1.14279        
29.6302        -4.04236        0.147219        1.14285        
29.6317        -4.03093        0.146781        1.14291        
29.6331        -4.0195        0.146343        1.14297        
29.6346        -4.00807        0.145904        1.14303        
29.636        -3.99664        0.145466        1.14309        
29.6375        -3.98521        0.145028        1.14315        
29.6389        -3.97378        0.144589        1.14321        
29.6404        -3.96234        0.144151        1.14327        
29.6418        -3.95091        0.143713        1.14332        
29.6433        -3.93948        0.143274        1.14338        
29.6447        -3.92804        0.142836        1.14344        
29.6461        -3.91661        0.142397        1.1435        
29.6475        -3.90517        0.141959        1.14356        
29.649        -3.89374        0.14152        1.14361        
29.6504        -3.8823        0.141082        1.14367        
29.6518        -3.87086        0.140643        1.14373        
29.6532        -3.85943        0.140204        1.14379        
29.6546        -3.84799        0.139766        1.14384        
29.656        -3.83655        0.139327        1.1439        
29.6574        -3.82511        0.138888        1.14396        
29.6587        -3.81367        0.13845        1.14401        
29.6601        -3.80223        0.138011        1.14407        
29.6615        -3.79079        0.137572        1.14412        
29.6629        -3.77935        0.137133        1.14418        
29.6643        -3.76791        0.136695        1.14424        
29.6656        -3.75646        0.136256        1.14429        
29.667        -3.74502        0.135817        1.14435        
29.6683        -3.73358        0.135378        1.1444        
29.6697        -3.72213        0.134939        1.14446        
29.671        -3.71069        0.1345        1.14451        
29.6724        -3.69924        0.134061        1.14457        
29.6737        -3.6878        0.133622        1.14462        
29.675        -3.67635        0.133183        1.14468        
29.6764        -3.6649        0.132744        1.14473        
29.6777        -3.65346        0.132305        1.14479        
29.679        -3.64201        0.131866        1.14484        
29.6803        -3.63056        0.131427        1.14489        
29.6817        -3.61911        0.130988        1.14495        
29.683        -3.60766        0.130549        1.145        
29.6843        -3.59621        0.130109        1.14505        
29.6856        -3.58476        0.12967        1.14511        
29.6869        -3.57331        0.129231        1.14516        
29.6881        -3.56186        0.128792        1.14521        
29.6894        -3.5504        0.128353        1.14526        
29.6907        -3.53895        0.127913        1.14532        
29.692        -3.5275        0.127474        1.14537        
29.6933        -3.51604        0.127035        1.14542        
29.6945        -3.50459        0.126595        1.14547        
29.6958        -3.49313        0.126156        1.14552        
29.6971        -3.48168        0.125716        1.14558        
29.6983        -3.47022        0.125277        1.14563        
29.6996        -3.45876        0.124838        1.14568        
29.7008        -3.44731        0.124398        1.14573        
29.702        -3.43585        0.123959        1.14578        
29.7033        -3.42439        0.123519        1.14583        
29.7045        -3.41293        0.12308        1.14588        
29.7057        -3.40147        0.12264        1.14593        
29.707        -3.39002        0.122201        1.14598        
29.7082        -3.37855        0.121761        1.14603        
29.7094        -3.36709        0.121321        1.14608        
29.7106        -3.35563        0.120882        1.14613        
29.7118        -3.34417        0.120442        1.14618        
29.713        -3.33271        0.120002        1.14623        
29.7142        -3.32125        0.119563        1.14628        
29.7154        -3.30978        0.119123        1.14633        
29.7166        -3.29832        0.118683        1.14638        
29.7178        -3.28686        0.118243        1.14643        
29.719        -3.27539        0.117804        1.14648        
29.7201        -3.26393        0.117364        1.14652        
29.7213        -3.25246        0.116924        1.14657        
29.7225        -3.241        0.116484        1.14662        
29.7236        -3.22953        0.116044        1.14667        
29.7248        -3.21806        0.115604        1.14672        
29.726        -3.20659        0.115164        1.14676        
29.7271        -3.19513        0.114724        1.14681        
29.7283        -3.18366        0.114285        1.14686        
29.7294        -3.17219        0.113845        1.14691        
29.7305        -3.16072        0.113405        1.14695        
29.7317        -3.14925        0.112965        1.147        
29.7328        -3.13778        0.112525        1.14705        
29.7339        -3.12631        0.112084        1.14709        
29.735        -3.11484        0.111644        1.14714        
29.7361        -3.10337        0.111204        1.14718        
29.7373        -3.09189        0.110764        1.14723        
29.7384        -3.08042        0.110324        1.14728        
29.7395        -3.06895        0.109884        1.14732        
29.7406        -3.05748        0.109444        1.14737        
29.7417        -3.046        0.109003        1.14741        
29.7427        -3.03453        0.108563        1.14746        
29.7438        -3.02305        0.108123        1.1475        
29.7449        -3.01158        0.107683        1.14755        
29.746        -3.0001        0.107243        1.14759        
29.747        -2.98863        0.106802        1.14763        
29.7481        -2.97715        0.106362        1.14768        
29.7492        -2.96567        0.105922        1.14772        
29.7502        -2.95419        0.105481        1.14777        
29.7513        -2.94272        0.105041        1.14781        
29.7523        -2.93124        0.1046        1.14785        
29.7534        -2.91976        0.10416        1.1479        
29.7544        -2.90828        0.10372        1.14794        
29.7555        -2.8968        0.103279        1.14798        
29.7565        -2.88532        0.102839        1.14803        
29.7575        -2.87384        0.102398        1.14807        
29.7585        -2.86236        0.101958        1.14811        
29.7595        -2.85088        0.101517        1.14815        
29.7606        -2.8394        0.101077        1.1482        
29.7616        -2.82791        0.100636        1.14824        
29.7626        -2.81643        0.100196        1.14828        
29.7636        -2.80495        0.099755        1.14832        
29.7646        -2.79347        0.0993144        1.14836        
29.7656        -2.78198        0.0988737        1.1484        
29.7665        -2.7705        0.0984331        1.14844        
29.7675        -2.75901        0.0979924        1.14849        
29.7685        -2.74753        0.0975518        1.14853        
29.7695        -2.73604        0.0971111        1.14857        
29.7704        -2.72456        0.0966703        1.14861        
29.7714        -2.71307        0.0962296        1.14865        
29.7724        -2.70158        0.0957889        1.14869        
29.7733        -2.6901        0.0953481        1.14873        
29.7743        -2.67861        0.0949073        1.14877        
29.7752        -2.66712        0.0944665        1.14881        
29.7762        -2.65563        0.0940257        1.14885        
29.7771        -2.64414        0.0935848        1.14889        
29.778        -2.63265        0.093144        1.14892        
29.779        -2.62117        0.0927031        1.14896        
29.7799        -2.60968        0.0922622        1.149        
29.7808        -2.59819        0.0918213        1.14904        
29.7817        -2.58669        0.0913804        1.14908        
29.7826        -2.5752        0.0909395        1.14912        
29.7835        -2.56371        0.0904985        1.14916        
29.7845        -2.55222        0.0900575        1.14919        
29.7853        -2.54073        0.0896165        1.14923        
29.7862        -2.52924        0.0891755        1.14927        
29.7871        -2.51774        0.0887345        1.14931        
29.788        -2.50625        0.0882935        1.14934        
29.7889        -2.49476        0.0878524        1.14938        
29.7898        -2.48326        0.0874113        1.14942        
29.7906        -2.47177        0.0869703        1.14945        
29.7915        -2.46027        0.0865292        1.14949        
29.7924        -2.44878        0.086088        1.14953        
29.7932        -2.43728        0.0856469        1.14956        
29.7941        -2.42579        0.0852058        1.1496        
29.7949        -2.41429        0.0847646        1.14964        
29.7958        -2.40279        0.0843234        1.14967        
29.7966        -2.3913        0.0838822        1.14971        
29.7975        -2.3798        0.083441        1.14974        
29.7983        -2.3683        0.0829998        1.14978        
29.7991        -2.3568        0.0825585        1.14981        
29.7999        -2.34531        0.0821173        1.14985        
29.8008        -2.33381        0.081676        1.14988        
29.8016        -2.32231        0.0812347        1.14992        
29.8024        -2.31081        0.0807934        1.14995        
29.8032        -2.29931        0.0803521        1.14998        
29.804        -2.28781        0.0799107        1.15002        
29.8048        -2.27631        0.0794694        1.15005        
29.8056        -2.26481        0.079028        1.15009        
29.8064        -2.25331        0.0785867        1.15012        
29.8072        -2.24181        0.0781453        1.15015        
29.8079        -2.2303        0.0777038        1.15019        
29.8087        -2.2188        0.0772624        1.15022        
29.8095        -2.2073        0.076821        1.15025        
29.8102        -2.1958        0.0763795        1.15028        
29.811        -2.18429        0.0759381        1.15032        
29.8118        -2.17279        0.0754966        1.15035        
29.8125        -2.16129        0.0750551        1.15038        
29.8133        -2.14978        0.0746136        1.15041        
29.814        -2.13828        0.0741721        1.15045        
29.8148        -2.12677        0.0737305        1.15048        
29.8155        -2.11527        0.073289        1.15051        
29.8162        -2.10376        0.0728474        1.15054        
29.8169        -2.09226        0.0724058        1.15057        
29.8177        -2.08075        0.0719642        1.1506        
29.8184        -2.06925        0.0715226        1.15063        
29.8191        -2.05774        0.071081        1.15066        
29.8198        -2.04623        0.0706394        1.15069        
29.8205        -2.03473        0.0701977        1.15072        
29.8212        -2.02322        0.0697561        1.15075        
29.8219        -2.01171        0.0693144        1.15078        
29.8226        -2.0002        0.0688727        1.15081        
29.8233        -1.9887        0.068431        1.15084        
29.824        -1.97719        0.0679893        1.15087        
29.8246        -1.96568        0.0675476        1.1509        
29.8253        -1.95417        0.0671058        1.15093        
29.826        -1.94266        0.0666641        1.15096        
29.8266        -1.93115        0.0662223        1.15099        
29.8273        -1.91964        0.0657805        1.15102        
29.828        -1.90813        0.0653388        1.15105        
29.8286        -1.89662        0.064897        1.15107        
29.8293        -1.88511        0.0644551        1.1511        
29.8299        -1.8736        0.0640133        1.15113        
29.8305        -1.86208        0.0635715        1.15116        
29.8312        -1.85057        0.0631296        1.15118        
29.8318        -1.83906        0.0626878        1.15121        
29.8324        -1.82755        0.0622459        1.15124        
29.8331        -1.81604        0.061804        1.15127        
29.8337        -1.80452        0.0613621        1.15129        
29.8343        -1.79301        0.0609202        1.15132        
29.8349        -1.7815        0.0604782        1.15135        
29.8355        -1.76998        0.0600363        1.15137        
29.8361        -1.75847        0.0595944        1.1514        
29.8367        -1.74696        0.0591524        1.15143        
29.8373        -1.73544        0.0587104        1.15145        
29.8379        -1.72393        0.0582684        1.15148        
29.8384        -1.71241        0.0578264        1.1515        
29.839        -1.7009        0.0573844        1.15153        
29.8396        -1.68938        0.0569424        1.15155        
29.8401        -1.67787        0.0565004        1.15158        
29.8407        -1.66635        0.0560584        1.1516        
29.8413        -1.65483        0.0556163        1.15163        
29.8418        -1.64332        0.0551742        1.15165        
29.8424        -1.6318        0.0547322        1.15168        
29.8429        -1.62028        0.0542901        1.1517        
29.8435        -1.60877        0.053848        1.15172        
29.844        -1.59725        0.0534059        1.15175        
29.8445        -1.58573        0.0529638        1.15177        
29.8451        -1.57421        0.0525216        1.1518        
29.8456        -1.5627        0.0520795        1.15182        
29.8461        -1.55118        0.0516373        1.15184        
29.8466        -1.53966        0.0511952        1.15186        
29.8471        -1.52814        0.050753        1.15189        
29.8476        -1.51662        0.0503108        1.15191        
29.8481        -1.5051        0.0498686        1.15193        
29.8486        -1.49358        0.0494264        1.15195        
29.8491        -1.48206        0.0489842        1.15198        
29.8496        -1.47054        0.048542        1.152        
29.8501        -1.45902        0.0480998        1.15202        
29.8506        -1.4475        0.0476575        1.15204        
29.851        -1.43598        0.0472153        1.15206        
29.8515        -1.42446        0.046773        1.15208        
29.852        -1.41294        0.0463307        1.15211        
29.8524        -1.40142        0.0458884        1.15213        
29.8529        -1.3899        0.0454461        1.15215        
29.8533        -1.37838        0.0450038        1.15217        
29.8538        -1.36685        0.0445615        1.15219        
29.8542        -1.35533        0.0441192        1.15221        
29.8547        -1.34381        0.0436769        1.15223        
29.8551        -1.33229        0.0432345        1.15225        
29.8555        -1.32077        0.0427922        1.15227        
29.856        -1.30924        0.0423498        1.15229        
29.8564        -1.29772        0.0419075        1.15231        
29.8568        -1.2862        0.0414651        1.15233        
29.8572        -1.27467        0.0410227        1.15235        
29.8576        -1.26315        0.0405803        1.15236        
29.858        -1.25163        0.0401379        1.15238        
29.8584        -1.2401        0.0396955        1.1524        
29.8588        -1.22858        0.0392531        1.15242        
29.8592        -1.21705        0.0388106        1.15244        
29.8596        -1.20553        0.0383682        1.15246        
29.86        -1.194        0.0379257        1.15247        
29.8604        -1.18248        0.0374833        1.15249        
29.8607        -1.17095        0.0370408        1.15251        
29.8611        -1.15943        0.0365984        1.15253        
29.8615        -1.1479        0.0361559        1.15254        
29.8618        -1.13638        0.0357134        1.15256        
29.8622        -1.12485        0.0352709        1.15258        
29.8625        -1.11333        0.0348284        1.15259        
29.8629        -1.1018        0.0343859        1.15261        
29.8632        -1.09027        0.0339433        1.15263        
29.8635        -1.07875        0.0335008        1.15264        
29.8639        -1.06722        0.0330583        1.15266        
29.8642        -1.05569        0.0326157        1.15267        
29.8645        -1.04417        0.0321732        1.15269        
29.8649        -1.03264        0.0317306        1.15271        
29.8652        -1.02111        0.031288        1.15272        
29.8655        -1.00959        0.0308455        1.15274        
29.8658        -0.998059        0.0304029        1.15275        
29.8661        -0.986532        0.0299603        1.15277        
29.8664        -0.975004        0.0295177        1.15278        
29.8667        -0.963476        0.0290751        1.15279        
29.867        -0.951948        0.0286325        1.15281        
29.8673        -0.94042        0.0281899        1.15282        
29.8675        -0.928892        0.0277472        1.15284        
29.8678        -0.917363        0.0273046        1.15285        
29.8681        -0.905835        0.026862        1.15286        
29.8683        -0.894306        0.0264193        1.15288        
29.8686        -0.882777        0.0259767        1.15289        
29.8689        -0.871248        0.025534        1.1529        
29.8691        -0.859719        0.0250913        1.15292        
29.8694        -0.84819        0.0246486        1.15293        
29.8696        -0.83666        0.024206        1.15294        
29.8698        -0.825131        0.0237633        1.15295        
29.8701        -0.813601        0.0233206        1.15297        
29.8703        -0.802071        0.0228779        1.15298        
29.8705        -0.790542        0.0224352        1.15299        
29.8708        -0.779012        0.0219925        1.153        
29.871        -0.767482        0.0215497        1.15301        
29.8712        -0.755951        0.021107        1.15303        
29.8714        -0.744421        0.0206643        1.15304        
29.8716        -0.732891        0.0202215        1.15305        
29.8718        -0.72136        0.0197788        1.15306        
29.872        -0.709829        0.0193361        1.15307        
29.8722        -0.698299        0.0188933        1.15308        
29.8724        -0.686768        0.0184505        1.15309        
29.8726        -0.675237        0.0180078        1.1531        
29.8727        -0.663706        0.017565        1.15311        
29.8729        -0.652175        0.0171222        1.15312        
29.8731        -0.640643        0.0166794        1.15313        
29.8732        -0.629112        0.0162367        1.15314        
29.8734        -0.617581        0.0157939        1.15315        
29.8736        -0.606049        0.0153511        1.15316        
29.8737        -0.594518        0.0149083        1.15317        
29.8739        -0.582986        0.0144654        1.15318        
29.874        -0.571454        0.0140226        1.15318        
29.8741        -0.559922        0.0135798        1.15319        
29.8743        -0.54839        0.013137        1.1532        
29.8744        -0.536858        0.0126942        1.15321        
29.8745        -0.525326        0.0122513        1.15322        
29.8747        -0.513794        0.0118085        1.15322        
29.8748        -0.502261        0.0113656        1.15323        
29.8749        -0.490729        0.0109228        1.15324        
29.875        -0.479197        0.0104799        1.15325        
29.8751        -0.467664        0.0100371        1.15325        
29.8752        -0.456132        0.00959422        1.15326        
29.8753        -0.444599        0.00915136        1.15327        
29.8754        -0.433066        0.00870849        1.15327        
29.8755        -0.421533        0.00826561        1.15328        
29.8755        -0.410001        0.00782273        1.15329        
29.8756        -0.398468        0.00737985        1.15329        
29.8757        -0.386935        0.00693697        1.1533        
29.8757        -0.375402        0.00649408        1.1533        
29.8758        -0.363869        0.00605118        1.15331        
29.8759        -0.352336        0.00560828        1.15332        
29.8759        -0.340802        0.00516538        1.15332        
29.876        -0.329269        0.00472248        1.15333        
29.876        -0.317736        0.00427957        1.15333        
29.8761        -0.306203        0.00383665        1.15334        
29.8761        -0.294669        0.00339374        1.15334        
29.8761        -0.283136        0.00295082        1.15334        
29.8762        -0.271602        0.00250789        1.15335        
29.8762        -0.260069        0.00206497        1.15335        
29.8762        -0.248535        0.00162204        1.15336        
29.8762        -0.237002        0.00117911        1.15336        
29.8762        -0.225468        0.000736169        1.15336        
29.8762        -0.213934        0.00029323        1.15337        
29.8762        -0.202401        -0.000149712        1.15337        
29.8762        -0.190867        -0.000592656        1.15337        
29.8762        -0.179333        -0.0010356        1.15338        
29.8762        -0.167799        -0.00147855        1.15338        
29.8762        -0.156266        -0.00192151        1.15338        
29.8762        -0.144732        -0.00236446        1.15338        
29.8761        -0.133198        -0.00280742        1.15339        
29.8761        -0.121664        -0.00325038        1.15339        
29.8761        -0.11013        -0.00369335        1.15339        
29.876        -0.0985964        -0.00413631        1.15339        
29.876        -0.0870624        -0.00457928        1.15339        
29.8759        -0.0755285        -0.00502225        1.15339        
29.8759        -0.0639946        -0.00546522        1.15339        
29.8758        -0.0524606        -0.0059082        1.1534        
29.8758        -0.0409267        -0.00635118        1.1534        
29.8757        -0.0293927        -0.00679415        1.1534        
29.8756        -0.0178587        -0.00723714        1.1534        
29.8756        -0.00632476        -0.00768012        1.1534        
29.8755        0.00520922        -0.0081231        1.1534        
29.8754        0.0167432        -0.00856609        1.1534        
29.8753        0.0282772        -0.00900908        1.1534        
29.8752        0.0398111        -0.00945207        1.1534        
29.8751        0.0513451        -0.00989506        1.1534        
29.875        0.0628791        -0.010338        1.1534        
29.8749        0.074413        -0.010781        1.15339        
29.8748        0.085947        -0.011224        1.15339        
29.8747        0.0974809        -0.011667        1.15339        
29.8746        0.109015        -0.01211        1.15339        
29.8744        0.120549        -0.012553        1.15339        
29.8743        0.132083        -0.012996        1.15339        
29.8742        0.143616        -0.013439        1.15339        
29.8741        0.15515        -0.013882        1.15338        
29.8739        0.166684        -0.014325        1.15338        
29.8738        0.178218        -0.014768        1.15338        
29.8736        0.189752        -0.015211        1.15338        
29.8735        0.201285        -0.0156541        1.15337        
29.8733        0.212819        -0.0160971        1.15337        
29.8731        0.224353        -0.0165401        1.15337        
29.873        0.235886        -0.0169831        1.15336        
29.8728        0.24742        -0.0174261        1.15336        
29.8726        0.258954        -0.0178691        1.15336        
29.8724        0.270487        -0.0183121        1.15335        
29.8723        0.282021        -0.0187551        1.15335        
29.8721        0.293554        -0.0191981        1.15334        
29.8719        0.305088        -0.0196411        1.15334        
29.8717        0.316621        -0.0200841        1.15334        
29.8715        0.328154        -0.0205271        1.15333        
29.8713        0.339688        -0.0209701        1.15333        
29.8711        0.351221        -0.0214132        1.15332        
29.8708        0.362754        -0.0218562        1.15332        
29.8706        0.374287        -0.0222992        1.15331        
29.8704        0.38582        -0.0227422        1.1533        
29.8702        0.397353        -0.0231852        1.1533        
29.8699        0.408886        -0.0236282        1.15329        
29.8697        0.420419        -0.0240712        1.15329        
29.8694        0.431952        -0.0245142        1.15328        
29.8692        0.443485        -0.0249572        1.15327        
29.8689        0.455017        -0.0254002        1.15327        
29.8687        0.46655        -0.0258432        1.15326        
29.8684        0.478083        -0.0262862        1.15325        
29.8682        0.489615        -0.0267292        1.15325        
29.8679        0.501147        -0.0271722        1.15324        
29.8676        0.51268        -0.0276152        1.15323        
29.8673        0.524212        -0.0280582        1.15322        
29.8671        0.535744        -0.0285012        1.15322        
29.8668        0.547276        -0.0289442        1.15321        
29.8665        0.558809        -0.0293872        1.1532        
29.8662        0.57034        -0.0298302        1.15319        
29.8659        0.581872        -0.0302732        1.15318        
29.8656        0.593404        -0.0307162        1.15317        
29.8653        0.604936        -0.0311592        1.15317        
29.865        0.616467        -0.0316021        1.15316        
29.8646        0.627999        -0.0320451        1.15315        
29.8643        0.63953        -0.0324881        1.15314        
29.864        0.651062        -0.0329311        1.15313        
29.8637        0.662593        -0.0333741        1.15312        
29.8633        0.674124        -0.0338171        1.15311        
29.863        0.685655        -0.03426        1.1531        
29.8626        0.697186        -0.034703        1.15309        
29.8623        0.708717        -0.035146        1.15308        
29.8619        0.720248        -0.0355889        1.15307        
29.8616        0.731778        -0.0360319        1.15306        
29.8612        0.743309        -0.0364749        1.15305        
29.8608        0.754839        -0.0369178        1.15304        
29.8605        0.76637        -0.0373608        1.15302        
29.8601        0.7779        -0.0378037        1.15301        
29.8597        0.78943        -0.0382467        1.153        
29.8593        0.80096        -0.0386896        1.15299        
29.8589        0.81249        -0.0391326        1.15298        
29.8585        0.824019        -0.0395755        1.15297        
29.8581        0.835549        -0.0400185        1.15295        
29.8577        0.847078        -0.0404614        1.15294        
29.8573        0.858608        -0.0409044        1.15293        
29.8569        0.870137        -0.0413473        1.15292        
29.8565        0.881666        -0.0417902        1.1529        
29.8561        0.893195        -0.0422331        1.15289        
29.8557        0.904724        -0.0426761        1.15288        
29.8552        0.916253        -0.043119        1.15286        
29.8548        0.927781        -0.0435619        1.15285        
29.8544        0.93931        -0.0440048        1.15284        
29.8539        0.950838        -0.0444477        1.15282        
29.8535        0.962366        -0.0448906        1.15281        
29.853        0.973894        -0.0453335        1.15279        
29.8526        0.985422        -0.0457764        1.15278        
29.8521        0.99695        -0.0462193        1.15276        
29.8516        1.00848        -0.0466622        1.15275        
29.8512        1.02        -0.0471051        1.15273        
29.8507        1.03153        -0.047548        1.15272        
29.8502        1.04306        -0.0479909        1.1527        
29.8497        1.05459        -0.0484337        1.15269        
29.8493        1.06611        -0.0488766        1.15267        
29.8488        1.07764        -0.0493195        1.15266        
29.8483        1.08917        -0.0497623        1.15264        
29.8478        1.10069        -0.0502052        1.15263        
29.8473        1.11222        -0.0506481        1.15261        
29.8468        1.12374        -0.0510909        1.15259        
29.8462        1.13527        -0.0515337        1.15258        
29.8457        1.1468        -0.0519766        1.15256        
29.8452        1.15832        -0.0524194        1.15254        
29.8447        1.16985        -0.0528622        1.15252        
29.8442        1.18137        -0.0533051        1.15251        
29.8436        1.1929        -0.0537479        1.15249        
29.8431        1.20442        -0.0541907        1.15247        
29.8425        1.21595        -0.0546335        1.15245        
29.842        1.22747        -0.0550763        1.15244        
29.8414        1.239        -0.0555191        1.15242        
29.8409        1.25052        -0.0559619        1.1524        
29.8403        1.26204        -0.0564047        1.15238        
29.8397        1.27357        -0.0568475        1.15236        
29.8392        1.28509        -0.0572903        1.15234        
29.8386        1.29661        -0.057733        1.15232        
29.838        1.30814        -0.0581758        1.1523        
29.8374        1.31966        -0.0586186        1.15229        
29.8368        1.33118        -0.0590613        1.15227        
29.8363        1.34271        -0.0595041        1.15225        
29.8357        1.35423        -0.0599468        1.15223        
29.8351        1.36575        -0.0603895        1.15221        
29.8344        1.37727        -0.0608323        1.15219        
29.8338        1.38879        -0.061275        1.15217        
29.8332        1.40031        -0.0617177        1.15214        
29.8326        1.41184        -0.0621604        1.15212        
29.832        1.42336        -0.0626031        1.1521        
29.8314        1.43488        -0.0630458        1.15208        
29.8307        1.4464        -0.0634885        1.15206        
29.8301        1.45792        -0.0639312        1.15204        
29.8294        1.46944        -0.0643739        1.15202        
29.8288        1.48096        -0.0648166        1.152        
29.8281        1.49248        -0.0652592        1.15197        
29.8275        1.504        -0.0657019        1.15195        
29.8268        1.51552        -0.0661445        1.15193        
29.8262        1.52704        -0.0665872        1.15191        
29.8255        1.53856        -0.0670298        1.15188        
29.8248        1.55008        -0.0674725        1.15186        
29.8241        1.56159        -0.0679151        1.15184        
29.8235        1.57311        -0.0683577        1.15181        
29.8228        1.58463        -0.0688003        1.15179        
29.8221        1.59615        -0.0692429        1.15177        
29.8214        1.60767        -0.0696855        1.15174        
29.8207        1.61918        -0.0701281        1.15172        
29.82        1.6307        -0.0705707        1.1517        
29.8193        1.64222        -0.0710133        1.15167        
29.8186        1.65373        -0.0714558        1.15165        
29.8179        1.66525        -0.0718984        1.15162        
29.8171        1.67677        -0.072341        1.1516        
29.8164        1.68828        -0.0727835        1.15157        
29.8157        1.6998        -0.073226        1.15155        
29.8149        1.71131        -0.0736686        1.15152        
29.8142        1.72283        -0.0741111        1.1515        
29.8135        1.73434        -0.0745536        1.15147        
29.8127        1.74586        -0.0749961        1.15145        
29.812        1.75737        -0.0754386        1.15142        
29.8112        1.76889        -0.0758811        1.15139        
29.8104        1.7804        -0.0763236        1.15137        
29.8097        1.79191        -0.076766        1.15134        
29.8089        1.80343        -0.0772085        1.15132        
29.8081        1.81494        -0.0776509        1.15129        
29.8074        1.82645        -0.0780934        1.15126        
29.8066        1.83796        -0.0785358        1.15123        
29.8058        1.84948        -0.0789783        1.15121        
29.805        1.86099        -0.0794207        1.15118        
29.8042        1.8725        -0.0798631        1.15115        
29.8034        1.88401        -0.0803055        1.15112        
29.8026        1.89552        -0.0807479        1.1511        
29.8018        1.90703        -0.0811903        1.15107        
29.801        1.91854        -0.0816326        1.15104        
29.8002        1.93005        -0.082075        1.15101        
29.7993        1.94156        -0.0825174        1.15098        
29.7985        1.95307        -0.0829597        1.15095        
29.7977        1.96458        -0.083402        1.15092        
29.7968        1.97609        -0.0838444        1.1509        
29.796        1.9876        -0.0842867        1.15087        
29.7951        1.99911        -0.084729        1.15084        
29.7943        2.01062        -0.0851713        1.15081        
29.7934        2.02213        -0.0856136        1.15078        
29.7926        2.03363        -0.0860559        1.15075        
29.7917        2.04514        -0.0864981        1.15072        
29.7909        2.05665        -0.0869404        1.15069        
29.79        2.06816        -0.0873826        1.15066        
29.7891        2.07966        -0.0878249        1.15063        
29.7882        2.09117        -0.0882671        1.15059        
29.7873        2.10267        -0.0887093        1.15056        
29.7865        2.11418        -0.0891515        1.15053        
29.7856        2.12568        -0.0895937        1.1505        
29.7847        2.13719        -0.0900359        1.15047        
29.7838        2.14869        -0.0904781        1.15044        
29.7829        2.1602        -0.0909203        1.15041        
29.7819        2.1717        -0.0913624        1.15037        
29.781        2.18321        -0.0918046        1.15034        
29.7801        2.19471        -0.0922467        1.15031        
29.7792        2.20621        -0.0926888        1.15028        
29.7782        2.21771        -0.0931309        1.15024        
29.7773        2.22922        -0.093573        1.15021        
29.7764        2.24072        -0.0940151        1.15018        
29.7754        2.25222        -0.0944572        1.15014        
29.7745        2.26372        -0.0948993        1.15011        
29.7735        2.27522        -0.0953413        1.15008        
29.7726        2.28672        -0.0957834        1.15004        
29.7716        2.29822        -0.0962254        1.15001        
29.7707        2.30972        -0.0966675        1.14997        
29.7697        2.32122        -0.0971095        1.14994        
29.7687        2.33272        -0.0975515        1.14991        
29.7677        2.34422        -0.0979935        1.14987        
29.7668        2.35572        -0.0984354        1.14984        
29.7658        2.36722        -0.0988774        1.1498        
29.7648        2.37871        -0.0993194        1.14977        
29.7638        2.39021        -0.0997613        1.14973        
29.7628        2.40171        -0.100203        1.1497        
29.7618        2.41321        -0.100645        1.14966        
29.7608        2.4247        -0.101087        1.14962        
29.7598        2.4362        -0.101529        1.14959        
29.7587        2.44769        -0.101971        1.14955        
29.7577        2.45919        -0.102413        1.14952        
29.7567        2.47068        -0.102855        1.14948        
29.7557        2.48218        -0.103296        1.14944        
29.7546        2.49367        -0.103738        1.14941        
29.7536        2.50517        -0.10418        1.14937        
29.7525        2.51666        -0.104622        1.14933        
29.7515        2.52815        -0.105064        1.14929        
29.7504        2.53965        -0.105505        1.14926        
29.7494        2.55114        -0.105947        1.14922        
29.7483        2.56263        -0.106389        1.14918        
29.7473        2.57412        -0.106831        1.14914        
29.7462        2.58561        -0.107272        1.1491        
29.7451        2.5971        -0.107714        1.14907        
29.744        2.6086        -0.108156        1.14903        
29.7429        2.62009        -0.108598        1.14899        
29.7419        2.63158        -0.109039        1.14895        
29.7408        2.64306        -0.109481        1.14891        
29.7397        2.65455        -0.109923        1.14887        
29.7386        2.66604        -0.110364        1.14883        
29.7375        2.67753        -0.110806        1.14879        
29.7364        2.68902        -0.111247        1.14875        
29.7352        2.70051        -0.111689        1.14871        
29.7341        2.71199        -0.112131        1.14867        
29.733        2.72348        -0.112572        1.14863        
29.7319        2.73496        -0.113014        1.14859        
29.7307        2.74645        -0.113455        1.14855        
29.7296        2.75794        -0.113897        1.14851        
29.7285        2.76942        -0.114338        1.14847        
29.7273        2.78091        -0.11478        1.14843        
29.7262        2.79239        -0.115221        1.14839        
29.725        2.80387        -0.115663        1.14835        
29.7238        2.81536        -0.116104        1.1483        
29.7227        2.82684        -0.116546        1.14826        
29.7215        2.83832        -0.116987        1.14822        
29.7203        2.8498        -0.117429        1.14818        
29.7192        2.86128        -0.11787        1.14814        
29.718        2.87277        -0.118311        1.14809        
29.7168        2.88425        -0.118753        1.14805        
29.7156        2.89573        -0.119194        1.14801        
29.7144        2.90721        -0.119635        1.14796        
29.7132        2.91869        -0.120077        1.14792        
29.712        2.93017        -0.120518        1.14788        
29.7108        2.94164        -0.120959        1.14783        
29.7096        2.95312        -0.121401        1.14779        
29.7084        2.9646        -0.121842        1.14775        
29.7072        2.97608        -0.122283        1.1477        
29.7059        2.98755        -0.122724        1.14766        
29.7047        2.99903        -0.123166        1.14761        
29.7035        3.01051        -0.123607        1.14757        
29.7022        3.02198        -0.124048        1.14752        
29.701        3.03346        -0.124489        1.14748        
29.6997        3.04493        -0.12493        1.14743        
29.6985        3.05641        -0.125372        1.14739        
29.6972        3.06788        -0.125813        1.14734        
29.696        3.07935        -0.126254        1.1473        
29.6947        3.09082        -0.126695        1.14725        
29.6934        3.1023        -0.127136        1.14721        
29.6922        3.11377        -0.127577        1.14716        
29.6909        3.12524        -0.128018        1.14711        
29.6896        3.13671        -0.128459        1.14707        
29.6883        3.14818        -0.1289        1.14702        
29.687        3.15965        -0.129341        1.14697        
29.6857        3.17112        -0.129782        1.14693        
29.6844        3.18259        -0.130223        1.14688        
29.6831        3.19406        -0.130664        1.14683        
29.6818        3.20553        -0.131105        1.14679        
29.6805        3.21699        -0.131546        1.14674        
29.6792        3.22846        -0.131987        1.14669        
29.6779        3.23993        -0.132428        1.14664        
29.6765        3.25139        -0.132869        1.14659        
29.6752        3.26286        -0.133309        1.14655        
29.6739        3.27433        -0.13375        1.1465        
29.6725        3.28579        -0.134191        1.14645        
29.6712        3.29725        -0.134632        1.1464        
29.6698        3.30872        -0.135073        1.14635        
29.6685        3.32018        -0.135513        1.1463        
29.6671        3.33164        -0.135954        1.14625        
29.6658        3.34311        -0.136395        1.1462        
29.6644        3.35457        -0.136836        1.14615        
29.663        3.36603        -0.137276        1.1461        
29.6617        3.37749        -0.137717        1.14605        
29.6603        3.38895        -0.138158        1.146        
29.6589        3.40041        -0.138598        1.14595        
29.6575        3.41187        -0.139039        1.1459        
29.6561        3.42333        -0.13948        1.14585        
29.6547        3.43479        -0.13992        1.1458        
29.6533        3.44624        -0.140361        1.14575        
29.6519        3.4577        -0.140801        1.1457        
29.6505        3.46916        -0.141242        1.14565        
29.6491        3.48061        -0.141682        1.14559        
29.6477        3.49207        -0.142123        1.14554        
29.6462        3.50353        -0.142563        1.14549        
29.6448        3.51498        -0.143004        1.14544        
29.6434        3.52643        -0.143444        1.14539        
29.6419        3.53789        -0.143885        1.14533        
29.6405        3.54934        -0.144325        1.14528        
29.6391        3.56079        -0.144765        1.14523        
29.6376        3.57225        -0.145206        1.14518        
29.6362        3.5837        -0.145646        1.14512        
29.6347        3.59515        -0.146086        1.14507        
29.6332        3.6066        -0.146527        1.14502        
29.6318        3.61805        -0.146967        1.14496        
29.6303        3.6295        -0.147407        1.14491        
29.6288        3.64095        -0.147848        1.14486        
29.6273        3.65239        -0.148288        1.1448        
29.6259        3.66384        -0.148728        1.14475        
29.6244        3.67529        -0.149168        1.14469        
29.6229        3.68674        -0.149608        1.14464        
29.6214        3.69818        -0.150049        1.14458        
29.6199        3.70963        -0.150489        1.14453        
29.6184        3.72107        -0.150929        1.14447        
29.6169        3.73252        -0.151369        1.14442        
29.6153        3.74396        -0.151809        1.14436        
29.6138        3.7554        -0.152249        1.14431        
29.6123        3.76685        -0.152689        1.14425        
29.6108        3.77829        -0.153129        1.14419        
29.6092        3.78973        -0.153569        1.14414        
29.6077        3.80117        -0.154009        1.14408        
29.6061        3.81261        -0.154449        1.14403        
29.6046        3.82405        -0.154889        1.14397        
29.603        3.83549        -0.155329        1.14391        
29.6015        3.84693        -0.155769        1.14385        
29.5999        3.85837        -0.156209        1.1438        
29.5984        3.86981        -0.156649        1.14374        
29.5968        3.88124        -0.157089        1.14368        
29.5952        3.89268        -0.157528        1.14362        
29.5937        3.90412        -0.157968        1.14357        
29.5921        3.91555        -0.158408        1.14351        
29.5905        3.92699        -0.158848        1.14345        
29.5889        3.93842        -0.159287        1.14339        
29.5873        3.94985        -0.159727        1.14333        
29.5857        3.96129        -0.160167        1.14328        
29.5841        3.97272        -0.160607        1.14322        
29.5825        3.98415        -0.161046        1.14316        
29.5809        3.99558        -0.161486        1.1431        
29.5793        4.00701        -0.161925        1.14304        
29.5776        4.01844        -0.162365        1.14298        
29.576        4.02987        -0.162805        1.14292        
29.5744        4.0413        -0.163244        1.14286        
29.5727        4.05273        -0.163684        1.1428        
29.5711        4.06416        -0.164123        1.14274        
29.5695        4.07559        -0.164563        1.14268        
29.5678        4.08701        -0.165002        1.14262        
29.5662        4.09844        -0.165442        1.14256        
29.5645        4.10986        -0.165881        1.1425        
29.5628        4.12129        -0.16632        1.14243        
29.5612        4.13271        -0.16676        1.14237        
29.5595        4.14414        -0.167199        1.14231        
29.5578        4.15556        -0.167639        1.14225        
29.5562        4.16698        -0.168078        1.14219        
29.5545        4.1784        -0.168517        1.14213        
29.5528        4.18982        -0.168956        1.14206        
29.5511        4.20124        -0.169396        1.142        
29.5494        4.21266        -0.169835        1.14194        
29.5477        4.22408        -0.170274        1.14188        
29.546        4.2355        -0.170713        1.14181        
29.5443        4.24692        -0.171152        1.14175        
29.5426        4.25834        -0.171592        1.14169        
29.5408        4.26975        -0.172031        1.14162        
29.5391        4.28117        -0.17247        1.14156        
29.5374        4.29258        -0.172909        1.1415        
29.5357        4.304        -0.173348        1.14143        
29.5339        4.31541        -0.173787        1.14137        
29.5322        4.32683        -0.174226        1.14131        
29.5304        4.33824        -0.174665        1.14124        
29.5287        4.34965        -0.175104        1.14118        
29.5269        4.36106        -0.175543        1.14111        
29.5252        4.37247        -0.175982        1.14105        
29.5234        4.38388        -0.176421        1.14098        
29.5217        4.39529        -0.176859        1.14092        
29.5199        4.4067        -0.177298        1.14085        
29.5181        4.41811        -0.177737        1.14079        
29.5163        4.42952        -0.178176        1.14072        
29.5146        4.44092        -0.178615        1.14065        
29.5128        4.45233        -0.179053        1.14059        
29.511        4.46374        -0.179492        1.14052        
29.5092        4.47514        -0.179931        1.14046        
29.5074        4.48654        -0.180369        1.14039        
29.5056        4.49795        -0.180808        1.14032        
29.5038        4.50935        -0.181247        1.14026        
29.5019        4.52075        -0.181685        1.14019        
29.5001        4.53215        -0.182124        1.14012        
29.4983        4.54356        -0.182562        1.14005        
29.4965        4.55496        -0.183001        1.13999        
29.4946        4.56636        -0.183439        1.13992        
29.4928        4.57775        -0.183878        1.13985        
29.491        4.58915        -0.184316        1.13978        
29.4891        4.60055        -0.184755        1.13971        
29.4873        4.61195        -0.185193        1.13965        
29.4854        4.62334        -0.185632        1.13958        
29.4836        4.63474        -0.18607        1.13951        
29.4817        4.64613        -0.186508        1.13944        
29.4798        4.65753        -0.186947        1.13937        
29.478        4.66892        -0.187385        1.1393        
29.4761        4.68031        -0.187823        1.13923        
29.4742        4.6917        -0.188261        1.13916        
29.4723        4.7031        -0.188699        1.13909        
29.4704        4.71449        -0.189138        1.13902        
29.4685        4.72588        -0.189576        1.13895        
29.4666        4.73727        -0.190014        1.13888        
29.4647        4.74865        -0.190452        1.13881        
29.4628        4.76004        -0.19089        1.13874        
29.4609        4.77143        -0.191328        1.13867        
29.459        4.78282        -0.191766        1.1386        
29.4571        4.7942        -0.192204        1.13853        
29.4551        4.80559        -0.192642        1.13846        
29.4532        4.81697        -0.19308        1.13838        
29.4513        4.82835        -0.193518        1.13831        
29.4494        4.83974        -0.193956        1.13824        
29.4474        4.85112        -0.194394        1.13817        
29.4455        4.8625        -0.194832        1.1381        
29.4435        4.87388        -0.195269        1.13802        
29.4416        4.88526        -0.195707        1.13795        
29.4396        4.89664        -0.196145        1.13788        
29.4376        4.90802        -0.196583        1.13781        
29.4357        4.9194        -0.197021        1.13773        
29.4337        4.93077        -0.197458        1.13766        
29.4317        4.94215        -0.197896        1.13759        
29.4297        4.95352        -0.198333        1.13751        
29.4278        4.9649        -0.198771        1.13744        
29.4258        4.97627        -0.199209        1.13737        
29.4238        4.98765        -0.199646        1.13729        
29.4218        4.99902        -0.200084        1.13722        
29.4198        5.01039        -0.200521        1.13714        
29.4178        5.02176        -0.200959        1.13707        
29.4157        5.03313        -0.201396        1.13699        
29.4137        5.0445        -0.201834        1.13692        
29.4117        5.05587        -0.202271        1.13684        
29.4097        5.06724        -0.202708        1.13677        
29.4077        5.07861        -0.203146        1.13669        
29.4056        5.08997        -0.203583        1.13662        
29.4036        5.10134        -0.20402        1.13654        
29.4015        5.1127        -0.204458        1.13647        
29.3995        5.12407        -0.204895        1.13639        
29.3974        5.13543        -0.205332        1.13631        
29.3954        5.14679        -0.205769        1.13624        
29.3933        5.15816        -0.206206        1.13616        
29.3913        5.16952        -0.206643        1.13608        
29.3892        5.18088        -0.207081        1.13601        
29.3871        5.19224        -0.207518        1.13593        
29.385        5.2036        -0.207955        1.13585        
29.383        5.21495        -0.208392        1.13578        
29.3809        5.22631        -0.208829        1.1357        
29.3788        5.23767        -0.209266        1.13562        
29.3767        5.24902        -0.209702        1.13554        
29.3746        5.26038        -0.210139        1.13546        
29.3725        5.27173        -0.210576        1.13539        
29.3704        5.28309        -0.211013        1.13531        
29.3683        5.29444        -0.21145        1.13523        
29.3662        5.30579        -0.211887        1.13515        
29.364        5.31714        -0.212323        1.13507        
29.3619        5.32849        -0.21276        1.13499        
29.3598        5.33984        -0.213197        1.13491        
29.3576        5.35119        -0.213633        1.13483        
29.3555        5.36254        -0.21407        1.13475        
29.3534        5.37389        -0.214507        1.13467        
29.3512        5.38523        -0.214943        1.13459        
29.3491        5.39658        -0.21538        1.13451        
29.3469        5.40792        -0.215816        1.13443        
29.3447        5.41927        -0.216253        1.13435        
29.3426        5.43061        -0.216689        1.13427        
29.3404        5.44195        -0.217126        1.13419        
29.3382        5.45329        -0.217562        1.13411        
29.3361        5.46463        -0.217999        1.13403        
29.3339        5.47597        -0.218435        1.13395        
29.3317        5.48731        -0.218871        1.13387        
29.3295        5.49865        -0.219307        1.13378        
29.3273        5.50999        -0.219744        1.1337        
29.3251        5.52133        -0.22018        1.13362        
29.3229        5.53266        -0.220616        1.13354        
29.3207        5.544        -0.221052        1.13346        
29.3185        5.55533        -0.221488        1.13337        
29.3163        5.56666        -0.221925        1.13329        
29.314        5.578        -0.222361        1.13321        
29.3118        5.58933        -0.222797        1.13312        
29.3096        5.60066        -0.223233        1.13304        
29.3074        5.61199        -0.223669        1.13296        
29.3051        5.62332        -0.224105        1.13287        
29.3029        5.63465        -0.224541        1.13279        
29.3006        5.64597        -0.224976        1.13271        
29.2984        5.6573        -0.225412        1.13262        
29.2961        5.66863        -0.225848        1.13254        
29.2939        5.67995        -0.226284        1.13245        
29.2916        5.69128        -0.22672        1.13237        
29.2893        5.7026        -0.227155        1.13229        
29.287        5.71392        -0.227591        1.1322        
29.2848        5.72524        -0.228027        1.13212        
29.2825        5.73656        -0.228462        1.13203        
29.2802        5.74788        -0.228898        1.13194        
29.2779        5.7592        -0.229334        1.13186        
29.2756        5.77052        -0.229769        1.13177        
29.2733        5.78184        -0.230205        1.13169        
29.271        5.79315        -0.23064        1.1316        
29.2687        5.80447        -0.231076        1.13151        
29.2664        5.81578        -0.231511        1.13143        
29.2641        5.8271        -0.231947        1.13134        
29.2617        5.83841        -0.232382        1.13126        
29.2594        5.84972        -0.232817        1.13117        
29.2571        5.86103        -0.233253        1.13108        
29.2548        5.87234        -0.233688        1.13099        
29.2524        5.88365        -0.234123        1.13091        
29.2501        5.89496        -0.234558        1.13082        
29.2477        5.90627        -0.234993        1.13073        
29.2454        5.91758        -0.235429        1.13064        
29.243        5.92888        -0.235864        1.13055        
29.2407        5.94019        -0.236299        1.13047        
29.2383        5.95149        -0.236734        1.13038        
29.2359        5.9628        -0.237169        1.13029        
29.2335        5.9741        -0.237604        1.1302        
29.2312        5.9854        -0.238039        1.13011        
29.2288        5.9967        -0.238474        1.13002        
29.2264        6.008        -0.238909        1.12993        
29.224        6.0193        -0.239343        1.12984        
29.2216        6.0306        -0.239778        1.12975        
29.2192        6.04189        -0.240213        1.12966        
29.2168        6.05319        -0.240648        1.12957        
29.2144        6.06449        -0.241082        1.12948        
29.212        6.07578        -0.241517        1.12939        
29.2096        6.08707        -0.241952        1.1293        
29.2071        6.09837        -0.242386        1.12921        
29.2047        6.10966        -0.242821        1.12912        
29.2023        6.12095        -0.243256        1.12903        
29.1999        6.13224        -0.24369        1.12894        
29.1974        6.14353        -0.244125        1.12885        
29.195        6.15482        -0.244559        1.12876        
29.1925        6.1661        -0.244993        1.12867        
29.1901        6.17739        -0.245428        1.12857        
29.1876        6.18867        -0.245862        1.12848        
29.1852        6.19996        -0.246297        1.12839        
29.1827        6.21124        -0.246731        1.1283        
29.1802        6.22252        -0.247165        1.1282        
29.1777        6.23381        -0.247599        1.12811        
29.1753        6.24509        -0.248033        1.12802        
29.1728        6.25637        -0.248468        1.12793        
29.1703        6.26765        -0.248902        1.12783        
29.1678        6.27892        -0.249336        1.12774        
29.1653        6.2902        -0.24977        1.12765        
29.1628        6.30148        -0.250204        1.12755        
29.1603        6.31275        -0.250638        1.12746        
29.1578        6.32403        -0.251072        1.12736        
29.1553        6.3353        -0.251506        1.12727        
29.1528        6.34657        -0.25194        1.12718        
29.1502        6.35784        -0.252373        1.12708        
29.1477        6.36911        -0.252807        1.12699        
29.1452        6.38038        -0.253241        1.12689        
29.1427        6.39165        -0.253675        1.1268        
29.1401        6.40292        -0.254108        1.1267        
29.1376        6.41418        -0.254542        1.12661        
29.135        6.42545        -0.254976        1.12651        
29.1325        6.43671        -0.255409        1.12642        
29.1299        6.44798        -0.255843        1.12632        
29.1274        6.45924        -0.256276        1.12622        
29.1248        6.4705        -0.25671        1.12613        
29.1222        6.48176        -0.257143        1.12603        
29.1197        6.49302        -0.257577        1.12593        
29.1171        6.50428        -0.25801        1.12584        
29.1145        6.51554        -0.258444        1.12574        
29.1119        6.5268        -0.258877        1.12564        
29.1093        6.53805        -0.25931        1.12555        
29.1067        6.54931        -0.259743        1.12545        
29.1041        6.56056        -0.260177        1.12535        
29.1015        6.57181        -0.26061        1.12525        
29.0989        6.58307        -0.261043        1.12516        
29.0963        6.59432        -0.261476        1.12506        
29.0937        6.60557        -0.261909        1.12496        
29.0911        6.61682        -0.262342        1.12486        
29.0884        6.62807        -0.262775        1.12476        
29.0858        6.63931        -0.263208        1.12466        
29.0832        6.65056        -0.263641        1.12456        
29.0805        6.6618        -0.264074        1.12447        
29.0779        6.67305        -0.264507        1.12437        
29.0752        6.68429        -0.26494        1.12427        
29.0726        6.69553        -0.265372        1.12417        
29.0699        6.70677        -0.265805        1.12407        
29.0673        6.71801        -0.266238        1.12397        
29.0646        6.72925        -0.26667        1.12387        
29.0619        6.74049        -0.267103        1.12377        
29.0593        6.75173        -0.267536        1.12367        
29.0566        6.76297        -0.267968        1.12357        
29.0539        6.7742        -0.268401        1.12347        
29.0512        6.78543        -0.268833        1.12336        
29.0485        6.79667        -0.269266        1.12326        
29.0458        6.8079        -0.269698        1.12316        
29.0431        6.81913        -0.27013        1.12306        
29.0404        6.83036        -0.270563        1.12296        
29.0377        6.84159        -0.270995        1.12286        
29.035        6.85282        -0.271427        1.12276        
29.0323        6.86405        -0.27186        1.12265        
29.0296        6.87527        -0.272292        1.12255        
29.0268        6.8865        -0.272724        1.12245        
29.0241        6.89772        -0.273156        1.12235        
29.0214        6.90894        -0.273588        1.12224        
29.0186        6.92017        -0.27402        1.12214        
29.0159        6.93139        -0.274452        1.12204        
29.0132        6.94261        -0.274884        1.12193        
29.0104        6.95382        -0.275316        1.12183        
29.0077        6.96504        -0.275748        1.12173        
29.0049        6.97626        -0.27618        1.12162        
29.0021        6.98748        -0.276611        1.12152        
28.9994        6.99869        -0.277043        1.12142        
28.9966        7.0099        -0.277475        1.12131        
28.9938        7.02112        -0.277907        1.12121        
28.991        7.03233        -0.278338        1.1211        
28.9882        7.04354        -0.27877        1.121        
28.9855        7.05475        -0.279201        1.12089        
28.9827        7.06596        -0.279633        1.12079        
28.9799        7.07716        -0.280065        1.12068        
28.9771        7.08837        -0.280496        1.12058        
28.9743        7.09957        -0.280927        1.12047        
28.9714        7.11078        -0.281359        1.12036        
28.9686        7.12198        -0.28179        1.12026        
28.9658        7.13318        -0.282221        1.12015        
28.963        7.14439        -0.282653        1.12005        
28.9602        7.15558        -0.283084        1.11994        
28.9573        7.16678        -0.283515        1.11983        
28.9545        7.17798        -0.283946        1.11973        
28.9516        7.18918        -0.284377        1.11962        
28.9488        7.20037        -0.284808        1.11951        
28.9459        7.21157        -0.285239        1.11941        
28.9431        7.22276        -0.28567        1.1193        
28.9402        7.23395        -0.286101        1.11919        
28.9374        7.24515        -0.286532        1.11908        
28.9345        7.25634        -0.286963        1.11897        
28.9316        7.26753        -0.287394        1.11887        
28.9288        7.27871        -0.287825        1.11876        
28.9259        7.2899        -0.288256        1.11865        
28.923        7.30109        -0.288686        1.11854        
28.9201        7.31227        -0.289117        1.11843        
28.9172        7.32346        -0.289548        1.11832        
28.9143        7.33464        -0.289978        1.11821        
28.9114        7.34582        -0.290409        1.1181        
28.9085        7.357        -0.290839        1.11799        
28.9056        7.36818        -0.29127        1.11789        
28.9027        7.37936        -0.2917        1.11778        
28.8998        7.39053        -0.292131        1.11767        
28.8968        7.40171        -0.292561        1.11756        
28.8939        7.41289        -0.292991        1.11744        
28.891        7.42406        -0.293421        1.11733        
28.888        7.43523        -0.293852        1.11722        
28.8851        7.4464        -0.294282        1.11711        
28.8821        7.45757        -0.294712        1.117        
28.8792        7.46874        -0.295142        1.11689        
28.8762        7.47991        -0.295572        1.11678        
28.8733        7.49108        -0.296002        1.11667        
28.8703        7.50225        -0.296432        1.11656        
28.8674        7.51341        -0.296862        1.11644        
28.8644        7.52457        -0.297292        1.11633        
28.8614        7.53574        -0.297722        1.11622        
28.8584        7.5469        -0.298152        1.11611        
28.8554        7.55806        -0.298581        1.116        
28.8525        7.56922        -0.299011        1.11588        
28.8495        7.58038        -0.299441        1.11577        
28.8465        7.59153        -0.299871        1.11566        
28.8435        7.60269        -0.3003        1.11554        
28.8405        7.61385        -0.30073        1.11543        
28.8375        7.625        -0.301159        1.11532        
28.8344        7.63615        -0.301589        1.1152        
28.8314        7.6473        -0.302018        1.11509        
28.8284        7.65845        -0.302448        1.11498        
28.8254        7.6696        -0.302877        1.11486        
28.8223        7.68075        -0.303306        1.11475        
28.8193        7.6919        -0.303736        1.11463        
28.8163        7.70304        -0.304165        1.11452        
28.8132        7.71419        -0.304594        1.1144        
28.8102        7.72533        -0.305023        1.11429        
28.8071        7.73647        -0.305452        1.11417        
28.8041        7.74761        -0.305881        1.11406        
28.801        7.75875        -0.30631        1.11394        
28.7979        7.76989        -0.306739        1.11383        
28.7949        7.78103        -0.307168        1.11371        
28.7918        7.79217        -0.307597        1.11359        
28.7887        7.8033        -0.308026        1.11348        
28.7856        7.81444        -0.308455        1.11336        
28.7826        7.82557        -0.308884        1.11325        
28.7795        7.8367        -0.309312        1.11313        
28.7764        7.84783        -0.309741        1.11301        
28.7733        7.85896        -0.31017        1.11289        
28.7702        7.87009        -0.310598        1.11278        
28.7671        7.88122        -0.311027        1.11266        
28.7639        7.89234        -0.311455        1.11254        
28.7608        7.90347        -0.311884        1.11242        
28.7577        7.91459        -0.312312        1.11231        
28.7546        7.92572        -0.312741        1.11219        
28.7515        7.93684        -0.313169        1.11207        
28.7483        7.94796        -0.313597        1.11195        
28.7452        7.95908        -0.314025        1.11183        
28.742        7.97019        -0.314454        1.11172        
28.7389        7.98131        -0.314882        1.1116        
28.7357        7.99243        -0.31531        1.11148        
28.7326        8.00354        -0.315738        1.11136        
28.7294        8.01465        -0.316166        1.11124        
28.7263        8.02576        -0.316594        1.11112        
28.7231        8.03687        -0.317022        1.111        
28.7199        8.04798        -0.31745        1.11088        
28.7167        8.05909        -0.317878        1.11076        
28.7136        8.0702        -0.318305        1.11064        
28.7104        8.08131        -0.318733        1.11052        
28.7072        8.09241        -0.319161        1.1104        
28.704        8.10351        -0.319589        1.11028        
28.7008        8.11462        -0.320016        1.11016        
28.6976        8.12572        -0.320444        1.11004        
28.6944        8.13682        -0.320871        1.10992        
28.6912        8.14791        -0.321299        1.10979        
28.688        8.15901        -0.321726        1.10967        
28.6847        8.17011        -0.322154        1.10955        
28.6815        8.1812        -0.322581        1.10943        
28.6783        8.1923        -0.323008        1.10931        
28.6751        8.20339        -0.323436        1.10918        
28.6718        8.21448        -0.323863        1.10906        
28.6686        8.22557        -0.32429        1.10894        
28.6653        8.23666        -0.324717        1.10882        
28.6621        8.24775        -0.325144        1.10869        
