Velocity-Verlet algorithm (2D)
saturn (x, y, vx, vy)
Timestep: 6 years

-0.300037        -10.0512        1.92479        -0.0671247        
-0.280789        -10.0519        1.92484        -0.0651709        
-0.26154        -10.0525        1.92494        -0.061268        
-0.24229        -10.0531        1.92504        -0.057365        
-0.223039        -10.0537        1.92513        -0.0534619        
-0.203787        -10.0542        1.92521        -0.0495587        
-0.184535        -10.0547        1.92528        -0.0456555        
-0.165282        -10.0551        1.92535        -0.0417521        
-0.146028        -10.0555        1.92541        -0.0378488        
-0.126773        -10.0559        1.92546        -0.0339454        
-0.107519        -10.0562        1.9255        -0.0300419        
-0.0882634        -10.0565        1.92554        -0.0261385        
-0.0690079        -10.0567        1.92556        -0.0222351        
-0.0497521        -10.0569        1.92558        -0.0183317        
-0.0304962        -10.0571        1.9256        -0.0144283        
-0.0112402        -10.0572        1.9256        -0.0105249        
0.00801587        -10.0573        1.9256        -0.00662161        
0.0272719        -10.0573        1.92559        -0.00271838        
0.0465277        -10.0573        1.92558        0.00118478        
0.0657834        -10.0573        1.92555        0.00508785        
0.0850388        -10.0572        1.92552        0.00899081        
0.104294        -10.0571        1.92548        0.0128937        
0.123548        -10.057        1.92543        0.0167964        
0.142802        -10.0568        1.92538        0.020699        
0.162056        -10.0566        1.92532        0.0246014        
0.181309        -10.0563        1.92525        0.0285037        
0.200561        -10.056        1.92517        0.0324057        
0.219812        -10.0556        1.92509        0.0363076        
0.239063        -10.0553        1.925        0.0402093        
0.258312        -10.0548        1.9249        0.0441108        
0.277561        -10.0544        1.92479        0.0480121        
0.296808        -10.0539        1.92468        0.0519131        
0.316054        -10.0533        1.92456        0.0558138        
0.335299        -10.0528        1.92443        0.0597143        
0.354543        -10.0521        1.92429        0.0636145        
0.373785        -10.0515        1.92415        0.0675144        
0.393026        -10.0508        1.92399        0.0714141        
0.412265        -10.0501        1.92384        0.0753134        
0.431502        -10.0493        1.92367        0.0792124        
0.450738        -10.0485        1.9235        0.083111        
0.469972        -10.0476        1.92331        0.0870093        
0.489205        -10.0467        1.92313        0.0909072        
0.508435        -10.0458        1.92293        0.0948047        
0.527663        -10.0448        1.92273        0.0987019        
0.546889        -10.0438        1.92251        0.102599        
0.566113        -10.0428        1.9223        0.106495        
0.585335        -10.0417        1.92207        0.110391        
0.604555        -10.0406        1.92184        0.114286        
0.623772        -10.0394        1.92159        0.118181        
0.642987        -10.0382        1.92135        0.122076        
0.662199        -10.037        1.92109        0.12597        
0.681408        -10.0357        1.92083        0.129864        
0.700615        -10.0344        1.92055        0.133757        
0.71982        -10.033        1.92028        0.137649        
0.739021        -10.0316        1.91999        0.141541        
0.758219        -10.0302        1.9197        0.145433        
0.777415        -10.0287        1.9194        0.149324        
0.796607        -10.0272        1.91909        0.153214        
0.815797        -10.0256        1.91877        0.157104        
0.834983        -10.0241        1.91845        0.160993        
0.854166        -10.0224        1.91812        0.164882        
0.873345        -10.0208        1.91778        0.16877        
0.892521        -10.0191        1.91743        0.172657        
0.911694        -10.0173        1.91708        0.176544        
0.930863        -10.0155        1.91672        0.18043        
0.950028        -10.0137        1.91635        0.184315        
0.96919        -10.0118        1.91598        0.1882        
0.988348        -10.0099        1.91559        0.192084        
1.0075        -10.008        1.9152        0.195968        
1.02665        -10.006        1.91481        0.19985        
1.0458        -10.004        1.9144        0.203732        
1.06494        -10.0019        1.91399        0.207613        
1.08408        -9.99985        1.91357        0.211494        
1.10321        -9.99771        1.91314        0.215374        
1.12234        -9.99554        1.9127        0.219253        
1.14147        -9.99333        1.91226        0.223131        
1.16059        -9.99108        1.91181        0.227008        
1.1797        -9.98879        1.91135        0.230884        
1.19881        -9.98646        1.91089        0.23476        
1.21792        -9.98409        1.91042        0.238635        
1.23702        -9.98169        1.90994        0.242509        
1.25612        -9.97924        1.90945        0.246382        
1.27521        -9.97676        1.90896        0.250254        
1.2943        -9.97424        1.90845        0.254126        
1.31338        -9.97168        1.90794        0.257996        
1.33246        -9.96908        1.90743        0.261866        
1.35153        -9.96644        1.9069        0.265734        
1.37059        -9.96376        1.90637        0.269602        
1.38966        -9.96105        1.90583        0.273469        
1.40871        -9.95829        1.90529        0.277335        
1.42776        -9.9555        1.90473        0.2812        
1.44681        -9.95267        1.90417        0.285063        
1.46584        -9.9498        1.9036        0.288926        
1.48488        -9.94689        1.90302        0.292788        
1.5039        -9.94394        1.90244        0.296649        
1.52293        -9.94096        1.90185        0.300509        
1.54194        -9.93793        1.90125        0.304367        
1.56095        -9.93487        1.90064        0.308225        
1.57995        -9.93177        1.90003        0.312082        
1.59895        -9.92863        1.89941        0.315937        
1.61794        -9.92545        1.89878        0.319792        
1.63693        -9.92223        1.89815        0.323645        
1.65591        -9.91898        1.8975        0.327497        
1.67488        -9.91568        1.89685        0.331348        
1.69384        -9.91235        1.89619        0.335198        
1.7128        -9.90898        1.89553        0.339047        
1.73175        -9.90557        1.89486        0.342894        
1.7507        -9.90212        1.89418        0.346741        
1.76964        -9.89863        1.89349        0.350586        
1.78857        -9.89511        1.89279        0.35443        
1.80749        -9.89154        1.89209        0.358273        
1.82641        -9.88794        1.89138        0.362114        
1.84532        -9.8843        1.89067        0.365955        
1.86422        -9.88062        1.88994        0.369794        
1.88312        -9.87691        1.88921        0.373632        
1.90201        -9.87315        1.88847        0.377468        
1.92089        -9.86936        1.88772        0.381303        
1.93976        -9.86552        1.88697        0.385137        
1.95863        -9.86165        1.88621        0.38897        
1.97749        -9.85775        1.88544        0.392801        
1.99634        -9.8538        1.88466        0.396631        
2.01518        -9.84981        1.88388        0.40046        
2.03401        -9.84579        1.88309        0.404287        
2.05284        -9.84173        1.88229        0.408113        
2.07166        -9.83763        1.88148        0.411937        
2.09047        -9.83349        1.88067        0.41576        
2.10927        -9.82931        1.87985        0.419582        
2.12807        -9.8251        1.87902        0.423402        
2.14685        -9.82084        1.87819        0.427221        
2.16563        -9.81655        1.87734        0.431038        
2.1844        -9.81222        1.8765        0.434854        
2.20316        -9.80785        1.87564        0.438668        
2.22191        -9.80345        1.87477        0.442481        
2.24066        -9.79901        1.8739        0.446292        
2.25939        -9.79452        1.87302        0.450102        
2.27812        -9.79        1.87214        0.45391        
2.29683        -9.78545        1.87124        0.457717        
2.31554        -9.78085        1.87034        0.461522        
2.33424        -9.77621        1.86943        0.465326        
2.35293        -9.77154        1.86852        0.469128        
2.37161        -9.76683        1.86759        0.472929        
2.39028        -9.76208        1.86666        0.476728        
2.40894        -9.7573        1.86572        0.480525        
2.4276        -9.75247        1.86478        0.484321        
2.44624        -9.74761        1.86383        0.488115        
2.46487        -9.74271        1.86287        0.491907        
2.4835        -9.73777        1.8619        0.495698        
2.50211        -9.7328        1.86092        0.499487        
2.52072        -9.72778        1.85994        0.503274        
2.53931        -9.72273        1.85895        0.50706        
2.5579        -9.71764        1.85796        0.510844        
2.57647        -9.71251        1.85695        0.514626        
2.59503        -9.70735        1.85594        0.518407        
2.61359        -9.70215        1.85492        0.522185        
2.63213        -9.69691        1.8539        0.525962        
2.65067        -9.69163        1.85286        0.529738        
2.66919        -9.68631        1.85182        0.533511        
2.6877        -9.68096        1.85077        0.537283        
2.70621        -9.67557        1.84972        0.541053        
2.7247        -9.67014        1.84866        0.544821        
2.74318        -9.66467        1.84759        0.548587        
2.76165        -9.65916        1.84651        0.552351        
2.78011        -9.65362        1.84543        0.556114        
2.79856        -9.64804        1.84433        0.559874        
2.817        -9.64242        1.84324        0.563633        
2.83542        -9.63677        1.84213        0.56739        
2.85384        -9.63108        1.84102        0.571145        
2.87224        -9.62535        1.8399        0.574898        
2.89064        -9.61958        1.83877        0.578649        
2.90902        -9.61377        1.83763        0.582398        
2.92739        -9.60793        1.83649        0.586145        
2.94575        -9.60205        1.83534        0.58989        
2.9641        -9.59613        1.83418        0.593634        
2.98243        -9.59018        1.83302        0.597375        
3.00076        -9.58419        1.83185        0.601114        
3.01907        -9.57816        1.83067        0.604851        
3.03737        -9.57209        1.82948        0.608587        
3.05566        -9.56598        1.82829        0.61232        
3.07393        -9.55984        1.82709        0.616051        
3.0922        -9.55366        1.82588        0.61978        
3.11045        -9.54745        1.82467        0.623507        
3.12869        -9.54119        1.82344        0.627232        
3.14692        -9.5349        1.82221        0.630955        
3.16514        -9.52857        1.82098        0.634675        
3.18334        -9.52221        1.81973        0.638394        
3.20153        -9.51581        1.81848        0.64211        
3.21971        -9.50937        1.81722        0.645825        
3.23788        -9.50289        1.81596        0.649537        
3.25603        -9.49638        1.81469        0.653247        
3.27417        -9.48982        1.81341        0.656954        
3.2923        -9.48324        1.81212        0.66066        
3.31041        -9.47661        1.81082        0.664363        
3.32851        -9.46995        1.80952        0.668064        
3.3466        -9.46325        1.80821        0.671763        
3.36468        -9.45651        1.8069        0.67546        
3.38274        -9.44974        1.80558        0.679154        
3.40079        -9.44293        1.80425        0.682846        
3.41883        -9.43608        1.80291        0.686536        
3.43685        -9.4292        1.80156        0.690223        
3.45486        -9.42228        1.80021        0.693909        
3.47285        -9.41532        1.79885        0.697591        
3.49083        -9.40833        1.79749        0.701272        
3.5088        -9.4013        1.79611        0.70495        
3.52676        -9.39423        1.79473        0.708626        
3.5447        -9.38712        1.79334        0.712299        
3.56262        -9.37998        1.79195        0.715971        
3.58054        -9.3728        1.79055        0.719639        
3.59843        -9.36559        1.78914        0.723305        
3.61632        -9.35834        1.78772        0.726969        
3.63419        -9.35105        1.7863        0.730631        
3.65204        -9.34373        1.78487        0.73429        
3.66989        -9.33636        1.78343        0.737946        
3.68771        -9.32897        1.78198        0.7416        
3.70553        -9.32153        1.78053        0.745252        
3.72332        -9.31406        1.77907        0.748901        
3.74111        -9.30655        1.77761        0.752547        
3.75888        -9.29901        1.77613        0.756191        
3.77663        -9.29143        1.77465        0.759833        
3.79437        -9.28381        1.77317        0.763472        
3.81209        -9.27616        1.77167        0.767108        
3.8298        -9.26847        1.77017        0.770742        
3.8475        -9.26075        1.76866        0.774373        
3.86518        -9.25298        1.76714        0.778002        
3.88284        -9.24519        1.76562        0.781628        
3.90049        -9.23735        1.76409        0.785251        
3.91812        -9.22948        1.76255        0.788872        
3.93574        -9.22157        1.76101        0.79249        
3.95334        -9.21363        1.75946        0.796106        
3.97093        -9.20565        1.7579        0.799718        
3.9885        -9.19764        1.75633        0.803329        
4.00605        -9.18959        1.75476        0.806936        
4.02359        -9.1815        1.75318        0.810541        
4.04112        -9.17338        1.75159        0.814143        
4.05863        -9.16522        1.75        0.817742        
4.07612        -9.15702        1.7484        0.821339        
4.09359        -9.14879        1.74679        0.824932        
4.11105        -9.14052        1.74518        0.828523        
4.1285        -9.13222        1.74355        0.832112        
4.14593        -9.12388        1.74193        0.835697        
4.16334        -9.1155        1.74029        0.83928        
4.18073        -9.10709        1.73865        0.842859        
4.19811        -9.09865        1.737        0.846436        
4.21547        -9.09017        1.73534        0.85001        
4.23282        -9.08165        1.73367        0.853582        
4.25014        -9.07309        1.732        0.85715        
4.26746        -9.0645        1.73033        0.860716        
4.28475        -9.05588        1.72864        0.864278        
4.30203        -9.04722        1.72695        0.867838        
4.31929        -9.03852        1.72525        0.871395        
4.33653        -9.02979        1.72354        0.874949        
4.35376        -9.02102        1.72183        0.878499        
4.37097        -9.01222        1.72011        0.882047        
4.38816        -9.00338        1.71838        0.885592        
4.40534        -8.99451        1.71665        0.889134        
4.4225        -8.9856        1.71491        0.892673        
4.43964        -8.97666        1.71316        0.896209        
4.45676        -8.96768        1.7114        0.899742        
4.47386        -8.95866        1.70964        0.903272        
4.49095        -8.94961        1.70787        0.906799        
4.50802        -8.94052        1.7061        0.910323        
4.52507        -8.9314        1.70431        0.913844        
4.54211        -8.92225        1.70253        0.917361        
4.55912        -8.91306        1.70073        0.920876        
4.57612        -8.90383        1.69893        0.924387        
4.5931        -8.89457        1.69711        0.927895        
4.61007        -8.88527        1.6953        0.931401        
4.62701        -8.87594        1.69347        0.934903        
4.64393        -8.86657        1.69164        0.938401        
4.66084        -8.85717        1.6898        0.941897        
4.67773        -8.84774        1.68796        0.94539        
4.6946        -8.83826        1.68611        0.948879        
4.71145        -8.82876        1.68425        0.952365        
4.72829        -8.81922        1.68238        0.955848        
4.7451        -8.80964        1.68051        0.959327        
4.7619        -8.80003        1.67863        0.962804        
4.77867        -8.79039        1.67675        0.966277        
4.79543        -8.78071        1.67485        0.969747        
4.81217        -8.77099        1.67295        0.973213        
4.82889        -8.76124        1.67105        0.976676        
4.84559        -8.75146        1.66913        0.980136        
4.86227        -8.74164        1.66721        0.983593        
4.87894        -8.73179        1.66528        0.987046        
4.89558        -8.7219        1.66335        0.990496        
4.9122        -8.71198        1.66141        0.993942        
4.92881        -8.70202        1.65946        0.997385        
4.94539        -8.69203        1.65751        1.00082        
4.96196        -8.682        1.65555        1.00426        
4.9785        -8.67194        1.65358        1.00769        
4.99503        -8.66185        1.6516        1.01112        
5.01153        -8.65172        1.64962        1.01455        
5.02802        -8.64156        1.64763        1.01797        
5.04449        -8.63136        1.64564        1.02139        
5.06093        -8.62113        1.64363        1.02481        
5.07736        -8.61086        1.64163        1.02822        
5.09377        -8.60057        1.63961        1.03163        
5.11015        -8.59023        1.63759        1.03503        
5.12652        -8.57986        1.63556        1.03843        
5.14286        -8.56946        1.63352        1.04183        
5.15919        -8.55903        1.63148        1.04523        
5.17549        -8.54856        1.62943        1.04862        
5.19178        -8.53806        1.62737        1.052        
5.20804        -8.52752        1.62531        1.05539        
5.22428        -8.51695        1.62324        1.05877        
5.2405        -8.50634        1.62116        1.06214        
5.25671        -8.4957        1.61908        1.06552        
5.27289        -8.48503        1.61699        1.06888        
5.28905        -8.47433        1.6149        1.07225        
5.30518        -8.46359        1.61279        1.07561        
5.3213        -8.45282        1.61068        1.07897        
5.3374        -8.44201        1.60857        1.08232        
5.35347        -8.43117        1.60644        1.08567        
5.36953        -8.4203        1.60431        1.08902        
5.38556        -8.40939        1.60218        1.09236        
5.40157        -8.39845        1.60003        1.0957        
5.41756        -8.38747        1.59788        1.09904        
5.43353        -8.37647        1.59573        1.10237        
5.44947        -8.36543        1.59356        1.1057        
5.4654        -8.35435        1.59139        1.10902        
5.4813        -8.34325        1.58922        1.11234        
5.49718        -8.33211        1.58703        1.11566        
5.51304        -8.32093        1.58484        1.11897        
5.52888        -8.30973        1.58265        1.12228        
5.5447        -8.29849        1.58044        1.12558        
5.56049        -8.28722        1.57823        1.12888        
5.57626        -8.27591        1.57602        1.13218        
5.59201        -8.26457        1.57379        1.13547        
5.60774        -8.2532        1.57156        1.13876        
5.62344        -8.2418        1.56933        1.14205        
5.63912        -8.23036        1.56708        1.14533        
5.65478        -8.21889        1.56484        1.14861        
5.67042        -8.20739        1.56258        1.15188        
5.68603        -8.19585        1.56032        1.15515        
5.70163        -8.18428        1.55805        1.15841        
5.7172        -8.17268        1.55577        1.16168        
5.73274        -8.16105        1.55349        1.16493        
5.74827        -8.14939        1.5512        1.16819        
5.76377        -8.13769        1.54891        1.17143        
5.77924        -8.12596        1.5466        1.17468        
5.7947        -8.11419        1.5443        1.17792        
5.81013        -8.1024        1.54198        1.18116        
5.82554        -8.09057        1.53966        1.18439        
5.84092        -8.07871        1.53733        1.18762        
5.85628        -8.06682        1.535        1.19084        
5.87162        -8.05489        1.53266        1.19406        
5.88694        -8.04294        1.53031        1.19728        
5.90223        -8.03095        1.52795        1.20049        
5.9175        -8.01893        1.52559        1.2037        
5.93274        -8.00687        1.52323        1.2069        
5.94796        -7.99479        1.52085        1.2101        
5.96316        -7.98267        1.51847        1.21329        
5.97833        -7.97052        1.51609        1.21648        
5.99348        -7.95834        1.51369        1.21967        
6.0086        -7.94613        1.51129        1.22285        
6.0237        -7.93389        1.50889        1.22603        
6.03878        -7.92161        1.50648        1.2292        
6.05383        -7.9093        1.50406        1.23237        
6.06886        -7.89696        1.50163        1.23554        
6.08387        -7.88459        1.4992        1.2387        
6.09885        -7.87219        1.49676        1.24185        
6.1138        -7.85975        1.49432        1.245        
6.12873        -7.84729        1.49187        1.24815        
6.14364        -7.83479        1.48941        1.25129        
6.15852        -7.82226        1.48695        1.25443        
6.17338        -7.8097        1.48448        1.25757        
6.18821        -7.79711        1.482        1.2607        
6.20302        -7.78449        1.47952        1.26382        
6.2178        -7.77183        1.47703        1.26694        
6.23256        -7.75915        1.47453        1.27006        
6.24729        -7.74643        1.47203        1.27317        
6.262        -7.73369        1.46952        1.27628        
6.27668        -7.72091        1.46701        1.27938        
6.29134        -7.7081        1.46449        1.28248        
6.30597        -7.69526        1.46196        1.28557        
6.32058        -7.68239        1.45943        1.28866        
6.33516        -7.66948        1.45689        1.29174        
6.34972        -7.65655        1.45434        1.29482        
6.36425        -7.64359        1.45179        1.2979        
6.37875        -7.63059        1.44923        1.30097        
6.39323        -7.61757        1.44666        1.30404        
6.40769        -7.60451        1.44409        1.3071        
6.42211        -7.59143        1.44151        1.31015        
6.43652        -7.57831        1.43893        1.31321        
6.45089        -7.56516        1.43634        1.31625        
6.46524        -7.55198        1.43374        1.3193        
6.47957        -7.53878        1.43114        1.32234        
6.49387        -7.52554        1.42853        1.32537        
6.50814        -7.51227        1.42592        1.3284        
6.52238        -7.49897        1.42329        1.33142        
6.5366        -7.48564        1.42067        1.33444        
6.5508        -7.47228        1.41803        1.33745        
6.56496        -7.45889        1.41539        1.34046        
6.57911        -7.44547        1.41274        1.34347        
6.59322        -7.43202        1.41009        1.34647        
6.60731        -7.41854        1.40743        1.34946        
6.62137        -7.40503        1.40477        1.35245        
6.6354        -7.39149        1.4021        1.35544        
6.64941        -7.37792        1.39942        1.35842        
6.66339        -7.36433        1.39673        1.3614        
6.67734        -7.3507        1.39404        1.36437        
6.69127        -7.33704        1.39135        1.36733        
6.70517        -7.32335        1.38865        1.37029        
6.71904        -7.30963        1.38594        1.37325        
6.73289        -7.29588        1.38322        1.3762        
6.74671        -7.28211        1.3805        1.37915        
6.7605        -7.2683        1.37777        1.38209        
6.77426        -7.25447        1.37504        1.38503        
6.788        -7.2406        1.3723        1.38796        
6.80171        -7.22671        1.36956        1.39088        
6.81539        -7.21278        1.36681        1.39381        
6.82905        -7.19883        1.36405        1.39672        
6.84267        -7.18485        1.36128        1.39963        
6.85627        -7.17084        1.35851        1.40254        
6.86984        -7.1568        1.35574        1.40544        
6.88339        -7.14273        1.35296        1.40834        
6.8969        -7.12863        1.35017        1.41123        
6.91039        -7.1145        1.34737        1.41411        
6.92385        -7.10035        1.34457        1.41699        
6.93728        -7.08617        1.34177        1.41987        
6.95069        -7.07195        1.33896        1.42274        
6.96406        -7.05771        1.33614        1.42561        
6.97741        -7.04344        1.33331        1.42847        
6.99073        -7.02914        1.33048        1.43132        
7.00402        -7.01481        1.32765        1.43417        
7.01728        -7.00046        1.3248        1.43702        
7.03051        -6.98607        1.32196        1.43986        
7.04372        -6.97166        1.3191        1.44269        
7.0569        -6.95722        1.31624        1.44552        
7.07004        -6.94275        1.31337        1.44834        
7.08316        -6.92825        1.3105        1.45116        
7.09625        -6.91373        1.30762        1.45398        
7.10932        -6.89917        1.30474        1.45679        
7.12235        -6.88459        1.30185        1.45959        
7.13535        -6.86998        1.29895        1.46239        
7.14833        -6.85534        1.29605        1.46518        
7.16127        -6.84068        1.29314        1.46796        
7.17419        -6.82598        1.29023        1.47075        
7.18708        -6.81126        1.28731        1.47352        
7.19994        -6.79651        1.28438        1.47629        
7.21277        -6.78174        1.28145        1.47906        
7.22557        -6.76693        1.27851        1.48182        
7.23834        -6.7521        1.27557        1.48457        
7.25108        -6.73724        1.27262        1.48732        
7.26379        -6.72235        1.26967        1.49007        
7.27647        -6.70744        1.2667        1.49281        
7.28912        -6.6925        1.26374        1.49554        
7.30175        -6.67753        1.26077        1.49827        
7.31434        -6.66253        1.25779        1.50099        
7.3269        -6.64751        1.2548        1.5037        
7.33943        -6.63246        1.25181        1.50642        
7.35194        -6.61738        1.24882        1.50912        
7.36441        -6.60228        1.24581        1.51182        
7.37685        -6.58714        1.24281        1.51451        
7.38927        -6.57199        1.23979        1.5172        
7.40165        -6.5568        1.23677        1.51989        
7.414        -6.54159        1.23375        1.52256        
7.42633        -6.52635        1.23072        1.52524        
7.43862        -6.51108        1.22768        1.5279        
7.45088        -6.49579        1.22464        1.53056        
7.46311        -6.48047        1.22159        1.53322        
7.47531        -6.46513        1.21854        1.53587        
7.48748        -6.44975        1.21548        1.53851        
7.49962        -6.43436        1.21241        1.54115        
7.51173        -6.41893        1.20934        1.54378        
7.52381        -6.40348        1.20626        1.54641        
7.53585        -6.388        1.20318        1.54903        
7.54787        -6.3725        1.20009        1.55165        
7.55986        -6.35697        1.197        1.55426        
7.57181        -6.34141        1.1939        1.55686        
7.58373        -6.32583        1.19079        1.55946        
7.59563        -6.31023        1.18768        1.56205        
7.60749        -6.29459        1.18457        1.56464        
7.61932        -6.27893        1.18144        1.56722        
7.63112        -6.26325        1.17832        1.5698        
7.64288        -6.24754        1.17518        1.57237        
7.65462        -6.2318        1.17204        1.57493        
7.66632        -6.21604        1.1689        1.57749        
7.678        -6.20025        1.16575        1.58004        
7.68964        -6.18444        1.16259        1.58258        
7.70125        -6.1686        1.15943        1.58512        
7.71283        -6.15273        1.15626        1.58766        
7.72437        -6.13685        1.15309        1.59019        
7.73589        -6.12093        1.14991        1.59271        
7.74737        -6.10499        1.14673        1.59523        
7.75882        -6.08903        1.14354        1.59774        
7.77024        -6.07304        1.14034        1.60024        
7.78163        -6.05702        1.13714        1.60274        
7.79299        -6.04098        1.13394        1.60523        
7.80431        -6.02492        1.13073        1.60772        
7.8156        -6.00883        1.12751        1.6102        
7.82686        -5.99271        1.12429        1.61268        
7.83809        -5.97657        1.12106        1.61514        
7.84928        -5.96041        1.11783        1.61761        
7.86044        -5.94422        1.11459        1.62006        
7.87157        -5.92801        1.11134        1.62251        
7.88267        -5.91177        1.10809        1.62496        
7.89374        -5.89551        1.10484        1.6274        
7.90477        -5.87922        1.10158        1.62983        
7.91577        -5.86291        1.09831        1.63226        
7.92673        -5.84658        1.09504        1.63468        
7.93767        -5.83022        1.09176        1.63709        
7.94857        -5.81384        1.08848        1.6395        
7.95944        -5.79743        1.08519        1.6419        
7.97027        -5.781        1.0819        1.6443        
7.98108        -5.76454        1.0786        1.64668        
7.99184        -5.74807        1.0753        1.64907        
8.00258        -5.73156        1.07199        1.65144        
8.01328        -5.71504        1.06868        1.65382        
8.02395        -5.69849        1.06536        1.65618        
8.03459        -5.68191        1.06203        1.65854        
8.0452        -5.66532        1.0587        1.66089        
8.05577        -5.64869        1.05537        1.66324        
8.0663        -5.63205        1.05202        1.66558        
8.07681        -5.61538        1.04868        1.66791        
8.08728        -5.59869        1.04533        1.67024        
8.09771        -5.58198        1.04197        1.67256        
8.10812        -5.56524        1.03861        1.67487        
8.11849        -5.54848        1.03524        1.67718        
8.12882        -5.5317        1.03187        1.67948        
8.13912        -5.51489        1.02849        1.68178        
8.14939        -5.49806        1.02511        1.68406        
8.15962        -5.48121        1.02172        1.68635        
8.16982        -5.46434        1.01833        1.68862        
8.17999        -5.44744        1.01493        1.69089        
8.19012        -5.43052        1.01153        1.69316        
8.20022        -5.41357        1.00812        1.69541        
8.21029        -5.39661        1.0047        1.69766        
8.22032        -5.37962        1.00128        1.69991        
8.23031        -5.36261        0.99786        1.70215        
8.24027        -5.34558        0.994431        1.70438        
8.2502        -5.32852        0.990996        1.7066        
8.26009        -5.31145        0.987557        1.70882        
8.26995        -5.29435        0.984112        1.71103        
8.27978        -5.27723        0.980662        1.71324        
8.28956        -5.26008        0.977208        1.71543        
8.29932        -5.24292        0.973748        1.71763        
8.30904        -5.22573        0.970283        1.71981        
8.31872        -5.20852        0.966813        1.72199        
8.32838        -5.19129        0.963338        1.72416        
8.33799        -5.17404        0.959858        1.72633        
8.34757        -5.15676        0.956373        1.72849        
8.35712        -5.13947        0.952883        1.73064        
8.36663        -5.12215        0.949388        1.73279        
8.37611        -5.10481        0.945888        1.73492        
8.38555        -5.08745        0.942383        1.73706        
8.39495        -5.07007        0.938874        1.73918        
8.40433        -5.05267        0.935359        1.7413        
8.41366        -5.03524        0.931839        1.74341        
8.42296        -5.0178        0.928314        1.74552        
8.43223        -5.00033        0.924785        1.74762        
8.44146        -4.98285        0.92125        1.74971        
8.45065        -4.96534        0.917711        1.7518        
8.45981        -4.94781        0.914166        1.75388        
8.46894        -4.93026        0.910617        1.75595        
8.47802        -4.91269        0.907063        1.75801        
8.48708        -4.8951        0.903504        1.76007        
8.49609        -4.87749        0.899941        1.76212        
8.50508        -4.85986        0.896372        1.76417        
8.51402        -4.84221        0.892799        1.76621        
8.52293        -4.82454        0.88922        1.76824        
8.53181        -4.80684        0.885637        1.77026        
8.54065        -4.78913        0.88205        1.77228        
8.54945        -4.7714        0.878457        1.77429        
8.55821        -4.75365        0.87486        1.77629        
8.56694        -4.73587        0.871258        1.77829        
8.57564        -4.71808        0.867651        1.78028        
8.5843        -4.70027        0.864039        1.78226        
8.59292        -4.68243        0.860423        1.78424        
8.60151        -4.66458        0.856802        1.78621        
8.61006        -4.64671        0.853176        1.78817        
8.61857        -4.62882        0.849546        1.79013        
8.62705        -4.61091        0.845911        1.79207        
8.63549        -4.59298        0.842271        1.79401        
8.64389        -4.57503        0.838627        1.79595        
8.65226        -4.55706        0.834978        1.79788        
8.66059        -4.53907        0.831324        1.7998        
8.66889        -4.52106        0.827666        1.80171        
8.67715        -4.50304        0.824003        1.80362        
8.68537        -4.48499        0.820336        1.80552        
8.69355        -4.46692        0.816664        1.80741        
8.7017        -4.44884        0.812987        1.80929        
8.70981        -4.43074        0.809306        1.81117        
8.71789        -4.41262        0.80562        1.81304        
8.72592        -4.39448        0.80193        1.8149        
8.73393        -4.37632        0.798235        1.81676        
8.74189        -4.35814        0.794536        1.81861        
8.74982        -4.33995        0.790832        1.82045        
8.75771        -4.32173        0.787124        1.82229        
8.76556        -4.3035        0.783411        1.82412        
8.77337        -4.28525        0.779694        1.82594        
8.78115        -4.26698        0.775972        1.82775        
8.78889        -4.2487        0.772246        1.82956        
8.7966        -4.23039        0.768515        1.83136        
8.80426        -4.21207        0.76478        1.83315        
8.81189        -4.19373        0.761041        1.83493        
8.81948        -4.17537        0.757297        1.83671        
8.82704        -4.15699        0.753549        1.83848        
8.83456        -4.1386        0.749796        1.84024        
8.84203        -4.12019        0.746039        1.842        
8.84948        -4.10176        0.742278        1.84375        
