Velocity-Verlet algorithm (2D)
sun (x, y, vx, vy)
Timestep: 6 years

0.00217112        0.00578452        -0.00193815        0.00198858        
0.00215169        0.00580437        -0.00194879        0.00198102        
0.00213215        0.00582414        -0.0019603        0.00197345        
0.00211249        0.00584384        -0.00197177        0.0019657        
0.00209271        0.00586346        -0.00198319        0.00195776        
0.00207282        0.005883        -0.00199454        0.00194964        
0.00205282        0.00590245        -0.0020058        0.00194135        
0.00203271        0.00592182        -0.00201694        0.00193289        
0.00201248        0.00594111        -0.00202796        0.0019243        
0.00199215        0.00596031        -0.00203883        0.00191558        
0.00197171        0.00597942        -0.00204954        0.00190677        
0.00195116        0.00599844        -0.00206008        0.00189793        
0.0019305        0.00601738        -0.00207048        0.0018891        
0.00190975        0.00603623        -0.00208079        0.00188033        
0.00188889        0.00605499        -0.0020911        0.00187163        
0.00186793        0.00607366        -0.00210151        0.00186294        
0.00184686        0.00609225        -0.00211204        0.00185413        
0.00182568        0.00611074        -0.00212263        0.00184508        
0.00180441        0.00612915        -0.00213315        0.00183577        
0.00178302        0.00614746        -0.00214352        0.00182623        
0.00176154        0.00616567        -0.00215368        0.00181653        
0.00173995        0.00618379        -0.00216363        0.00180672        
0.00171826        0.00620181        -0.00217336        0.00179684        
0.00169648        0.00621972        -0.00218289        0.00178695        
0.0016746        0.00623754        -0.00219223        0.00177705        
0.00165264        0.00625527        -0.0022014        0.00176717        
0.00163058        0.00627289        -0.00221042        0.00175733        
0.00160843        0.00629041        -0.00221929        0.00174754        
0.00158619        0.00630784        -0.00222803        0.0017378        
0.00156387        0.00632517        -0.00223666        0.00172813        
0.00154146        0.0063424        -0.00224517        0.00171853        
0.00151896        0.00635954        -0.00225359        0.00170901        
0.00149639        0.00637658        -0.0022619        0.00169959        
0.00147373        0.00639353        -0.00227013        0.00169028        
0.00145098        0.00641039        -0.00227827        0.00168109        
0.00142816        0.00642715        -0.00228635        0.00167208        
0.00140526        0.00644383        -0.0022944        0.00166328        
0.00138227        0.00646042        -0.00230248        0.00165473        
0.00135921        0.00647692        -0.00231072        0.00164644        
0.00133606        0.00649335        -0.00231923        0.00163835        
0.00131282        0.00650969        -0.00232809        0.00163032        
0.0012895        0.00652595        -0.00233727        0.00162219        
0.00126608        0.00654213        -0.00234667        0.00161389        
0.00124256        0.00655823        -0.00235621        0.0016054        
0.00121895        0.00657424        -0.00236583        0.00159674        
0.00119525        0.00659017        -0.00237551        0.00158795        
0.00117144        0.006606        -0.00238524        0.00157904        
0.00114754        0.00662175        -0.00239504        0.00157001        
0.00112354        0.0066374        -0.0024049        0.00156086        
0.00109944        0.00665296        -0.00241484        0.00155158        
0.00107524        0.00666843        -0.00242484        0.00154217        
0.00105095        0.00668381        -0.00243491        0.0015326        
0.00102655        0.00669909        -0.00244503        0.00152286        
0.00100205        0.00671426        -0.0024552        0.00151295        
0.000977443        0.00672934        -0.0024654        0.00150283        
0.000952738        0.00674432        -0.00247561        0.00149252        
0.00092793        0.00675919        -0.0024858        0.00148199        
0.000903022        0.00677396        -0.00249595        0.00147126        
0.000878011        0.00678862        -0.00250603        0.00146033        
0.000852901        0.00680317        -0.00251603        0.00144923        
0.000827691        0.0068176        -0.00252592        0.001438        
0.000802382        0.00683193        -0.00253574        0.0014267        
0.000776976        0.00684614        -0.00254555        0.00141534        
0.000751471        0.00686023        -0.00255545        0.00140391        
0.000725867        0.00687422        -0.00256548        0.00139228        
0.000700162        0.00688808        -0.00257563        0.00138032        
0.000674354        0.00690182        -0.00258578        0.00136795        
0.000648446        0.00691544        -0.0025958        0.00135516        
0.000622438        0.00692893        -0.00260561        0.001342        
0.000596334        0.00694228        -0.00261516        0.00132851        
0.000570135        0.0069555        -0.00262441        0.00131475        
0.000543846        0.00696857        -0.00263334        0.00130076        
0.000517468        0.00698151        -0.00264196        0.00128659        
0.000491007        0.00699431        -0.00265025        0.00127225        
0.000464464        0.00700696        -0.0026582        0.00125779        
0.000437843        0.00701946        -0.00266581        0.00124322        
0.000411147        0.00703182        -0.00267308        0.00122858        
0.000384381        0.00704403        -0.00268        0.00121389        
0.000357547        0.0070561        -0.00268657        0.00119917        
0.00033065        0.00706802        -0.00269279        0.00118446        
0.000303692        0.00707979        -0.00269864        0.00116979        
0.000276677        0.00709141        -0.00270414        0.00115518        
0.000249609        0.00710289        -0.00270926        0.00114068        
0.000222491        0.00711423        -0.00271403        0.00112634        
0.000195328        0.00712542        -0.00271846        0.00111224        
0.000168122        0.00713647        -0.00272258        0.00109843        
0.000140877        0.00714739        -0.0027265        0.00108499        
0.000113592        0.00715817        -0.00273036        0.00107193        
8.62695e-05        0.00716883        -0.00273426        0.00105916        
5.89071e-05        0.00717935        -0.00273825        0.00104655        
3.15044e-05        0.00718976        -0.00274229        0.001034        
4.06136e-06        0.00720003        -0.00274628        0.00102148        
-2.34213e-05        0.00721019        -0.00275018        0.00100903        
-5.09423e-05        0.00722021        -0.00275397        0.000996667        
-7.85007e-05        0.00723012        -0.00275765        0.000984439        
-0.000106095        0.0072399        -0.00276124        0.000972369        
-0.000133725        0.00724957        -0.00276475        0.000960473        
-0.00016139        0.00725911        -0.00276822        0.000948757        
-0.00018909        0.00726854        -0.00277167        0.000937226        
-0.000216824        0.00727786        -0.00277512        0.000925876        
-0.000244592        0.00728706        -0.00277859        0.000914703        
-0.000272395        0.00729615        -0.00278209        0.000903701        
-0.000300234        0.00730513        -0.00278564        0.00089286        
-0.000328108        0.00731401        -0.00278927        0.000882171        
-0.000356019        0.00732278        -0.00279296        0.000871624        
-0.000383968        0.00733144        -0.00279674        0.000861211        
-0.000411954        0.00734        -0.0028006        0.000850928        
-0.00043998        0.00734846        -0.00280454        0.000840783        
-0.000468045        0.00735682        -0.00280857        0.000830797        
-0.000496151        0.00736508        -0.00281273        0.000821005        
-0.000524299        0.00737324        -0.00281707        0.000811441        
-0.000552492        0.0073813        -0.00282172        0.000802093        
-0.000580734        0.00738928        -0.0028268        0.000792865        
-0.000609028        0.00739716        -0.00283234        0.000783595        
-0.000637381        0.00740495        -0.0028383        0.000774135        
-0.000665794        0.00741264        -0.00284457        0.000764404        
-0.000694272        0.00742024        -0.00285106        0.000754382        
-0.000722816        0.00742773        -0.00285771        0.000744077        
-0.000751426        0.00743512        -0.00286448        0.000733502        
-0.000780105        0.0074424        -0.00287133        0.000722665        
-0.000808853        0.00744957        -0.00287826        0.00071157        
-0.00083767        0.00745663        -0.00288524        0.000700217        
-0.000866558        0.00746358        -0.00289225        0.000688602        
-0.000895515        0.00747041        -0.00289928        0.000676721        
-0.000924543        0.00747711        -0.0029063        0.000664572        
-0.000953641        0.0074837        -0.00291329        0.000652152        
-0.000982809        0.00749016        -0.00292021        0.000639461        
-0.00101205        0.00749649        -0.00292706        0.000626501        
-0.00104135        0.00750269        -0.00293378        0.00061328        
-0.00107072        0.00750875        -0.00294036        0.000599807        
-0.00110016        0.00751468        -0.00294676        0.000586104        
-0.00112966        0.00752047        -0.00295293        0.000572203        
-0.00115922        0.00752613        -0.00295886        0.000558156        
-0.00118883        0.00753164        -0.00296454        0.000544032        
-0.00121851        0.00753701        -0.00297        0.000529911        
-0.00124823        0.00754223        -0.00297534        0.000515841        
-0.00127801        0.00754732        -0.00298067        0.000501793        
-0.00130785        0.00755227        -0.00298605        0.000487658        
-0.00133773        0.00755708        -0.00299145        0.000473317        
-0.00136768        0.00756174        -0.00299679        0.000458712        
-0.00139767        0.00756625        -0.00300196        0.000443846        
-0.00142772        0.00757061        -0.00300691        0.00042876        
-0.00145781        0.00757483        -0.00301161        0.000413499        
-0.00148795        0.00757888        -0.00301603        0.000398107        
-0.00151813        0.00758279        -0.00302018        0.000382622        
-0.00154835        0.00758654        -0.00302405        0.000367075        
-0.00157861        0.00759013        -0.00302766        0.000351492        
-0.0016089        0.00759357        -0.00303101        0.000335895        
-0.00163923        0.00759685        -0.0030341        0.000320304        
-0.00166959        0.00759997        -0.00303694        0.000304735        
-0.00169997        0.00760294        -0.00303955        0.000289204        
-0.00173038        0.00760576        -0.00304191        0.000273725        
-0.00176081        0.00760842        -0.00304405        0.000258312        
-0.00179126        0.00761092        -0.00304596        0.00024298        
-0.00182173        0.00761328        -0.00304763        0.000227748        
-0.00185221        0.00761548        -0.00304907        0.000212643        
-0.00188271        0.00761753        -0.00305028        0.000197709        
-0.00191322        0.00761943        -0.00305127        0.000183004        
-0.00194373        0.00762119        -0.0030521        0.000168602        
-0.00197426        0.0076228        -0.00305287        0.000154555        
-0.00200479        0.00762428        -0.00305374        0.000140841        
-0.00203533        0.00762562        -0.00305481        0.000127349        
-0.00206589        0.00762683        -0.0030561        0.000113934        
-0.00209646        0.0076279        -0.00305756        0.000100494        
-0.00212704        0.00762884        -0.00305911        8.69913e-05        
-0.00215764        0.00762964        -0.0030607        7.34276e-05        
-0.00218825        0.00763031        -0.0030623        5.98185e-05        
-0.00221888        0.00763084        -0.00306389        4.61789e-05        
-0.00224953        0.00763123        -0.00306549        3.25183e-05        
-0.00228019        0.00763149        -0.00306708        1.88398e-05        
-0.00231087        0.00763161        -0.00306867        5.14103e-06        
-0.00234157        0.00763159        -0.00307028        -8.5845e-06        
-0.00237228        0.00763143        -0.00307189        -2.23466e-05        
-0.002403        0.00763114        -0.00307352        -3.61572e-05        
-0.00243375        0.00763071        -0.00307515        -5.00292e-05        
-0.00246451        0.00763014        -0.00307677        -6.39759e-05        
-0.00249528        0.00762943        -0.00307838        -7.80095e-05        
-0.00252608        0.00762858        -0.00307994        -9.21392e-05        
-0.00255688        0.00762759        -0.00308145        -0.000106369        
-0.0025877        0.00762645        -0.00308287        -0.000120692        
-0.00261854        0.00762517        -0.00308416        -0.000135086        
-0.00264939        0.00762375        -0.00308531        -0.000149504        
-0.00268025        0.00762218        -0.00308632        -0.000163879        
-0.00271111        0.00762047        -0.00308726        -0.000178148        
-0.00274199        0.00761862        -0.00308825        -0.000192305        
-0.00277288        0.00761663        -0.00308938        -0.000206436        
-0.00280378        0.00761449        -0.00309067        -0.000220677        
-0.00283469        0.00761221        -0.00309206        -0.000235134        
-0.00286562        0.00760979        -0.00309346        -0.00024985        
-0.00289656        0.00760722        -0.00309477        -0.000264819        
-0.00292752        0.00760449        -0.00309595        -0.000280016        
-0.00295848        0.00760162        -0.00309696        -0.000295408        
-0.00298945        0.00759859        -0.00309777        -0.000310966        
-0.00302044        0.0075954        -0.00309837        -0.000326665        
-0.00305142        0.00759205        -0.00309874        -0.000342481        
-0.00308241        0.00758855        -0.00309889        -0.000358392        
-0.0031134        0.00758488        -0.00309879        -0.000374381        
-0.00314439        0.00758106        -0.00309844        -0.000390428        
-0.00317537        0.00757708        -0.00309784        -0.000406517        
-0.00320634        0.00757293        -0.00309698        -0.000422631        
-0.00323731        0.00756862        -0.00309586        -0.000438753        
-0.00326826        0.00756416        -0.00309445        -0.000454863        
-0.0032992        0.00755953        -0.00309275        -0.00047094        
-0.00333012        0.00755474        -0.00309074        -0.000486954        
-0.00336101        0.00754979        -0.0030884        -0.000502863        
-0.00339188        0.00754468        -0.00308573        -0.000518601        
-0.00342273        0.00753942        -0.00308274        -0.00053408        
-0.00345354        0.007534        -0.00307951        -0.000549208        
-0.00348432        0.00752843        -0.00307617        -0.000563939        
-0.00351506        0.00752272        -0.00307287        -0.000578321        
-0.00354577        0.00751686        -0.00306967        -0.000592472        
-0.00357646        0.00751087        -0.00306658        -0.000606502        
-0.00360711        0.00750473        -0.00306352        -0.000620468        
-0.00363773        0.00749846        -0.00306046        -0.000634378        
-0.00366831        0.00749205        -0.00305735        -0.000648214        
-0.00369887        0.0074855        -0.0030542        -0.000661957        
-0.0037294        0.00747881        -0.00305099        -0.000675587        
-0.00375989        0.00747198        -0.00304775        -0.000689091        
-0.00379035        0.00746503        -0.00304449        -0.000702462        
-0.00382078        0.00745793        -0.00304122        -0.000715697        
-0.00385118        0.00745071        -0.00303796        -0.000728797        
-0.00388154        0.00744336        -0.00303473        -0.00074177        
-0.00391187        0.00743588        -0.00303154        -0.000754623        
-0.00394217        0.00742827        -0.00302841        -0.000767369        
-0.00397244        0.00742053        -0.00302533        -0.000780022        
-0.00400268        0.00741267        -0.00302231        -0.000792596        
-0.00403289        0.00740468        -0.00301935        -0.000805107        
-0.00406307        0.00739656        -0.00301644        -0.000817563        
-0.00409322        0.00738833        -0.00301356        -0.000829963        
-0.00412334        0.00737996        -0.00301069        -0.000842282        
-0.00415343        0.00737148        -0.00300782        -0.000854471        
-0.00418349        0.00736288        -0.00300501        -0.000866464        
-0.00421353        0.00735415        -0.00300236        -0.000878225        
-0.00424354        0.00734531        -0.00300001        -0.000889805        
-0.00427353        0.00733636        -0.00299804        -0.000901337        
-0.0043035        0.00732728        -0.00299645        -0.000912965        
-0.00433346        0.0073181        -0.00299515        -0.000924789        
-0.0043634        0.00730879        -0.00299409        -0.000936853        
-0.00439334        0.00729936        -0.00299319        -0.000949171        
-0.00442327        0.0072898        -0.00299241        -0.000961748        
-0.00445319        0.00728012        -0.00299172        -0.000974583        
-0.0044831        0.00727031        -0.00299108        -0.000987678        
-0.00451301        0.00726037        -0.00299048        -0.00100104        
-0.00454291        0.00725029        -0.0029899        -0.00101467        
-0.00457281        0.00724008        -0.0029893        -0.00102857        
-0.0046027        0.00722972        -0.00298866        -0.00104275        
-0.00463258        0.00721922        -0.00298796        -0.00105721        
-0.00466246        0.00720858        -0.00298717        -0.00107196        
-0.00469233        0.00719778        -0.00298625        -0.001087        
-0.00472218        0.00718684        -0.00298518        -0.00110232        
-0.00475203        0.00717574        -0.0029839        -0.00111793        
-0.00478186        0.00716448        -0.00298239        -0.0011338        
-0.00481168        0.00715306        -0.00298058        -0.00114991        
-0.00484147        0.00714148        -0.00297843        -0.00116621        
-0.00487125        0.00712974        -0.00297589        -0.00118263        
-0.00490099        0.00711783        -0.00297298        -0.00119906        
-0.0049307        0.00710575        -0.00296977        -0.0012154        
-0.00496039        0.00709352        -0.0029664        -0.00123163        
-0.00499003        0.00708112        -0.00296295        -0.00124785        
-0.00501964        0.00706856        -0.00295943        -0.00126414        
-0.00504922        0.00705584        -0.00295579        -0.00128058        
-0.00507876        0.00704295        -0.00295196        -0.0012972        
-0.00510826        0.0070299        -0.00294788        -0.00131396        
-0.00513772        0.00701667        -0.0029435        -0.00133084        
-0.00516713        0.00700328        -0.00293881        -0.00134781        
-0.00519649        0.00698972        -0.00293378        -0.00136482        
-0.00522581        0.00697598        -0.00292842        -0.00138184        
-0.00525506        0.00696208        -0.00292273        -0.00139885        
-0.00528426        0.00694801        -0.0029167        -0.00141581        
-0.0053134        0.00693376        -0.00291035        -0.00143271        
-0.00534247        0.00691935        -0.00290368        -0.00144951        
-0.00537147        0.00690477        -0.0028967        -0.00146622        
-0.0054004        0.00689003        -0.00288941        -0.00148279        
-0.00542926        0.00687512        -0.00288181        -0.00149924        
-0.00545804        0.00686004        -0.00287392        -0.00151552        
-0.00548674        0.00684481        -0.00286572        -0.00153164        
-0.00551535        0.00682941        -0.00285721        -0.00154756        
-0.00554388        0.00681385        -0.00284836        -0.00156325        
-0.00557232        0.00679814        -0.00283917        -0.00157862        
-0.00560066        0.00678228        -0.00282968        -0.0015936        
-0.00562891        0.00676627        -0.00281998        -0.00160807        
-0.00565706        0.00675012        -0.00281022        -0.00162202        
-0.00568512        0.00673383        -0.00280057        -0.0016355        
-0.00571308        0.00671741        -0.00279108        -0.00164865        
-0.00574094        0.00670086        -0.00278176        -0.00166156        
-0.00576871        0.00668418        -0.00277256        -0.0016743        
-0.00579639        0.00666737        -0.00276345        -0.00168689        
-0.00582398        0.00665044        -0.00275442        -0.00169933        
-0.00585148        0.00663339        -0.00274545        -0.00171163        
-0.00587889        0.00661621        -0.00273656        -0.00172378        
-0.00590621        0.00659891        -0.00272774        -0.0017358        
-0.00593344        0.00658149        -0.00271901        -0.00174768        
-0.00596059        0.00656396        -0.00271038        -0.00175946        
-0.00598765        0.0065463        -0.00270186        -0.00177114        
-0.00601463        0.00652853        -0.00269344        -0.00178275        
-0.00604152        0.00651065        -0.00268513        -0.0017943        
-0.00606833        0.00649265        -0.00267693        -0.00180583        
-0.00609506        0.00647453        -0.00266882        -0.00181735        
-0.00612171        0.0064563        -0.00266078        -0.00182889        
-0.00614827        0.00643795        -0.0026528        -0.00184047        
-0.00617476        0.00641949        -0.00264483        -0.0018521        
-0.00620117        0.00640091        -0.00263684        -0.00186376        
-0.0062275        0.00638222        -0.00262877        -0.00187543        
-0.00625375        0.0063634        -0.00262061        -0.00188702        
-0.00627991        0.00634448        -0.0026124        -0.00189846        
-0.00630599        0.00632543        -0.00260426        -0.00190971        
-0.006332        0.00630628        -0.00259632        -0.00192081        
-0.00635792        0.00628702        -0.00258863        -0.00193188        
-0.00638377        0.00626764        -0.00258116        -0.00194306        
-0.00640954        0.00624816        -0.00257385        -0.0019544        
-0.00643525        0.00622856        -0.00256663        -0.00196593        
-0.00646088        0.00620884        -0.00255945        -0.00197767        
-0.00648644        0.006189        -0.00255224        -0.00198959        
-0.00651192        0.00616905        -0.00254499        -0.0020017        
-0.00653733        0.00614897        -0.00253767        -0.00201397        
-0.00656267        0.00612877        -0.00253024        -0.0020264        
-0.00658794        0.00610844        -0.0025227        -0.00203897        
-0.00661313        0.00608799        -0.00251503        -0.00205168        
-0.00663824        0.00606741        -0.00250721        -0.0020645        
-0.00666327        0.0060467        -0.00249923        -0.00207744        
-0.00668822        0.00602586        -0.00249106        -0.00209048        
-0.00671309        0.00600489        -0.0024827        -0.00210361        
-0.00673788        0.00598379        -0.00247412        -0.00211683        
-0.00676258        0.00596255        -0.00246531        -0.00213012        
-0.00678719        0.00594118        -0.00245622        -0.00214346        
-0.0068117        0.00591968        -0.00244681        -0.00215683        
-0.00683612        0.00589805        -0.00243705        -0.00217016        
-0.00686044        0.00587628        -0.00242691        -0.00218336        
-0.00688466        0.00585438        -0.00241642        -0.0021963        
-0.00690877        0.00583235        -0.00240571        -0.0022089        
-0.00693277        0.0058102        -0.00239493        -0.00222116        
-0.00695667        0.00578793        -0.00238417        -0.00223316        
-0.00698046        0.00576554        -0.00237346        -0.00224499        
-0.00700414        0.00574303        -0.00236277        -0.00225674        
-0.00702771        0.0057204        -0.00235205        -0.00226841        
-0.00705118        0.00569766        -0.00234129        -0.00228        
-0.00707454        0.0056748        -0.00233046        -0.00229152        
-0.00709779        0.00565183        -0.00231956        -0.00230294        
-0.00712093        0.00562875        -0.00230859        -0.00231426        
-0.00714396        0.00560555        -0.00229755        -0.00232545        
-0.00716688        0.00558224        -0.00228646        -0.00233653        
-0.00718969        0.00555882        -0.00227533        -0.00234747        
-0.00721239        0.00553529        -0.00226417        -0.0023583        
-0.00723497        0.00551165        -0.00225299        -0.002369        
-0.00725745        0.00548791        -0.0022418        -0.00237959        
-0.00727981        0.00546406        -0.00223061        -0.00239009        
-0.00730206        0.00544011        -0.00221942        -0.00240049        
-0.0073242        0.00541605        -0.00220823        -0.00241083        
-0.00734622        0.00539189        -0.00219702        -0.00242111        
-0.00736814        0.00536763        -0.00218576        -0.00243133        
-0.00738994        0.00534326        -0.00217441        -0.00244148        
-0.00741163        0.0053188        -0.00216295        -0.00245149        
-0.0074332        0.00529423        -0.00215139        -0.00246128        
-0.00745465        0.00526957        -0.00213983        -0.00247076        
-0.00747599        0.00524482        -0.00212843        -0.00247994        
-0.00749722        0.00521997        -0.00211728        -0.00248891        
-0.00751834        0.00519504        -0.00210644        -0.00249781        
-0.00753935        0.00517002        -0.00209586        -0.00250672        
-0.00756026        0.0051449        -0.0020855        -0.00251573        
-0.00758106        0.0051197        -0.00207532        -0.00252486        
-0.00760176        0.00509441        -0.00206526        -0.00253413        
-0.00762237        0.00506902        -0.00205529        -0.00254356        
-0.00764287        0.00504354        -0.00204539        -0.00255314        
-0.00766327        0.00501796        -0.00203552        -0.0025629        
-0.00768358        0.00499228        -0.00202566        -0.00257283        
-0.00770379        0.0049665        -0.0020158        -0.00258294        
-0.0077239        0.00494062        -0.00200589        -0.00259324        
-0.00774391        0.00491463        -0.00199593        -0.00260372        
-0.00776381        0.00488854        -0.00198589        -0.00261439        
-0.00778362        0.00486235        -0.00197574        -0.00262526        
-0.00780333        0.00483604        -0.00196545        -0.00263633        
-0.00782293        0.00480962        -0.00195498        -0.0026476        
-0.00784243        0.00478309        -0.0019443        -0.00265907        
-0.00786182        0.00475644        -0.00193334        -0.00267073        
-0.0078811        0.00472967        -0.00192204        -0.00268254        
-0.00790026        0.00470279        -0.00191033        -0.00269443        
-0.0079193        0.00467578        -0.00189819        -0.00270627        
-0.00793822        0.00464866        -0.00188568        -0.00271796        
-0.00795702        0.00462143        -0.00187292        -0.00272941        
-0.00797568        0.00459407        -0.00186002        -0.00274066        
-0.00799422        0.00456661        -0.00184704        -0.00275181        
-0.00801262        0.00453904        -0.00183397        -0.00276291        
-0.0080309        0.00451135        -0.00182076        -0.002774        
-0.00804904        0.00448356        -0.00180736        -0.00278509        
-0.00806704        0.00445565        -0.00179374        -0.00279616        
-0.00808491        0.00442764        -0.00177989        -0.00280718        
-0.00810264        0.00439951        -0.00176579        -0.00281813        
-0.00812023        0.00437127        -0.00175143        -0.00282899        
-0.00813767        0.00434293        -0.00173682        -0.00283972        
-0.00815496        0.00431448        -0.00172197        -0.00285031        
-0.00817211        0.00428592        -0.00170687        -0.00286073        
-0.0081891        0.00425726        -0.00169155        -0.00287098        
-0.00820594        0.0042285        -0.001676        -0.00288103        
-0.00822262        0.00419964        -0.00166025        -0.00289088        
-0.00823914        0.00417069        -0.0016443        -0.00290052        
-0.00825551        0.00414163        -0.00162815        -0.00290995        
-0.00827171        0.00411249        -0.00161181        -0.00291916        
-0.00828774        0.00408325        -0.00159524        -0.00292815        
-0.00830361        0.00405392        -0.00157844        -0.0029369        
-0.00831931        0.00402451        -0.00156136        -0.00294534        
-0.00833484        0.00399502        -0.00154399        -0.00295338        
-0.00835019        0.00396544        -0.00152642        -0.0029609        
-0.00836537        0.0039358        -0.00150877        -0.00296782        
-0.00838037        0.00390609        -0.00149123        -0.00297417        
-0.00839519        0.00387632        -0.00147388        -0.00298004        
-0.00840985        0.00384649        -0.00145677        -0.00298555        
-0.00842433        0.0038166        -0.00143988        -0.00299077        
-0.00843864        0.00378667        -0.0014232        -0.00299572        
-0.00845279        0.00375669        -0.00140672        -0.00300045        
-0.00846678        0.00372666        -0.00139043        -0.00300496        
-0.0084806        0.00369659        -0.00137434        -0.00300927        
-0.00849426        0.00366648        -0.00135845        -0.0030134        
-0.00850777        0.00363632        -0.00134277        -0.00301735        
-0.00852112        0.00360613        -0.0013273        -0.00302116        
-0.00853432        0.0035759        -0.00131206        -0.00302485        
-0.00854736        0.00354563        -0.00129704        -0.00302843        
-0.00856026        0.00351533        -0.00128226        -0.00303194        
-0.00857301        0.00348499        -0.00126771        -0.00303541        
-0.00858561        0.00345462        -0.00125338        -0.00303887        
-0.00859807        0.00342422        -0.00123927        -0.00304235        
-0.0086104        0.00339378        -0.00122534        -0.0030459        
-0.00862258        0.0033633        -0.00121156        -0.00304954        
-0.00863463        0.00333278        -0.00119787        -0.00305329        
-0.00864654        0.00330223        -0.0011842        -0.00305714        
-0.00865831        0.00327164        -0.00117048        -0.00306103        
-0.00866995        0.00324101        -0.00115674        -0.00306484        
-0.00868145        0.00321035        -0.00114304        -0.0030685        
-0.00869281        0.00317964        -0.00112952        -0.00307203        
-0.00870404        0.0031489        -0.00111626        -0.00307551        
-0.00871513        0.00311813        -0.00110326        -0.00307905        
-0.0087261        0.00308732        -0.00109047        -0.00308273        
-0.00873694        0.00305648        -0.00107784        -0.0030866        
-0.00874766        0.00302559        -0.00106531        -0.00309066        
-0.00875825        0.00299466        -0.00105284        -0.00309493        
-0.00876872        0.00296369        -0.0010404        -0.00309941        
-0.00877906        0.00293268        -0.00102793        -0.00310408        
-0.00878927        0.00290161        -0.00101543        -0.00310895        
-0.00879937        0.0028705        -0.00100286        -0.003114        
-0.00880933        0.00283933        -0.00099021        -0.00311922        
-0.00881917        0.00280811        -0.000977448        -0.0031246        
-0.00882888        0.00277684        -0.000964561        -0.00313015        
-0.00883846        0.00274551        -0.000951529        -0.00313584        
-0.00884791        0.00271412        -0.000938333        -0.00314168        
-0.00885723        0.00268268        -0.000924951        -0.00314766        
-0.00886641        0.00265117        -0.000911354        -0.00315378        
-0.00887545        0.0026196        -0.000897502        -0.00316003        
-0.00888436        0.00258797        -0.000883341        -0.00316641        
-0.00889312        0.00255627        -0.0008688        -0.00317285        
-0.00890174        0.00252451        -0.000853818        -0.00317928        
-0.0089102        0.00249269        -0.000838388        -0.00318555        
-0.0089185        0.0024608        -0.000822594        -0.00319153        
-0.00892665        0.00242886        -0.000806577        -0.00319716        
-0.00893464        0.00239686        -0.000790457        -0.00320249        
-0.00894246        0.00236481        -0.000774285        -0.00320759        
-0.00895012        0.00233271        -0.000758062        -0.00321251        
-0.00895762        0.00230056        -0.000741769        -0.00321729        
-0.00896496        0.00226836        -0.000725386        -0.00322193        
-0.00897213        0.00223612        -0.0007089        -0.00322643        
-0.00897913        0.00220383        -0.000692306        -0.00323078        
-0.00898597        0.0021715        -0.000675605        -0.00323497        
-0.00899265        0.00213913        -0.000658803        -0.00323898        
-0.00899915        0.00210672        -0.000641909        -0.00324281        
-0.00900548        0.00207428        -0.000624936        -0.00324645        
-0.00901165        0.00204179        -0.000607896        -0.00324989        
-0.00901764        0.00200928        -0.000590806        -0.00325313        
-0.00902346        0.00197673        -0.000573678        -0.00325618        
-0.00902912        0.00194415        -0.000556527        -0.00325905        
-0.0090346        0.00191155        -0.000539361        -0.00326175        
-0.0090399        0.00187892        -0.000522181        -0.0032643        
-0.00904504        0.00184626        -0.000504978        -0.00326671        
-0.00905        0.00181358        -0.000487721        -0.00326901        
-0.00905479        0.00178088        -0.000470361        -0.00327119        
-0.00905941        0.00174816        -0.000452843        -0.00327319        
-0.00906385        0.00171542        -0.000435152        -0.00327492        
-0.00906811        0.00168266        -0.000417359        -0.00327625        
-0.0090722        0.00164989        -0.000399604        -0.00327713        
-0.0090761        0.00161712        -0.000382023        -0.00327762        
-0.00907984        0.00158434        -0.000364691        -0.00327781        
-0.0090834        0.00155156        -0.000347621        -0.00327779        
-0.00908679        0.00151879        -0.000330796        -0.00327763        
-0.00909001        0.00148601        -0.000314193        -0.00327738        
-0.00909307        0.00145324        -0.000297788        -0.00327706        
-0.00909597        0.00142047        -0.000281563        -0.0032767        
-0.00909871        0.00138771        -0.000265502        -0.0032763        
-0.00910128        0.00135494        -0.000249592        -0.0032759        
-0.0091037        0.00132219        -0.000233819        -0.00327549        
-0.00910596        0.00128943        -0.000218174        -0.0032751        
-0.00910806        0.00125669        -0.000202643        -0.00327473        
-0.00911001        0.00122394        -0.000187215        -0.00327441        
-0.00911181        0.0011912        -0.000171877        -0.00327414        
-0.00911345        0.00115846        -0.000156613        -0.00327395        
-0.00911494        0.00112572        -0.000141402        -0.00327385        
-0.00911628        0.00109298        -0.000126219        -0.00327387        
-0.00911746        0.00106024        -0.000111023        -0.00327403        
-0.0091185        0.0010275        -9.57581e-05        -0.00327435        
-0.00911938        0.000994754        -8.03431e-05        -0.00327482        
-0.0091201        0.000962003        -6.46859e-05        -0.00327539        
-0.00912067        0.000929246        -4.87223e-05        -0.00327595        
-0.00912108        0.000896484        -3.24699e-05        -0.00327636        
-0.00912132        0.000863719        -1.60327e-05        -0.00327652        
-0.0091214        0.000830953        4.65623e-07        -0.00327643        
-0.00912131        0.00079819        1.69498e-05        -0.00327613        
-0.00912106        0.000765431        3.34029e-05        -0.00327571        
-0.00912064        0.000732676        4.98416e-05        -0.0032752        
-0.00912006        0.000699927        6.62923e-05        -0.00327462        
-0.00911932        0.000667184        8.27793e-05        -0.00327398        
-0.00911841        0.000634447        9.93214e-05        -0.00327327        
-0.00911733        0.000601718        0.000115931        -0.00327248        
-0.00911609        0.000568998        0.000132616        -0.0032716        
-0.00911468        0.000536286        0.000149379        -0.0032706        
-0.0091131        0.000503585        0.000166219        -0.00326949        
-0.00911135        0.000470896        0.000183133        -0.00326825        
-0.00910944        0.00043822        0.000200116        -0.00326687        
-0.00910735        0.000405559        0.000217158        -0.00326535        
-0.00910509        0.000372913        0.000234252        -0.00326367        
-0.00910267        0.000340286        0.000251392        -0.00326184        
-0.00910007        0.000307677        0.000268573        -0.00325988        
-0.00909729        0.000275088        0.000285801        -0.00325779        
-0.00909435        0.000242521        0.000303099        -0.00325559        
-0.00909123        0.000209976        0.00032051        -0.00325328        
-0.00908794        0.000177455        0.0003381        -0.00325082        
-0.00908447        0.00014496        0.000355918        -0.00324813        
-0.00908082        0.000112493        0.000373943        -0.00324506        
-0.00907699        8.00585e-05        0.000392064        -0.0032415        
-0.00907298        4.76625e-05        0.000410127        -0.00323744        
-0.00906879        1.53096e-05        0.000428016        -0.00323294        
-0.00906442        -1.69962e-05        0.000445675        -0.00322806        
-0.00905988        -4.92516e-05        0.000463087        -0.00322288        
-0.00905516        -8.14539e-05        0.000480252        -0.00321746        
-0.00905027        -0.000113601        0.000497173        -0.00321181        
-0.00904522        -0.00014569        0.000513853        -0.00320596        
-0.00903999        -0.00017772        0.000530288        -0.00319992        
-0.00903461        -0.000209688        0.000546474        -0.00319373        
-0.00902906        -0.000241594        0.000562405        -0.00318739        
-0.00902336        -0.000273436        0.000578073        -0.00318092        
-0.0090175        -0.000305213        0.000593472        -0.00317435        
-0.00901149        -0.000336923        0.000608595        -0.00316769        
-0.00900533        -0.000368567        0.000623437        -0.00316098        
-0.00899902        -0.000400143        0.000637995        -0.00315424        
-0.00899257        -0.000431652        0.000652269        -0.00314752        
-0.00898598        -0.000463093        0.000666266        -0.00314084        
-0.00897925        -0.000494468        0.000680004        -0.00313426        
-0.00897238        -0.000525778        0.000693518        -0.00312781        
-0.00896538        -0.000557025        0.000706872        -0.00312156        
-0.00895824        -0.000588209        0.000720157        -0.00311549        
-0.00895097        -0.000619334        0.000733464        -0.00310955        
-0.00894357        -0.0006504        0.00074683        -0.00310364        
-0.00893604        -0.000681407        0.000760201        -0.00309764        
-0.00892837        -0.000712353        0.000773465        -0.00309153        
-0.00892057        -0.000743238        0.000786528        -0.00308534        
-0.00891264        -0.00077406        0.000799358        -0.00307916        
-0.00890458        -0.000804821        0.000811965        -0.00307306        
-0.0088964        -0.000835521        0.000824382        -0.00306709        
-0.00888809        -0.000866163        0.000836649        -0.00306129        
-0.00887966        -0.000896747        0.000848803        -0.00305567        
-0.00887112        -0.000927276        0.000860881        -0.00305024        
-0.00886245        -0.000957752        0.000872915        -0.003045        
-0.00885366        -0.000988176        0.000884934        -0.00303996        
-0.00884475        -0.00101855        0.000896965        -0.0030351        
-0.00883572        -0.00104888        0.000909033        -0.00303042        
-0.00882657        -0.00107916        0.000921161        -0.00302592        
-0.00881729        -0.0011094        0.000933371        -0.0030216        
-0.0088079        -0.00113959        0.000945683        -0.00301743        
-0.00879838        -0.00116975        0.000958115        -0.00301342        
-0.00878874        -0.00119986        0.000970686        -0.00300957        
-0.00877897        -0.00122994        0.000983419        -0.00300587        
-0.00876907        -0.00125998        0.000996351        -0.00300233        
-0.00875904        -0.00128998        0.00100954        -0.00299897        
-0.00874888        -0.00131996        0.00102306        -0.00299575        
-0.00873858        -0.0013499        0.00103702        -0.00299259        
-0.00872814        -0.00137981        0.00105146        -0.00298937        
-0.00871755        -0.00140969        0.00106634        -0.0029859        
-0.00870681        -0.00143953        0.00108154        -0.0029821        
-0.00869592        -0.00146933        0.00109694        -0.00297796        
-0.00868487        -0.00149909        0.00111246        -0.00297352        
-0.00867367        -0.0015288        0.00112806        -0.00296881        
-0.00866231        -0.00155846        0.00114375        -0.00296387        
-0.00865079        -0.00158808        0.00115953        -0.00295871        
-0.00863912        -0.00161764        0.0011754        -0.00295331        
-0.00862729        -0.00164714        0.00119135        -0.00294768        
-0.00861529        -0.00167659        0.00120739        -0.0029418        
-0.00860314        -0.00170598        0.00122348        -0.00293567        
-0.00859082        -0.0017353        0.00123963        -0.00292926        
-0.00857835        -0.00176456        0.00125581        -0.00292258        
-0.00856571        -0.00179375        0.001272        -0.00291562        
-0.00855291        -0.00182288        0.00128818        -0.00290838        
-0.00853994        -0.00185192        0.00130433        -0.00290085        
-0.00852682        -0.00188089        0.00132041        -0.00289305        
-0.00851354        -0.00190978        0.00133642        -0.00288499        
-0.00850009        -0.00193859        0.00135232        -0.0028767        
-0.00848649        -0.00196732        0.00136811        -0.00286821        
-0.00847273        -0.00199596        0.00138382        -0.00285956        
-0.00845881        -0.00202451        0.0013995        -0.00285078        
-0.00844474        -0.00205297        0.00141522        -0.00284184        
-0.00843051        -0.00208135        0.00143102        -0.00283263        
-0.00841612        -0.00210962        0.00144688        -0.00282305        
-0.00840157        -0.00213781        0.00146268        -0.00281299        
-0.00838686        -0.00216588        0.00147827        -0.00280248        
-0.008372        -0.00219386        0.00149357        -0.00279156        
