Velocity-Verlet algorithm (2D)
uranus (x, y, vx, vy)
Timestep: 15 years

17.8419        8.84325        -0.648525        1.22018        
17.8354        8.85545        -0.649887        1.21948        
17.8289        8.86764        -0.650808        1.21899        
17.8224        8.87983        -0.65171        1.21853        
17.8159        8.89201        -0.652606        1.21807        
17.8094        8.90419        -0.6535        1.21762        
17.8028        8.91636        -0.654393        1.21717        
17.7963        8.92853        -0.655285        1.21672        
17.7897        8.9407        -0.656176        1.21627        
17.7831        8.95286        -0.657067        1.21582        
17.7766        8.96501        -0.657958        1.21537        
17.77        8.97716        -0.658848        1.21492        
17.7634        8.98931        -0.659738        1.21447        
17.7568        9.00145        -0.660628        1.21402        
17.7502        9.01359        -0.661517        1.21357        
17.7436        9.02572        -0.662406        1.21312        
17.7369        9.03785        -0.663294        1.21266        
17.7303        9.04998        -0.664183        1.21221        
17.7237        9.0621        -0.665071        1.21175        
17.717        9.07421        -0.665958        1.2113        
17.7103        9.08632        -0.666846        1.21084        
17.7037        9.09843        -0.667733        1.21039        
17.697        9.11053        -0.66862        1.20993        
17.6903        9.12263        -0.669506        1.20948        
17.6836        9.13472        -0.670392        1.20902        
17.6769        9.14681        -0.671278        1.20856        
17.6702        9.15889        -0.672164        1.2081        
17.6634        9.17097        -0.673049        1.20764        
17.6567        9.18304        -0.673934        1.20718        
17.65        9.19511        -0.674819        1.20672        
17.6432        9.20718        -0.675704        1.20626        
17.6364        9.21924        -0.676588        1.2058        
17.6297        9.2313        -0.677472        1.20533        
17.6229        9.24335        -0.678355        1.20487        
17.6161        9.25539        -0.679239        1.20441        
17.6093        9.26743        -0.680122        1.20394        
17.6025        9.27947        -0.681005        1.20348        
17.5957        9.2915        -0.681887        1.20301        
17.5889        9.30353        -0.682769        1.20254        
17.582        9.31555        -0.683651        1.20208        
17.5752        9.32757        -0.684533        1.20161        
17.5683        9.33959        -0.685414        1.20114        
17.5615        9.3516        -0.686295        1.20067        
17.5546        9.3636        -0.687176        1.2002        
17.5477        9.3756        -0.688056        1.19973        
17.5409        9.3876        -0.688937        1.19926        
17.534        9.39959        -0.689816        1.19879        
17.5271        9.41157        -0.690696        1.19832        
17.5201        9.42355        -0.691575        1.19784        
17.5132        9.43553        -0.692454        1.19737        
17.5063        9.4475        -0.693333        1.1969        
17.4994        9.45947        -0.694211        1.19642        
17.4924        9.47143        -0.695089        1.19595        
17.4855        9.48338        -0.695967        1.19547        
17.4785        9.49534        -0.696845        1.19499        
17.4715        9.50728        -0.697722        1.19452        
17.4645        9.51923        -0.698599        1.19404        
17.4576        9.53117        -0.699476        1.19356        
17.4506        9.5431        -0.700352        1.19308        
17.4435        9.55503        -0.701228        1.1926        
17.4365        9.56695        -0.702104        1.19212        
17.4295        9.57887        -0.702979        1.19164        
17.4225        9.59078        -0.703854        1.19116        
17.4154        9.60269        -0.704729        1.19068        
17.4084        9.6146        -0.705604        1.19019        
17.4013        9.6265        -0.706478        1.18971        
17.3942        9.63839        -0.707352        1.18923        
17.3872        9.65028        -0.708225        1.18874        
17.3801        9.66217        -0.709099        1.18826        
17.373        9.67405        -0.709972        1.18777        
17.3659        9.68592        -0.710845        1.18728        
17.3588        9.69779        -0.711717        1.1868        
17.3516        9.70966        -0.712589        1.18631        
17.3445        9.72152        -0.713461        1.18582        
17.3374        9.73337        -0.714333        1.18533        
17.3302        9.74522        -0.715204        1.18484        
17.3231        9.75707        -0.716075        1.18435        
17.3159        9.76891        -0.716945        1.18386        
17.3087        9.78075        -0.717816        1.18337        
17.3016        9.79258        -0.718686        1.18288        
17.2944        9.80441        -0.719555        1.18238        
17.2872        9.81623        -0.720425        1.18189        
17.28        9.82804        -0.721294        1.1814        
17.2727        9.83985        -0.722163        1.1809        
17.2655        9.85166        -0.723031        1.18041        
17.2583        9.86346        -0.723899        1.17991        
17.251        9.87526        -0.724767        1.17941        
17.2438        9.88705        -0.725635        1.17892        
17.2365        9.89884        -0.726502        1.17842        
17.2292        9.91062        -0.727369        1.17792        
17.222        9.9224        -0.728236        1.17742        
17.2147        9.93417        -0.729102        1.17692        
17.2074        9.94593        -0.729968        1.17642        
17.2001        9.9577        -0.730834        1.17592        
17.1928        9.96945        -0.731699        1.17542        
17.1854        9.9812        -0.732564        1.17492        
17.1781        9.99295        -0.733429        1.17441        
17.1708        10.0047        -0.734293        1.17391        
17.1634        10.0164        -0.735158        1.17341        
17.1561        10.0282        -0.736021        1.1729        
17.1487        10.0399        -0.736885        1.1724        
17.1413        10.0516        -0.737748        1.17189        
17.134        10.0633        -0.738611        1.17138        
17.1266        10.075        -0.739474        1.17088        
17.1192        10.0867        -0.740336        1.17037        
17.1118        10.0984        -0.741198        1.16986        
17.1043        10.1101        -0.742059        1.16935        
17.0969        10.1218        -0.742921        1.16884        
17.0895        10.1335        -0.743782        1.16833        
17.082        10.1452        -0.744642        1.16782        
17.0746        10.1569        -0.745503        1.16731        
17.0671        10.1685        -0.746363        1.1668        
17.0597        10.1802        -0.747223        1.16628        
17.0522        10.1919        -0.748082        1.16577        
17.0447        10.2035        -0.748941        1.16526        
17.0372        10.2152        -0.7498        1.16474        
17.0297        10.2268        -0.750658        1.16423        
17.0222        10.2385        -0.751516        1.16371        
17.0147        10.2501        -0.752374        1.16319        
17.0072        10.2617        -0.753232        1.16268        
16.9996        10.2733        -0.754089        1.16216        
16.9921        10.285        -0.754946        1.16164        
16.9845        10.2966        -0.755802        1.16112        
16.977        10.3082        -0.756658        1.1606        
16.9694        10.3198        -0.757514        1.16008        
16.9618        10.3314        -0.75837        1.15956        
16.9542        10.343        -0.759225        1.15904        
16.9466        10.3546        -0.76008        1.15852        
16.939        10.3662        -0.760934        1.15799        
16.9314        10.3777        -0.761788        1.15747        
16.9238        10.3893        -0.762642        1.15695        
16.9161        10.4009        -0.763496        1.15642        
16.9085        10.4124        -0.764349        1.1559        
16.9009        10.424        -0.765202        1.15537        
16.8932        10.4355        -0.766055        1.15484        
16.8855        10.4471        -0.766907        1.15432        
16.8779        10.4586        -0.767759        1.15379        
16.8702        10.4702        -0.768611        1.15326        
16.8625        10.4817        -0.769462        1.15273        
16.8548        10.4932        -0.770313        1.1522        
16.8471        10.5047        -0.771163        1.15167        
16.8394        10.5162        -0.772014        1.15114        
16.8316        10.5278        -0.772864        1.15061        
16.8239        10.5393        -0.773713        1.15008        
16.8162        10.5508        -0.774562        1.14954        
16.8084        10.5623        -0.775411        1.14901        
16.8007        10.5737        -0.77626        1.14848        
16.7929        10.5852        -0.777108        1.14794        
16.7851        10.5967        -0.777956        1.14741        
16.7773        10.6082        -0.778804        1.14687        
16.7695        10.6196        -0.779651        1.14633        
16.7617        10.6311        -0.780498        1.1458        
16.7539        10.6426        -0.781345        1.14526        
16.7461        10.654        -0.782191        1.14472        
16.7383        10.6654        -0.783037        1.14418        
16.7305        10.6769        -0.783883        1.14364        
16.7226        10.6883        -0.784728        1.1431        
16.7148        10.6997        -0.785573        1.14256        
16.7069        10.7112        -0.786417        1.14202        
16.699        10.7226        -0.787262        1.14148        
16.6912        10.734        -0.788105        1.14094        
16.6833        10.7454        -0.788949        1.14039        
16.6754        10.7568        -0.789792        1.13985        
16.6675        10.7682        -0.790635        1.13931        
16.6596        10.7796        -0.791478        1.13876        
16.6516        10.791        -0.79232        1.13821        
16.6437        10.8024        -0.793162        1.13767        
16.6358        10.8137        -0.794003        1.13712        
16.6278        10.8251        -0.794844        1.13657        
16.6199        10.8365        -0.795685        1.13603        
16.6119        10.8478        -0.796526        1.13548        
16.604        10.8592        -0.797366        1.13493        
16.596        10.8705        -0.798206        1.13438        
16.588        10.8819        -0.799045        1.13383        
16.58        10.8932        -0.799884        1.13328        
16.572        10.9045        -0.800723        1.13272        
16.564        10.9158        -0.801561        1.13217        
16.556        10.9272        -0.802399        1.13162        
16.5479        10.9385        -0.803237        1.13107        
16.5399        10.9498        -0.804075        1.13051        
16.5319        10.9611        -0.804912        1.12996        
16.5238        10.9724        -0.805748        1.1294        
16.5157        10.9837        -0.806585        1.12885        
16.5077        10.995        -0.807421        1.12829        
16.4996        11.0062        -0.808256        1.12773        
16.4915        11.0175        -0.809091        1.12717        
16.4834        11.0288        -0.809926        1.12661        
16.4753        11.0401        -0.810761        1.12606        
16.4672        11.0513        -0.811595        1.1255        
16.4591        11.0626        -0.812429        1.12494        
16.4509        11.0738        -0.813263        1.12437        
16.4428        11.0851        -0.814096        1.12381        
16.4347        11.0963        -0.814929        1.12325        
16.4265        11.1075        -0.815761        1.12269        
16.4183        11.1187        -0.816593        1.12212        
16.4102        11.13        -0.817425        1.12156        
16.402        11.1412        -0.818256        1.121        
16.3938        11.1524        -0.819087        1.12043        
16.3856        11.1636        -0.819918        1.11987        
16.3774        11.1748        -0.820748        1.1193        
16.3692        11.186        -0.821578        1.11873        
16.361        11.1971        -0.822408        1.11816        
16.3528        11.2083        -0.823237        1.1176        
16.3445        11.2195        -0.824066        1.11703        
16.3363        11.2307        -0.824895        1.11646        
16.328        11.2418        -0.825723        1.11589        
16.3198        11.253        -0.826551        1.11532        
16.3115        11.2641        -0.827378        1.11475        
16.3032        11.2753        -0.828205        1.11417        
16.2949        11.2864        -0.829032        1.1136        
16.2866        11.2976        -0.829858        1.11303        
16.2783        11.3087        -0.830684        1.11245        
16.27        11.3198        -0.83151        1.11188        
16.2617        11.3309        -0.832335        1.1113        
16.2534        11.342        -0.83316        1.11073        
16.245        11.3531        -0.833985        1.11015        
16.2367        11.3642        -0.834809        1.10958        
16.2283        11.3753        -0.835633        1.109        
16.22        11.3864        -0.836456        1.10842        
16.2116        11.3975        -0.83728        1.10784        
16.2032        11.4086        -0.838102        1.10726        
16.1948        11.4196        -0.838925        1.10668        
16.1865        11.4307        -0.839747        1.1061        
16.1781        11.4418        -0.840568        1.10552        
16.1696        11.4528        -0.84139        1.10494        
16.1612        11.4639        -0.842211        1.10436        
16.1528        11.4749        -0.843031        1.10378        
16.1444        11.4859        -0.843851        1.10319        
16.1359        11.497        -0.844671        1.10261        
16.1275        11.508        -0.845491        1.10202        
16.119        11.519        -0.84631        1.10144        
16.1105        11.53        -0.847128        1.10085        
16.1021        11.541        -0.847947        1.10027        
16.0936        11.552        -0.848765        1.09968        
16.0851        11.563        -0.849582        1.09909        
16.0766        11.574        -0.850399        1.0985        
16.0681        11.585        -0.851216        1.09791        
16.0596        11.596        -0.852033        1.09732        
16.051        11.6069        -0.852849        1.09673        
16.0425        11.6179        -0.853665        1.09614        
16.034        11.6289        -0.85448        1.09555        
16.0254        11.6398        -0.855295        1.09496        
16.0169        11.6508        -0.85611        1.09437        
16.0083        11.6617        -0.856924        1.09378        
15.9997        11.6726        -0.857738        1.09318        
15.9911        11.6836        -0.858551        1.09259        
15.9826        11.6945        -0.859364        1.09199        
15.974        11.7054        -0.860177        1.0914        
15.9654        11.7163        -0.860989        1.0908        
15.9567        11.7272        -0.861801        1.0902        
15.9481        11.7381        -0.862613        1.08961        
15.9395        11.749        -0.863424        1.08901        
15.9308        11.7599        -0.864235        1.08841        
15.9222        11.7708        -0.865045        1.08781        
15.9135        11.7816        -0.865855        1.08721        
15.9049        11.7925        -0.866665        1.08661        
15.8962        11.8034        -0.867474        1.08601        
15.8875        11.8142        -0.868283        1.08541        
15.8788        11.8251        -0.869092        1.08481        
15.8702        11.8359        -0.8699        1.0842        
15.8614        11.8468        -0.870708        1.0836        
15.8527        11.8576        -0.871515        1.083        
15.844        11.8684        -0.872322        1.08239        
15.8353        11.8793        -0.873129        1.08179        
15.8266        11.8901        -0.873935        1.08118        
15.8178        11.9009        -0.874741        1.08058        
15.8091        11.9117        -0.875547        1.07997        
15.8003        11.9225        -0.876352        1.07936        
15.7915        11.9333        -0.877156        1.07875        
15.7828        11.9441        -0.877961        1.07815        
15.774        11.9548        -0.878765        1.07754        
15.7652        11.9656        -0.879568        1.07693        
15.7564        11.9764        -0.880372        1.07632        
15.7476        11.9871        -0.881174        1.0757        
15.7388        11.9979        -0.881977        1.07509        
15.7299        12.0086        -0.882779        1.07448        
15.7211        12.0194        -0.88358        1.07387        
15.7123        12.0301        -0.884382        1.07325        
15.7034        12.0408        -0.885182        1.07264        
15.6946        12.0516        -0.885983        1.07203        
15.6857        12.0623        -0.886783        1.07141        
15.6768        12.073        -0.887583        1.07079        
15.6679        12.0837        -0.888382        1.07018        
15.6591        12.0944        -0.889181        1.06956        
15.6502        12.1051        -0.889979        1.06894        
15.6413        12.1158        -0.890777        1.06833        
15.6323        12.1265        -0.891575        1.06771        
15.6234        12.1371        -0.892372        1.06709        
15.6145        12.1478        -0.893169        1.06647        
15.6056        12.1585        -0.893966        1.06585        
15.5966        12.1691        -0.894762        1.06523        
15.5877        12.1798        -0.895558        1.0646        
15.5787        12.1904        -0.896353        1.06398        
15.5697        12.201        -0.897148        1.06336        
15.5608        12.2117        -0.897942        1.06274        
15.5518        12.2223        -0.898737        1.06211        
15.5428        12.2329        -0.89953        1.06149        
15.5338        12.2435        -0.900324        1.06086        
15.5248        12.2541        -0.901117        1.06024        
15.5158        12.2647        -0.901909        1.05961        
15.5067        12.2753        -0.902701        1.05898        
15.4977        12.2859        -0.903493        1.05835        
15.4887        12.2965        -0.904284        1.05773        
15.4796        12.3071        -0.905075        1.0571        
15.4706        12.3176        -0.905866        1.05647        
15.4615        12.3282        -0.906656        1.05584        
15.4524        12.3387        -0.907446        1.05521        
15.4434        12.3493        -0.908235        1.05458        
15.4343        12.3598        -0.909024        1.05394        
15.4252        12.3704        -0.909813        1.05331        
15.4161        12.3809        -0.910601        1.05268        
15.407        12.3914        -0.911389        1.05205        
15.3979        12.4019        -0.912176        1.05141        
15.3887        12.4125        -0.912963        1.05078        
15.3796        12.423        -0.913749        1.05014        
15.3705        12.4335        -0.914535        1.04951        
15.3613        12.444        -0.915321        1.04887        
15.3521        12.4544        -0.916106        1.04823        
15.343        12.4649        -0.916891        1.04759        
15.3338        12.4754        -0.917676        1.04696        
15.3246        12.4859        -0.91846        1.04632        
15.3154        12.4963        -0.919244        1.04568        
15.3062        12.5068        -0.920027        1.04504        
15.297        12.5172        -0.92081        1.0444        
15.2878        12.5277        -0.921592        1.04376        
15.2786        12.5381        -0.922374        1.04311        
15.2694        12.5485        -0.923156        1.04247        
15.2601        12.5589        -0.923937        1.04183        
15.2509        12.5694        -0.924718        1.04119        
15.2416        12.5798        -0.925498        1.04054        
15.2324        12.5902        -0.926278        1.0399        
15.2231        12.6006        -0.927058        1.03925        
15.2138        12.611        -0.927837        1.03861        
15.2046        12.6213        -0.928616        1.03796        
15.1953        12.6317        -0.929394        1.03731        
15.186        12.6421        -0.930172        1.03666        
15.1767        12.6524        -0.930949        1.03602        
15.1674        12.6628        -0.931727        1.03537        
15.158        12.6732        -0.932503        1.03472        
15.1487        12.6835        -0.933279        1.03407        
15.1394        12.6938        -0.934055        1.03342        
15.13        12.7042        -0.934831        1.03277        
15.1207        12.7145        -0.935606        1.03212        
15.1113        12.7248        -0.93638        1.03146        
15.1019        12.7351        -0.937154        1.03081        
15.0926        12.7454        -0.937928        1.03016        
15.0832        12.7557        -0.938702        1.0295        
15.0738        12.766        -0.939474        1.02885        
15.0644        12.7763        -0.940247        1.02819        
15.055        12.7866        -0.941019        1.02754        
15.0456        12.7968        -0.941791        1.02688        
15.0362        12.8071        -0.942562        1.02622        
15.0267        12.8174        -0.943333        1.02557        
15.0173        12.8276        -0.944103        1.02491        
15.0078        12.8379        -0.944873        1.02425        
14.9984        12.8481        -0.945643        1.02359        
14.9889        12.8583        -0.946412        1.02293        
14.9795        12.8686        -0.94718        1.02227        
14.97        12.8788        -0.947949        1.02161        
14.9605        12.889        -0.948716        1.02095        
14.951        12.8992        -0.949484        1.02029        
14.9415        12.9094        -0.950251        1.01962        
14.932        12.9196        -0.951017        1.01896        
14.9225        12.9298        -0.951784        1.0183        
14.913        12.94        -0.952549        1.01763        
14.9034        12.9501        -0.953315        1.01697        
14.8939        12.9603        -0.954079        1.0163        
14.8844        12.9705        -0.954844        1.01563        
14.8748        12.9806        -0.955608        1.01497        
14.8653        12.9908        -0.956372        1.0143        
14.8557        13.0009        -0.957135        1.01363        
14.8461        13.011        -0.957897        1.01296        
14.8365        13.0212        -0.95866        1.01229        
14.8269        13.0313        -0.959422        1.01163        
14.8173        13.0414        -0.960183        1.01096        
14.8077        13.0515        -0.960944        1.01028        
14.7981        13.0616        -0.961705        1.00961        
14.7885        13.0717        -0.962465        1.00894        
14.7789        13.0818        -0.963224        1.00827        
14.7692        13.0919        -0.963984        1.0076        
14.7596        13.1019        -0.964743        1.00692        
14.7499        13.112        -0.965501        1.00625        
14.7403        13.1221        -0.966259        1.00557        
14.7306        13.1321        -0.967016        1.0049        
14.7209        13.1422        -0.967774        1.00422        
14.7113        13.1522        -0.96853        1.00354        
14.7016        13.1622        -0.969286        1.00287        
14.6919        13.1723        -0.970042        1.00219        
14.6822        13.1823        -0.970798        1.00151        
14.6725        13.1923        -0.971553        1.00083        
14.6627        13.2023        -0.972307        1.00015        
14.653        13.2123        -0.973061        0.999473        
14.6433        13.2223        -0.973815        0.998793        
14.6335        13.2323        -0.974568        0.998112        
14.6238        13.2422        -0.975321        0.99743        
14.614        13.2522        -0.976073        0.996748        
14.6043        13.2622        -0.976825        0.996065        
14.5945        13.2721        -0.977576        0.995382        
14.5847        13.2821        -0.978327        0.994698        
14.5749        13.292        -0.979078        0.994013        
14.5651        13.302        -0.979828        0.993328        
14.5553        13.3119        -0.980577        0.992642        
14.5455        13.3218        -0.981327        0.991956        
14.5357        13.3317        -0.982075        0.991269        
14.5259        13.3416        -0.982824        0.990582        
14.516        13.3515        -0.983572        0.989894        
14.5062        13.3614        -0.984319        0.989205        
14.4964        13.3713        -0.985066        0.988516        
14.4865        13.3812        -0.985813        0.987827        
14.4766        13.3911        -0.986559        0.987136        
14.4668        13.401        -0.987304        0.986446        
14.4569        13.4108        -0.988049        0.985754        
14.447        13.4207        -0.988794        0.985062        
14.4371        13.4305        -0.989539        0.98437        
14.4272        13.4404        -0.990282        0.983677        
14.4173        13.4502        -0.991026        0.982983        
14.4074        13.46        -0.991769        0.982289        
14.3975        13.4698        -0.992511        0.981594        
14.3876        13.4796        -0.993253        0.980899        
14.3776        13.4895        -0.993995        0.980203        
14.3677        13.4992        -0.994736        0.979506        
14.3577        13.509        -0.995477        0.978809        
14.3478        13.5188        -0.996217        0.978112        
14.3378        13.5286        -0.996957        0.977414        
14.3278        13.5384        -0.997696        0.976715        
14.3178        13.5481        -0.998435        0.976016        
14.3079        13.5579        -0.999174        0.975316        
14.2979        13.5676        -0.999912        0.974615        
14.2879        13.5774        -1.00065        0.973914        
14.2778        13.5871        -1.00139        0.973213        
14.2678        13.5969        -1.00212        0.972511        
14.2578        13.6066        -1.00286        0.971808        
14.2478        13.6163        -1.0036        0.971105        
14.2377        13.626        -1.00433        0.970401        
14.2277        13.6357        -1.00507        0.969697        
14.2176        13.6454        -1.0058        0.968992        
14.2076        13.6551        -1.00653        0.968286        
14.1975        13.6648        -1.00727        0.96758        
14.1874        13.6744        -1.008        0.966874        
14.1773        13.6841        -1.00873        0.966166        
14.1672        13.6937        -1.00946        0.965459        
14.1572        13.7034        -1.0102        0.96475        
14.147        13.713        -1.01093        0.964042        
14.1369        13.7227        -1.01166        0.963332        
14.1268        13.7323        -1.01239        0.962622        
14.1167        13.7419        -1.01312        0.961912        
14.1065        13.7515        -1.01385        0.961201        
14.0964        13.7612        -1.01458        0.960489        
14.0863        13.7708        -1.0153        0.959777        
14.0761        13.7804        -1.01603        0.959064        
14.0659        13.7899        -1.01676        0.958351        
14.0558        13.7995        -1.01749        0.957637        
14.0456        13.8091        -1.01821        0.956922        
14.0354        13.8187        -1.01894        0.956207        
14.0252        13.8282        -1.01967        0.955492        
14.015        13.8378        -1.02039        0.954776        
14.0048        13.8473        -1.02112        0.954059        
13.9946        13.8568        -1.02184        0.953342        
13.9844        13.8664        -1.02256        0.952624        
13.9741        13.8759        -1.02329        0.951906        
13.9639        13.8854        -1.02401        0.951187        
13.9537        13.8949        -1.02473        0.950467        
13.9434        13.9044        -1.02545        0.949747        
13.9331        13.9139        -1.02618        0.949027        
13.9229        13.9234        -1.0269        0.948306        
13.9126        13.9329        -1.02762        0.947584        
13.9023        13.9424        -1.02834        0.946862        
13.892        13.9518        -1.02906        0.946139        
13.8817        13.9613        -1.02978        0.945416        
13.8714        13.9707        -1.03049        0.944692        
13.8611        13.9802        -1.03121        0.943967        
13.8508        13.9896        -1.03193        0.943242        
13.8405        13.999        -1.03265        0.942517        
13.8302        14.0085        -1.03336        0.941791        
13.8198        14.0179        -1.03408        0.941064        
13.8095        14.0273        -1.0348        0.940337        
13.7991        14.0367        -1.03551        0.939609        
13.7888        14.0461        -1.03623        0.938881        
13.7784        14.0555        -1.03694        0.938152        
13.768        14.0648        -1.03765        0.937422        
13.7577        14.0742        -1.03837        0.936693        
13.7473        14.0836        -1.03908        0.935962        
13.7369        14.0929        -1.03979        0.935231        
13.7265        14.1023        -1.04051        0.934499        
13.7161        14.1116        -1.04122        0.933767        
13.7057        14.121        -1.04193        0.933034        
13.6952        14.1303        -1.04264        0.932301        
13.6848        14.1396        -1.04335        0.931567        
13.6744        14.1489        -1.04406        0.930833        
13.6639        14.1582        -1.04477        0.930098        
13.6535        14.1675        -1.04548        0.929363        
13.643        14.1768        -1.04618        0.928627        
13.6325        14.1861        -1.04689        0.92789        
13.6221        14.1954        -1.0476        0.927153        
13.6116        14.2046        -1.04831        0.926415        
13.6011        14.2139        -1.04901        0.925677        
13.5906        14.2231        -1.04972        0.924938        
13.5801        14.2324        -1.05042        0.924199        
13.5696        14.2416        -1.05113        0.923459        
13.5591        14.2509        -1.05183        0.922719        
13.5486        14.2601        -1.05254        0.921978        
13.538        14.2693        -1.05324        0.921237        
13.5275        14.2785        -1.05394        0.920495        
13.517        14.2877        -1.05465        0.919752        
13.5064        14.2969        -1.05535        0.919009        
13.4958        14.3061        -1.05605        0.918265        
13.4853        14.3153        -1.05675        0.917521        
13.4747        14.3244        -1.05745        0.916776        
13.4641        14.3336        -1.05815        0.916031        
13.4536        14.3428        -1.05885        0.915285        
13.443        14.3519        -1.05955        0.914539        
13.4324        14.361        -1.06025        0.913792        
13.4218        14.3702        -1.06094        0.913045        
13.4111        14.3793        -1.06164        0.912297        
13.4005        14.3884        -1.06234        0.911548        
13.3899        14.3975        -1.06304        0.910799        
13.3793        14.4066        -1.06373        0.910049        
13.3686        14.4157        -1.06443        0.909299        
13.358        14.4248        -1.06512        0.908549        
13.3473        14.4339        -1.06582        0.907797        
13.3367        14.443        -1.06651        0.907046        
13.326        14.4521        -1.06721        0.906293        
13.3153        14.4611        -1.0679        0.90554        
13.3046        14.4702        -1.06859        0.904787        
13.2939        14.4792        -1.06928        0.904033        
13.2832        14.4882        -1.06997        0.903279        
13.2725        14.4973        -1.07067        0.902524        
13.2618        14.5063        -1.07136        0.901768        
13.2511        14.5153        -1.07205        0.901012        
13.2404        14.5243        -1.07274        0.900255        
13.2297        14.5333        -1.07343        0.899498        
13.2189        14.5423        -1.07411        0.898741        
13.2082        14.5513        -1.0748        0.897982        
13.1974        14.5603        -1.07549        0.897224        
13.1867        14.5692        -1.07618        0.896464        
13.1759        14.5782        -1.07686        0.895704        
13.1651        14.5871        -1.07755        0.894944        
13.1544        14.5961        -1.07824        0.894183        
13.1436        14.605        -1.07892        0.893422        
13.1328        14.614        -1.07961        0.89266        
13.122        14.6229        -1.08029        0.891897        
13.1112        14.6318        -1.08097        0.891134        
13.1004        14.6407        -1.08166        0.890371        
13.0895        14.6496        -1.08234        0.889607        
13.0787        14.6585        -1.08302        0.888842        
13.0679        14.6674        -1.0837        0.888077        
13.057        14.6763        -1.08438        0.887311        
13.0462        14.6851        -1.08507        0.886545        
13.0353        14.694        -1.08575        0.885778        
13.0245        14.7028        -1.08643        0.885011        
13.0136        14.7117        -1.0871        0.884243        
13.0027        14.7205        -1.08778        0.883474        
12.9918        14.7294        -1.08846        0.882706        
12.981        14.7382        -1.08914        0.881936        
12.9701        14.747        -1.08982        0.881166        
12.9592        14.7558        -1.09049        0.880396        
12.9483        14.7646        -1.09117        0.879625        
12.9373        14.7734        -1.09184        0.878853        
12.9264        14.7822        -1.09252        0.878081        
12.9155        14.791        -1.09319        0.877309        
12.9046        14.7997        -1.09387        0.876535        
12.8936        14.8085        -1.09454        0.875762        
12.8827        14.8172        -1.09522        0.874988        
12.8717        14.826        -1.09589        0.874213        
12.8607        14.8347        -1.09656        0.873438        
12.8498        14.8435        -1.09723        0.872662        
12.8388        14.8522        -1.0979        0.871886        
12.8278        14.8609        -1.09857        0.871109        
12.8168        14.8696        -1.09924        0.870331        
12.8058        14.8783        -1.09991        0.869554        
12.7948        14.887        -1.10058        0.868775        
12.7838        14.8957        -1.10125        0.867996        
12.7728        14.9044        -1.10192        0.867217        
12.7618        14.913        -1.10259        0.866437        
12.7508        14.9217        -1.10325        0.865656        
12.7397        14.9303        -1.10392        0.864875        
12.7287        14.939        -1.10459        0.864094        
12.7176        14.9476        -1.10525        0.863312        
12.7066        14.9562        -1.10592        0.862529        
12.6955        14.9649        -1.10658        0.861746        
12.6844        14.9735        -1.10724        0.860962        
12.6734        14.9821        -1.10791        0.860178        
12.6623        14.9907        -1.10857        0.859394        
12.6512        14.9993        -1.10923        0.858608        
12.6401        15.0079        -1.10989        0.857823        
12.629        15.0164        -1.11056        0.857036        
12.6179        15.025        -1.11122        0.85625        
12.6068        15.0336        -1.11188        0.855462        
12.5956        15.0421        -1.11254        0.854675        
12.5845        15.0507        -1.1132        0.853886        
12.5734        15.0592        -1.11385        0.853098        
12.5622        15.0677        -1.11451        0.852308        
12.5511        15.0762        -1.11517        0.851518        
12.5399        15.0847        -1.11583        0.850728        
12.5288        15.0932        -1.11648        0.849937        
12.5176        15.1017        -1.11714        0.849146        
12.5064        15.1102        -1.1178        0.848354        
12.4953        15.1187        -1.11845        0.847561        
12.4841        15.1272        -1.11911        0.846768        
12.4729        15.1356        -1.11976        0.845975        
12.4617        15.1441        -1.12041        0.845181        
12.4505        15.1525        -1.12107        0.844386        
12.4392        15.161        -1.12172        0.843591        
12.428        15.1694        -1.12237        0.842796        
12.4168        15.1778        -1.12302        0.842        
12.4056        15.1863        -1.12367        0.841203        
12.3943        15.1947        -1.12432        0.840406        
12.3831        15.2031        -1.12497        0.839609        
12.3718        15.2115        -1.12562        0.83881        
12.3606        15.2198        -1.12627        0.838012        
12.3493        15.2282        -1.12692        0.837213        
12.338        15.2366        -1.12757        0.836413        
12.3268        15.2449        -1.12821        0.835613        
12.3155        15.2533        -1.12886        0.834812        
12.3042        15.2616        -1.12951        0.834011        
12.2929        15.27        -1.13015        0.833209        
12.2816        15.2783        -1.1308        0.832407        
12.2703        15.2866        -1.13144        0.831604        
12.2589        15.2949        -1.13208        0.830801        
12.2476        15.3032        -1.13273        0.829998        
12.2363        15.3115        -1.13337        0.829193        
12.225        15.3198        -1.13401        0.828389        
12.2136        15.3281        -1.13466        0.827583        
12.2023        15.3364        -1.1353        0.826778        
12.1909        15.3446        -1.13594        0.825971        
12.1795        15.3529        -1.13658        0.825165        
12.1682        15.3611        -1.13722        0.824357        
12.1568        15.3694        -1.13786        0.823549        
12.1454        15.3776        -1.1385        0.822741        
12.134        15.3858        -1.13913        0.821932        
12.1226        15.3941        -1.13977        0.821123        
12.1112        15.4023        -1.14041        0.820313        
12.0998        15.4105        -1.14104        0.819503        
12.0884        15.4187        -1.14168        0.818692        
12.077        15.4268        -1.14232        0.817881        
12.0656        15.435        -1.14295        0.817069        
12.0541        15.4432        -1.14358        0.816257        
12.0427        15.4513        -1.14422        0.815444        
12.0312        15.4595        -1.14485        0.814631        
12.0198        15.4676        -1.14548        0.813817        
12.0083        15.4758        -1.14612        0.813002        
11.9969        15.4839        -1.14675        0.812188        
11.9854        15.492        -1.14738        0.811372        
11.9739        15.5001        -1.14801        0.810556        
11.9624        15.5082        -1.14864        0.80974        
11.951        15.5163        -1.14927        0.808923        
11.9395        15.5244        -1.1499        0.808106        
11.928        15.5325        -1.15053        0.807288        
11.9164        15.5405        -1.15115        0.80647        
11.9049        15.5486        -1.15178        0.805651        
11.8934        15.5567        -1.15241        0.804832        
11.8819        15.5647        -1.15303        0.804012        
11.8703        15.5727        -1.15366        0.803191        
11.8588        15.5808        -1.15428        0.802371        
11.8473        15.5888        -1.15491        0.801549        
11.8357        15.5968        -1.15553        0.800727        
11.8242        15.6048        -1.15616        0.799905        
11.8126        15.6128        -1.15678        0.799082        
11.801        15.6208        -1.1574        0.798259        
11.7894        15.6288        -1.15802        0.797435        
11.7779        15.6367        -1.15864        0.796611        
11.7663        15.6447        -1.15927        0.795786        
11.7547        15.6526        -1.15989        0.794961        
11.7431        15.6606        -1.1605        0.794135        
11.7315        15.6685        -1.16112        0.793309        
11.7198        15.6765        -1.16174        0.792482        
11.7082        15.6844        -1.16236        0.791655        
11.6966        15.6923        -1.16298        0.790827        
11.685        15.7002        -1.16359        0.789999        
11.6733        15.7081        -1.16421        0.78917        
11.6617        15.716        -1.16483        0.788341        
11.65        15.7239        -1.16544        0.787511        
11.6384        15.7317        -1.16606        0.786681        
11.6267        15.7396        -1.16667        0.78585        
11.615        15.7474        -1.16728        0.785019        
11.6034        15.7553        -1.1679        0.784187        
11.5917        15.7631        -1.16851        0.783355        
11.58        15.771        -1.16912        0.782522        
11.5683        15.7788        -1.16973        0.781689        
11.5566        15.7866        -1.17034        0.780856        
11.5449        15.7944        -1.17095        0.780022        
11.5332        15.8022        -1.17156        0.779187        
11.5215        15.81        -1.17217        0.778352        
11.5097        15.8178        -1.17278        0.777516        
11.498        15.8255        -1.17339        0.77668        
11.4863        15.8333        -1.17399        0.775844        
11.4745        15.841        -1.1746        0.775007        
11.4628        15.8488        -1.17521        0.774169        
11.451        15.8565        -1.17581        0.773331        
11.4393        15.8643        -1.17642        0.772493        
11.4275        15.872        -1.17702        0.771654        
11.4157        15.8797        -1.17763        0.770814        
11.4039        15.8874        -1.17823        0.769974        
11.3922        15.8951        -1.17883        0.769134        
11.3804        15.9028        -1.17943        0.768293        
11.3686        15.9105        -1.18004        0.767451        
11.3568        15.9181        -1.18064        0.766609        
11.345        15.9258        -1.18124        0.765767        
11.3331        15.9334        -1.18184        0.764924        
11.3213        15.9411        -1.18244        0.764081        
11.3095        15.9487        -1.18304        0.763237        
11.2977        15.9564        -1.18363        0.762393        
11.2858        15.964        -1.18423        0.761548        
11.274        15.9716        -1.18483        0.760703        
11.2621        15.9792        -1.18543        0.759857        
11.2503        15.9868        -1.18602        0.759011        
11.2384        15.9944        -1.18662        0.758164        
11.2265        16.0019        -1.18721        0.757317        
11.2147        16.0095        -1.18781        0.756469        
11.2028        16.0171        -1.1884        0.755621        
11.1909        16.0246        -1.18899        0.754772        
11.179        16.0322        -1.18959        0.753923        
11.1671        16.0397        -1.19018        0.753074        
11.1552        16.0472        -1.19077        0.752224        
11.1433        16.0547        -1.19136        0.751373        
11.1314        16.0623        -1.19195        0.750522        
11.1194        16.0698        -1.19254        0.749671        
11.1075        16.0773        -1.19313        0.748819        
11.0956        16.0847        -1.19372        0.747966        
11.0836        16.0922        -1.1943        0.747113        
11.0717        16.0997        -1.19489        0.74626        
11.0597        16.1071        -1.19548        0.745406        
11.0478        16.1146        -1.19607        0.744552        
11.0358        16.122        -1.19665        0.743697        
11.0239        16.1295        -1.19724        0.742842        
11.0119        16.1369        -1.19782        0.741986        
10.9999        16.1443        -1.1984        0.74113        
10.9879        16.1517        -1.19899        0.740273        
10.9759        16.1591        -1.19957        0.739416        
10.9639        16.1665        -1.20015        0.738558        
10.9519        16.1739        -1.20073        0.7377        
10.9399        16.1812        -1.20131        0.736842        
10.9279        16.1886        -1.2019        0.735983        
10.9159        16.196        -1.20247        0.735123        
10.9038        16.2033        -1.20305        0.734263        
10.8918        16.2107        -1.20363        0.733403        
10.8798        16.218        -1.20421        0.732542        
10.8677        16.2253        -1.20479        0.73168        
10.8557        16.2326        -1.20537        0.730819        
10.8436        16.2399        -1.20594        0.729956        
10.8315        16.2472        -1.20652        0.729093        
10.8195        16.2545        -1.20709        0.72823        
10.8074        16.2618        -1.20767        0.727366        
10.7953        16.2691        -1.20824        0.726502        
10.7832        16.2763        -1.20881        0.725638        
10.7712        16.2836        -1.20939        0.724772        
10.7591        16.2908        -1.20996        0.723907        
10.747        16.298        -1.21053        0.723041        
10.7348        16.3053        -1.2111        0.722174        
10.7227        16.3125        -1.21167        0.721307        
10.7106        16.3197        -1.21224        0.72044        
10.6985        16.3269        -1.21281        0.719572        
10.6864        16.3341        -1.21338        0.718704        
10.6742        16.3413        -1.21395        0.717835        
10.6621        16.3484        -1.21452        0.716965        
10.6499        16.3556        -1.21508        0.716096        
10.6378        16.3628        -1.21565        0.715225        
10.6256        16.3699        -1.21621        0.714355        
10.6134        16.3771        -1.21678        0.713484        
10.6013        16.3842        -1.21734        0.712612        
10.5891        16.3913        -1.21791        0.71174        
10.5769        16.3984        -1.21847        0.710867        
10.5647        16.4055        -1.21903        0.709994        
10.5525        16.4126        -1.2196        0.709121        
10.5403        16.4197        -1.22016        0.708247        
10.5281        16.4268        -1.22072        0.707373        
10.5159        16.4339        -1.22128        0.706498        
10.5037        16.4409        -1.22184        0.705623        
10.4915        16.448        -1.2224        0.704747        
10.4793        16.455        -1.22296        0.703871        
10.467        16.462        -1.22351        0.702994        
10.4548        16.4691        -1.22407        0.702117        
10.4425        16.4761        -1.22463        0.701239        
10.4303        16.4831        -1.22518        0.700361        
10.418        16.4901        -1.22574        0.699483        
10.4058        16.4971        -1.2263        0.698604        
10.3935        16.5041        -1.22685        0.697724        
10.3812        16.511        -1.2274        0.696845        
10.369        16.518        -1.22796        0.695964        
10.3567        16.525        -1.22851        0.695083        
10.3444        16.5319        -1.22906        0.694202        
10.3321        16.5388        -1.22961        0.693321        
10.3198        16.5458        -1.23016        0.692438        
10.3075        16.5527        -1.23071        0.691556        
10.2952        16.5596        -1.23126        0.690673        
10.2829        16.5665        -1.23181        0.689789        
10.2706        16.5734        -1.23236        0.688905        
10.2582        16.5803        -1.23291        0.688021        
10.2459        16.5872        -1.23346        0.687136        
10.2336        16.594        -1.234        0.686251        
10.2212        16.6009        -1.23455        0.685365        
10.2089        16.6077        -1.23509        0.684479        
10.1965        16.6146        -1.23564        0.683592        
10.1842        16.6214        -1.23618        0.682705        
10.1718        16.6282        -1.23673        0.681818        
10.1594        16.635        -1.23727        0.68093        
10.147        16.6418        -1.23781        0.680041        
10.1347        16.6486        -1.23835        0.679153        
10.1223        16.6554        -1.23889        0.678263        
10.1099        16.6622        -1.23943        0.677373        
10.0975        16.669        -1.23997        0.676483        
10.0851        16.6757        -1.24051        0.675593        
10.0727        16.6825        -1.24105        0.674701        
10.0603        16.6892        -1.24159        0.67381        
10.0479        16.696        -1.24213        0.672918        
10.0354        16.7027        -1.24266        0.672025        
10.023        16.7094        -1.2432        0.671133        
10.0106        16.7161        -1.24373        0.670239        
9.99812        16.7228        -1.24427        0.669345        
9.98568        16.7295        -1.2448        0.668451        
9.97323        16.7362        -1.24534        0.667557        
9.96077        16.7428        -1.24587        0.666661        
9.94831        16.7495        -1.2464        0.665766        
9.93584        16.7562        -1.24694        0.66487        
9.92337        16.7628        -1.24747        0.663973        
9.91089        16.7694        -1.248        0.663077        
9.89841        16.7761        -1.24853        0.662179        
9.88592        16.7827        -1.24906        0.661282        
9.87343        16.7893        -1.24959        0.660383        
9.86093        16.7959        -1.25011        0.659485        
9.84843        16.8025        -1.25064        0.658586        
9.83592        16.8091        -1.25117        0.657686        
9.8234        16.8156        -1.25169        0.656786        
9.81088        16.8222        -1.25222        0.655886        
9.79836        16.8288        -1.25274        0.654985        
9.78583        16.8353        -1.25327        0.654084        
9.77329        16.8418        -1.25379        0.653182        
9.76075        16.8484        -1.25432        0.65228        
9.74821        16.8549        -1.25484        0.651377        
9.73566        16.8614        -1.25536        0.650474        
9.7231        16.8679        -1.25588        0.649571        
9.71054        16.8744        -1.2564        0.648667        
9.69797        16.8809        -1.25692        0.647763        
9.6854        16.8873        -1.25744        0.646858        
9.67282        16.8938        -1.25796        0.645953        
9.66024        16.9003        -1.25848        0.645047        
9.64765        16.9067        -1.259        0.644141        
9.63506        16.9131        -1.25951        0.643234        
9.62246        16.9196        -1.26003        0.642328        
9.60986        16.926        -1.26055        0.64142        
9.59725        16.9324        -1.26106        0.640512        
9.58464        16.9388        -1.26158        0.639604        
9.57202        16.9452        -1.26209        0.638696        
9.5594        16.9516        -1.2626        0.637786        
9.54677        16.9579        -1.26311        0.636877        
9.53414        16.9643        -1.26363        0.635967        
9.5215        16.9707        -1.26414        0.635057        
9.50885        16.977        -1.26465        0.634146        
9.4962        16.9833        -1.26516        0.633235        
9.48355        16.9897        -1.26567        0.632323        
9.47089        16.996        -1.26618        0.631411        
9.45823        17.0023        -1.26669        0.630498        
9.44556        17.0086        -1.26719        0.629585        
9.43288        17.0149        -1.2677        0.628672        
9.4202        17.0212        -1.26821        0.627758        
9.40752        17.0274        -1.26871        0.626844        
9.39483        17.0337        -1.26922        0.625929        
9.38213        17.04        -1.26972        0.625014        
9.36943        17.0462        -1.27022        0.624099        
9.35673        17.0524        -1.27073        0.623183        
9.34402        17.0587        -1.27123        0.622266        
9.3313        17.0649        -1.27173        0.62135        
9.31859        17.0711        -1.27223        0.620432        
9.30586        17.0773        -1.27273        0.619515        
9.29313        17.0835        -1.27323        0.618597        
9.2804        17.0897        -1.27373        0.617678        
9.26766        17.0958        -1.27423        0.616759        
9.25491        17.102        -1.27473        0.61584        
9.24216        17.1082        -1.27523        0.61492        
9.22941        17.1143        -1.27572        0.614        
9.21665        17.1204        -1.27622        0.61308        
9.20388        17.1266        -1.27672        0.612159        
9.19111        17.1327        -1.27721        0.611237        
9.17834        17.1388        -1.2777        0.610315        
9.16556        17.1449        -1.2782        0.609393        
9.15277        17.151        -1.27869        0.60847        
9.13998        17.1571        -1.27918        0.607547        
9.12719        17.1631        -1.27967        0.606624        
9.11439        17.1692        -1.28017        0.6057        
9.10159        17.1752        -1.28066        0.604775        
9.08878        17.1813        -1.28115        0.603851        
9.07596        17.1873        -1.28163        0.602926        
9.06315        17.1933        -1.28212        0.602        
9.05032        17.1994        -1.28261        0.601074        
9.03749        17.2054        -1.2831        0.600147        
9.02466        17.2114        -1.28358        0.599221        
9.01182        17.2174        -1.28407        0.598293        
8.99898        17.2233        -1.28456        0.597366        
8.98613        17.2293        -1.28504        0.596438        
8.97328        17.2353        -1.28552        0.595509        
8.96042        17.2412        -1.28601        0.59458        
8.94756        17.2472        -1.28649        0.593651        
8.93469        17.2531        -1.28697        0.592721        
8.92182        17.259        -1.28745        0.591791        
8.90894        17.2649        -1.28793        0.59086        
8.89606        17.2708        -1.28841        0.589929        
8.88317        17.2767        -1.28889        0.588998        
8.87028        17.2826        -1.28937        0.588066        
8.85739        17.2885        -1.28985        0.587134        
8.84448        17.2943        -1.29033        0.586201        
8.83158        17.3002        -1.2908        0.585268        
8.81867        17.3061        -1.29128        0.584335        
8.80575        17.3119        -1.29176        0.583401        
8.79283        17.3177        -1.29223        0.582467        
8.77991        17.3235        -1.29271        0.581532        
8.76698        17.3294        -1.29318        0.580597        
8.75404        17.3352        -1.29365        0.579662        
8.74111        17.3409        -1.29412        0.578726        
8.72816        17.3467        -1.2946        0.577789        
8.71521        17.3525        -1.29507        0.576853        
8.70226        17.3583        -1.29554        0.575916        
8.6893        17.364        -1.29601        0.574978        
8.67634        17.3698        -1.29648        0.57404        
8.66337        17.3755        -1.29694        0.573102        
8.6504        17.3812        -1.29741        0.572163        
8.63743        17.3869        -1.29788        0.571224        
8.62444        17.3927        -1.29834        0.570284        
8.61146        17.3983        -1.29881        0.569344        
8.59847        17.404        -1.29928        0.568404        
8.58547        17.4097        -1.29974        0.567463        
8.57247        17.4154        -1.3002        0.566522        
8.55947        17.421        -1.30067        0.565581        
8.54646        17.4267        -1.30113        0.564639        
8.53345        17.4323        -1.30159        0.563696        
8.52043        17.438        -1.30205        0.562754        
8.50741        17.4436        -1.30251        0.561811        
8.49438        17.4492        -1.30297        0.560867        
8.48135        17.4548        -1.30343        0.559923        
8.46831        17.4604        -1.30389        0.558979        
8.45527        17.466        -1.30435        0.558034        
8.44222        17.4716        -1.3048        0.557089        
8.42917        17.4771        -1.30526        0.556143        
8.41612        17.4827        -1.30572        0.555197        
8.40306        17.4882        -1.30617        0.554251        
8.38999        17.4938        -1.30663        0.553304        
8.37693        17.4993        -1.30708        0.552357        
8.36385        17.5048        -1.30753        0.55141        
8.35077        17.5103        -1.30799        0.550462        
8.33769        17.5158        -1.30844        0.549514        
8.32461        17.5213        -1.30889        0.548565        
8.31151        17.5268        -1.30934        0.547616        
8.29842        17.5323        -1.30979        0.546666        
8.28532        17.5377        -1.31024        0.545716        
8.27221        17.5432        -1.31069        0.544766        
8.25911        17.5486        -1.31114        0.543816        
8.24599        17.5541        -1.31158        0.542864        
8.23287        17.5595        -1.31203        0.541913        
8.21975        17.5649        -1.31247        0.540961        
8.20662        17.5703        -1.31292        0.540009        
8.19349        17.5757        -1.31336        0.539056        
8.18036        17.5811        -1.31381        0.538103        
8.16722        17.5865        -1.31425        0.53715        
8.15407        17.5918        -1.31469        0.536196        
8.14092        17.5972        -1.31514        0.535242        
8.12777        17.6025        -1.31558        0.534288        
8.11461        17.6079        -1.31602        0.533333        
8.10145        17.6132        -1.31646        0.532377        
8.08828        17.6185        -1.3169        0.531422        
8.07511        17.6238        -1.31733        0.530465        
8.06194        17.6291        -1.31777        0.529509        
8.04876        17.6344        -1.31821        0.528552        
8.03557        17.6397        -1.31865        0.527595        
8.02238        17.645        -1.31908        0.526637        
8.00919        17.6502        -1.31952        0.525679        
7.99599        17.6555        -1.31995        0.524721        
7.98279        17.6607        -1.32039        0.523762        
7.96958        17.666        -1.32082        0.522803        
7.95637        17.6712        -1.32125        0.521843        
7.94316        17.6764        -1.32168        0.520883        
7.92994        17.6816        -1.32211        0.519923        
7.91672        17.6868        -1.32254        0.518962        
7.90349        17.692        -1.32297        0.518001        
7.89026        17.6972        -1.3234        0.51704        
7.87702        17.7023        -1.32383        0.516078        
7.86378        17.7075        -1.32426        0.515116        
7.85054        17.7126        -1.32469        0.514153        
7.83729        17.7178        -1.32511        0.51319        
7.82403        17.7229        -1.32554        0.512227        
7.81078        17.728        -1.32596        0.511263        
7.79751        17.7331        -1.32639        0.510299        
7.78425        17.7382        -1.32681        0.509335        
7.77098        17.7433        -1.32723        0.50837        
7.7577        17.7484        -1.32766        0.507404        
7.74443        17.7535        -1.32808        0.506439        
7.73114        17.7585        -1.3285        0.505473        
7.71786        17.7636        -1.32892        0.504507        
7.70456        17.7686        -1.32934        0.50354        
7.69127        17.7736        -1.32976        0.502573        
7.67797        17.7787        -1.33018        0.501605        
7.66466        17.7837        -1.33059        0.500637        
7.65136        17.7887        -1.33101        0.499669        
7.63804        17.7937        -1.33143        0.498701        
7.62473        17.7986        -1.33184        0.497732        
7.61141        17.8036        -1.33226        0.496762        
7.59808        17.8086        -1.33267        0.495792        
7.58475        17.8135        -1.33308        0.494822        
7.57142        17.8185        -1.3335        0.493852        
7.55808        17.8234        -1.33391        0.492881        
7.54474        17.8283        -1.33432        0.49191        
7.5314        17.8332        -1.33473        0.490938        
7.51805        17.8381        -1.33514        0.489966        
7.5047        17.843        -1.33555        0.488994        
7.49134        17.8479        -1.33596        0.488022        
7.47798        17.8528        -1.33637        0.487048        
7.46461        17.8577        -1.33677        0.486075        
7.45124        17.8625        -1.33718        0.485101        
7.43787        17.8674        -1.33759        0.484127        
7.42449        17.8722        -1.33799        0.483153        
7.41111        17.877        -1.3384        0.482178        
7.39772        17.8818        -1.3388        0.481203        
7.38433        17.8867        -1.3392        0.480227        
7.37094        17.8915        -1.33961        0.479251        
7.35754        17.8962        -1.34001        0.478275        
7.34414        17.901        -1.34041        0.477298        
7.33073        17.9058        -1.34081        0.476321        
7.31732        17.9105        -1.34121        0.475344        
7.30391        17.9153        -1.34161        0.474366        
7.29049        17.92        -1.34201        0.473388        
7.27707        17.9248        -1.3424        0.472409        
7.26364        17.9295        -1.3428        0.47143        
7.25021        17.9342        -1.3432        0.470451        
7.23678        17.9389        -1.34359        0.469472        
7.22334        17.9436        -1.34399        0.468492        
7.2099        17.9483        -1.34438        0.467512        
7.19645        17.9529        -1.34477        0.466531        
7.183        17.9576        -1.34517        0.46555        
7.16955        17.9622        -1.34556        0.464569        
7.15609        17.9669        -1.34595        0.463587        
7.14263        17.9715        -1.34634        0.462605        
7.12916        17.9761        -1.34673        0.461622        
7.11569        17.9807        -1.34712        0.46064        
7.10222        17.9853        -1.34751        0.459656        
7.08874        17.9899        -1.3479        0.458673        
7.07526        17.9945        -1.34828        0.457689        
7.06178        17.9991        -1.34867        0.456705        
7.04829        18.0037        -1.34906        0.45572        
7.0348        18.0082        -1.34944        0.454736        
7.0213        18.0127        -1.34983        0.45375        
7.0078        18.0173        -1.35021        0.452765        
6.9943        18.0218        -1.35059        0.451779        
6.98079        18.0263        -1.35097        0.450792        
6.96728        18.0308        -1.35136        0.449806        
6.95376        18.0353        -1.35174        0.448819        
6.94024        18.0398        -1.35212        0.447832        
6.92672        18.0443        -1.3525        0.446844        
6.91319        18.0487        -1.35288        0.445856        
6.89966        18.0532        -1.35325        0.444867        
6.88613        18.0576        -1.35363        0.443879        
6.87259        18.0621        -1.35401        0.44289        
6.85905        18.0665        -1.35438        0.4419        
6.8455        18.0709        -1.35476        0.44091        
6.83195        18.0753        -1.35513        0.43992        
6.8184        18.0797        -1.35551        0.43893        
6.80484        18.0841        -1.35588        0.437939        
6.79128        18.0885        -1.35625        0.436948        
6.77772        18.0928        -1.35662        0.435956        
6.76415        18.0972        -1.357        0.434964        
6.75058        18.1015        -1.35737        0.433972        
6.737        18.1059        -1.35774        0.43298        
6.72342        18.1102        -1.3581        0.431987        
6.70984        18.1145        -1.35847        0.430994        
6.69625        18.1188        -1.35884        0.43        
6.68266        18.1231        -1.35921        0.429006        
6.66907        18.1274        -1.35957        0.428012        
6.65547        18.1317        -1.35994        0.427017        
6.64187        18.1359        -1.3603        0.426023        
6.62826        18.1402        -1.36067        0.425027        
6.61466        18.1444        -1.36103        0.424032        
6.60104        18.1487        -1.36139        0.423036        
6.58743        18.1529        -1.36175        0.42204        
6.57381        18.1571        -1.36212        0.421043        
6.56019        18.1613        -1.36248        0.420046        
6.54656        18.1655        -1.36284        0.419049        
6.53293        18.1697        -1.36319        0.418051        
6.5193        18.1739        -1.36355        0.417053        
6.50566        18.178        -1.36391        0.416055        
6.49202        18.1822        -1.36427        0.415056        
6.47837        18.1863        -1.36462        0.414057        
6.46472        18.1905        -1.36498        0.413058        
6.45107        18.1946        -1.36533        0.412058        
6.43742        18.1987        -1.36569        0.411059        
6.42376        18.2028        -1.36604        0.410058        
6.4101        18.2069        -1.36639        0.409058        
6.39643        18.211        -1.36675        0.408057        
6.38276        18.2151        -1.3671        0.407055        
6.36909        18.2191        -1.36745        0.406054        
6.35541        18.2232        -1.3678        0.405052        
6.34173        18.2272        -1.36815        0.40405        
6.32805        18.2313        -1.36849        0.403047        
6.31436        18.2353        -1.36884        0.402044        
6.30067        18.2393        -1.36919        0.401041        
6.28698        18.2433        -1.36953        0.400037        
6.27328        18.2473        -1.36988        0.399033        
6.25958        18.2513        -1.37022        0.398029        
6.24588        18.2553        -1.37057        0.397025        
6.23217        18.2592        -1.37091        0.39602        
6.21846        18.2632        -1.37125        0.395015        
6.20475        18.2671        -1.3716        0.394009        
6.19103        18.2711        -1.37194        0.393003        
6.17731        18.275        -1.37228        0.391997        
6.16358        18.2789        -1.37262        0.390991        
6.14985        18.2828        -1.37296        0.389984        
6.13612        18.2867        -1.37329        0.388977        
6.12239        18.2906        -1.37363        0.387969        
6.10865        18.2945        -1.37397        0.386961        
6.09491        18.2983        -1.3743        0.385953        
6.08116        18.3022        -1.37464        0.384945        
6.06742        18.306        -1.37497        0.383936        
6.05367        18.3099        -1.37531        0.382927        
6.03991        18.3137        -1.37564        0.381918        
6.02615        18.3175        -1.37597        0.380908        
6.01239        18.3213        -1.37631        0.379898        
5.99863        18.3251        -1.37664        0.378888        
5.98486        18.3289        -1.37697        0.377877        
5.97109        18.3327        -1.3773        0.376866        
5.95731        18.3364        -1.37763        0.375855        
5.94353        18.3402        -1.37795        0.374843        
5.92975        18.3439        -1.37828        0.373831        
5.91597        18.3477        -1.37861        0.372819        
5.90218        18.3514        -1.37893        0.371807        
5.88839        18.3551        -1.37926        0.370794        
5.8746        18.3588        -1.37958        0.369781        
5.8608        18.3625        -1.37991        0.368767        
5.847        18.3662        -1.38023        0.367753        
5.83319        18.3698        -1.38055        0.366739        
5.81939        18.3735        -1.38087        0.365725        
5.80558        18.3772        -1.38119        0.36471        
5.79176        18.3808        -1.38151        0.363695        
5.77795        18.3844        -1.38183        0.36268        
5.76413        18.3881        -1.38215        0.361664        
5.7503        18.3917        -1.38247        0.360648        
5.73648        18.3953        -1.38279        0.359632        
5.72265        18.3989        -1.3831        0.358615        
5.70881        18.4024        -1.38342        0.357598        
5.69498        18.406        -1.38373        0.356581        
5.68114        18.4096        -1.38405        0.355564        
5.6673        18.4131        -1.38436        0.354546        
5.65345        18.4167        -1.38468        0.353528        
5.6396        18.4202        -1.38499        0.35251        
5.62575        18.4237        -1.3853        0.351491        
5.6119        18.4272        -1.38561        0.350472        
5.59804        18.4307        -1.38592        0.349452        
5.58418        18.4342        -1.38623        0.348433        
5.57032        18.4377        -1.38654        0.347413        
5.55645        18.4412        -1.38684        0.346393        
5.54258        18.4446        -1.38715        0.345372        
5.52871        18.4481        -1.38746        0.344351        
5.51483        18.4515        -1.38776        0.34333        
5.50095        18.4549        -1.38807        0.342309        
5.48707        18.4584        -1.38837        0.341287        
5.47318        18.4618        -1.38867        0.340265        
5.4593        18.4652        -1.38898        0.339243        
5.4454        18.4685        -1.38928        0.33822        
5.43151        18.4719        -1.38958        0.337197        
5.41761        18.4753        -1.38988        0.336174        
5.40371        18.4786        -1.39018        0.335151        
5.38981        18.482        -1.39048        0.334127        
5.3759        18.4853        -1.39078        0.333103        
5.36199        18.4887        -1.39107        0.332078        
5.34808        18.492        -1.39137        0.331054        
5.33417        18.4953        -1.39167        0.330029        
5.32025        18.4986        -1.39196        0.329003        
5.30633        18.5019        -1.39226        0.327978        
5.2924        18.5051        -1.39255        0.326952        
5.27848        18.5084        -1.39284        0.325926        
5.26455        18.5116        -1.39313        0.324899        
5.25061        18.5149        -1.39343        0.323873        
5.23668        18.5181        -1.39372        0.322846        
5.22274        18.5213        -1.39401        0.321818        
5.2088        18.5246        -1.3943        0.320791        
5.19485        18.5278        -1.39458        0.319763        
5.18091        18.531        -1.39487        0.318735        
5.16696        18.5341        -1.39516        0.317706        
5.153        18.5373        -1.39544        0.316677        
5.13905        18.5405        -1.39573        0.315648        
5.12509        18.5436        -1.39601        0.314619        
5.11113        18.5468        -1.3963        0.313589        
5.09716        18.5499        -1.39658        0.31256        
5.08319        18.553        -1.39686        0.311529        
5.06922        18.5561        -1.39715        0.310499        
5.05525        18.5592        -1.39743        0.309468        
5.04128        18.5623        -1.39771        0.308437        
5.0273        18.5654        -1.39799        0.307406        
5.01332        18.5685        -1.39827        0.306374        
4.99933        18.5715        -1.39854        0.305342        
4.98535        18.5746        -1.39882        0.30431        
4.97136        18.5776        -1.3991        0.303278        
4.95736        18.5806        -1.39937        0.302245        
4.94337        18.5837        -1.39965        0.301212        
4.92937        18.5867        -1.39992        0.300179        
4.91537        18.5897        -1.4002        0.299145        
4.90137        18.5926        -1.40047        0.298111        
4.88736        18.5956        -1.40074        0.297077        
4.87335        18.5986        -1.40101        0.296043        
4.85934        18.6015        -1.40128        0.295008        
4.84533        18.6045        -1.40155        0.293973        
4.83131        18.6074        -1.40182        0.292938        
4.81729        18.6103        -1.40209        0.291903        
4.80327        18.6133        -1.40236        0.290867        
4.78924        18.6162        -1.40262        0.289831        
4.77522        18.6191        -1.40289        0.288794        
4.76118        18.6219        -1.40315        0.287758        
4.74715        18.6248        -1.40342        0.286721        
4.73312        18.6277        -1.40368        0.285684        
4.71908        18.6305        -1.40395        0.284646        
4.70504        18.6334        -1.40421        0.283609        
4.69099        18.6362        -1.40447        0.282571        
4.67695        18.639        -1.40473        0.281533        
4.6629        18.6418        -1.40499        0.280494        
4.64885        18.6446        -1.40525        0.279455        
4.63479        18.6474        -1.40551        0.278416        
4.62074        18.6502        -1.40577        0.277377        
4.60668        18.653        -1.40602        0.276338        
4.59262        18.6557        -1.40628        0.275298        
4.57855        18.6585        -1.40653        0.274258        
4.56449        18.6612        -1.40679        0.273217        
4.55042        18.6639        -1.40704        0.272177        
4.53635        18.6666        -1.4073        0.271136        
4.52227        18.6694        -1.40755        0.270095        
4.5082        18.6721        -1.4078        0.269053        
4.49412        18.6747        -1.40805        0.268012        
4.48003        18.6774        -1.4083        0.26697        
4.46595        18.6801        -1.40855        0.265927        
4.45186        18.6827        -1.4088        0.264885        
4.43777        18.6854        -1.40905        0.263842        
4.42368        18.688        -1.40929        0.262799        
4.40959        18.6906        -1.40954        0.261756        
4.39549        18.6932        -1.40979        0.260713        
4.38139        18.6958        -1.41003        0.259669        
4.36729        18.6984        -1.41027        0.258625        
4.35319        18.701        -1.41052        0.25758        
4.33908        18.7036        -1.41076        0.256536        
4.32497        18.7061        -1.411        0.255491        
4.31086        18.7087        -1.41124        0.254446        
4.29675        18.7112        -1.41148        0.253401        
4.28263        18.7138        -1.41172        0.252355        
4.26851        18.7163        -1.41196        0.251309        
4.25439        18.7188        -1.4122        0.250263        
4.24027        18.7213        -1.41244        0.249217        
4.22614        18.7238        -1.41267        0.24817        
4.21202        18.7263        -1.41291        0.247124        
4.19788        18.7287        -1.41314        0.246077        
4.18375        18.7312        -1.41338        0.245029        
4.16962        18.7336        -1.41361        0.243982        
4.15548        18.7361        -1.41384        0.242934        
4.14134        18.7385        -1.41408        0.241886        
4.1272        18.7409        -1.41431        0.240837        
4.11305        18.7433        -1.41454        0.239789        
4.09891        18.7457        -1.41477        0.23874        
4.08476        18.7481        -1.415        0.237691        
4.07061        18.7504        -1.41522        0.236642        
4.05645        18.7528        -1.41545        0.235592        
4.0423        18.7552        -1.41568        0.234542        
4.02814        18.7575        -1.4159        0.233492        
4.01398        18.7598        -1.41613        0.232442        
3.99982        18.7621        -1.41635        0.231391        
3.98565        18.7644        -1.41657        0.230341        
3.97149        18.7667        -1.4168        0.229289        
3.95732        18.769        -1.41702        0.228238        
3.94315        18.7713        -1.41724        0.227187        
3.92897        18.7736        -1.41746        0.226135        
3.9148        18.7758        -1.41768        0.225083        
3.90062        18.7781        -1.4179        0.224031        
3.88644        18.7803        -1.41812        0.222978        
3.87226        18.7825        -1.41833        0.221925        
3.85807        18.7848        -1.41855        0.220872        
3.84389        18.787        -1.41877        0.219819        
3.8297        18.7892        -1.41898        0.218766        
3.81551        18.7913        -1.4192        0.217712        
3.80131        18.7935        -1.41941        0.216658        
3.78712        18.7957        -1.41962        0.215604        
3.77292        18.7978        -1.41983        0.21455        
3.75872        18.8        -1.42004        0.213495        
3.74452        18.8021        -1.42025        0.21244        
3.73032        18.8042        -1.42046        0.211385        
3.71611        18.8063        -1.42067        0.21033        
3.7019        18.8084        -1.42088        0.209274        
3.68769        18.8105        -1.42109        0.208218        
3.67348        18.8126        -1.42129        0.207162        
3.65927        18.8146        -1.4215        0.206106        
3.64505        18.8167        -1.4217        0.20505        
3.63083        18.8187        -1.42191        0.203993        
3.61661        18.8208        -1.42211        0.202936        
3.60239        18.8228        -1.42231        0.201879        
3.58817        18.8248        -1.42252        0.200821        
3.57394        18.8268        -1.42272        0.199764        
3.55971        18.8288        -1.42292        0.198706        
3.54548        18.8308        -1.42312        0.197648        
3.53125        18.8328        -1.42332        0.19659        
3.51702        18.8347        -1.42351        0.195531        
3.50278        18.8367        -1.42371        0.194472        
3.48854        18.8386        -1.42391        0.193413        
3.4743        18.8405        -1.4241        0.192354        
3.46006        18.8425        -1.4243        0.191295        
3.44582        18.8444        -1.42449        0.190235        
3.43157        18.8463        -1.42468        0.189175        
3.41732        18.8482        -1.42488        0.188115        
3.40307        18.85        -1.42507        0.187055        
3.38882        18.8519        -1.42526        0.185994        
3.37457        18.8537        -1.42545        0.184933        
3.36031        18.8556        -1.42564        0.183872        
3.34605        18.8574        -1.42583        0.182811        
3.3318        18.8592        -1.42601        0.18175        
3.31753        18.8611        -1.4262        0.180688        
3.30327        18.8629        -1.42639        0.179626        
3.28901        18.8647        -1.42657        0.178564        
3.27474        18.8664        -1.42676        0.177502        
3.26047        18.8682        -1.42694        0.176439        
3.2462        18.87        -1.42712        0.175377        
3.23193        18.8717        -1.42731        0.174314        
3.21765        18.8734        -1.42749        0.17325        
3.20338        18.8752        -1.42767        0.172187        
3.1891        18.8769        -1.42785        0.171123        
3.17482        18.8786        -1.42803        0.17006        
3.16054        18.8803        -1.42821        0.168996        
3.14626        18.882        -1.42838        0.167931        
3.13197        18.8837        -1.42856        0.166867        
3.11769        18.8853        -1.42874        0.165802        
3.1034        18.887        -1.42891        0.164737        
3.08911        18.8886        -1.42909        0.163672        
3.07482        18.8902        -1.42926        0.162607        
3.06052        18.8919        -1.42943        0.161542        
3.04623        18.8935        -1.4296        0.160476        
3.03193        18.8951        -1.42978        0.15941        
3.01763        18.8967        -1.42995        0.158344        
3.00333        18.8982        -1.43012        0.157278        
2.98903        18.8998        -1.43029        0.156211        
2.97473        18.9014        -1.43045        0.155144        
2.96042        18.9029        -1.43062        0.154077        
2.94611        18.9044        -1.43079        0.15301        
2.93181        18.906        -1.43095        0.151943        
2.91749        18.9075        -1.43112        0.150875        
2.90318        18.909        -1.43128        0.149808        
2.88887        18.9105        -1.43145        0.14874        
2.87455        18.912        -1.43161        0.147672        
2.86024        18.9134        -1.43177        0.146603        
2.84592        18.9149        -1.43193        0.145535        
2.8316        18.9163        -1.43209        0.144466        
2.81728        18.9178        -1.43225        0.143397        
2.80295        18.9192        -1.43241        0.142328        
2.78863        18.9206        -1.43257        0.141259        
2.7743        18.922        -1.43272        0.140189        
2.75997        18.9234        -1.43288        0.139119        
2.74564        18.9248        -1.43304        0.13805        
2.73131        18.9262        -1.43319        0.136979        
2.71698        18.9276        -1.43334        0.135909        
2.70265        18.9289        -1.4335        0.134839        
2.68831        18.9303        -1.43365        0.133768        
2.67397        18.9316        -1.4338        0.132697        
2.65963        18.9329        -1.43395        0.131626        
2.64529        18.9342        -1.4341        0.130555        
2.63095        18.9355        -1.43425        0.129483        
2.61661        18.9368        -1.4344        0.128412        
2.60226        18.9381        -1.43455        0.12734        
2.58792        18.9394        -1.43469        0.126268        
2.57357        18.9406        -1.43484        0.125195        
2.55922        18.9419        -1.43498        0.124123        
2.54487        18.9431        -1.43513        0.12305        
2.53052        18.9443        -1.43527        0.121978        
2.51617        18.9455        -1.43541        0.120905        
2.50181        18.9467        -1.43556        0.119832        
2.48745        18.9479        -1.4357        0.118758        
2.4731        18.9491        -1.43584        0.117685        
2.45874        18.9503        -1.43598        0.116611        
2.44438        18.9514        -1.43612        0.115537        
2.43002        18.9526        -1.43625        0.114463        
2.41565        18.9537        -1.43639        0.113389        
2.40129        18.9549        -1.43653        0.112314        
2.38692        18.956        -1.43666        0.11124        
2.37255        18.9571        -1.4368        0.110165        
2.35819        18.9582        -1.43693        0.10909        
2.34382        18.9593        -1.43707        0.108015        
2.32944        18.9603        -1.4372        0.106939        
2.31507        18.9614        -1.43733        0.105864        
2.3007        18.9625        -1.43746        0.104788        
2.28632        18.9635        -1.43759        0.103712        
2.27195        18.9645        -1.43772        0.102636        
2.25757        18.9656        -1.43785        0.10156        
2.24319        18.9666        -1.43797        0.100484        
2.22881        18.9676        -1.4381        0.099407        
2.21443        18.9686        -1.43823        0.0983302        
2.20004        18.9695        -1.43835        0.0972533        
2.18566        18.9705        -1.43848        0.0961762        
2.17127        18.9715        -1.4386        0.0950989        
2.15689        18.9724        -1.43872        0.0940215        
2.1425        18.9733        -1.43885        0.0929439        
2.12811        18.9743        -1.43897        0.0918661        
2.11372        18.9752        -1.43909        0.0907881        
2.09933        18.9761        -1.43921        0.08971        
2.08494        18.977        -1.43932        0.0886317        
2.07054        18.9779        -1.43944        0.0875533        
2.05615        18.9787        -1.43956        0.0864746        
2.04175        18.9796        -1.43968        0.0853958        
2.02735        18.9804        -1.43979        0.0843169        
2.01296        18.9813        -1.43991        0.0832377        
1.99856        18.9821        -1.44002        0.0821585        
1.98416        18.9829        -1.44013        0.081079        
1.96975        18.9837        -1.44025        0.0799994        
1.95535        18.9845        -1.44036        0.0789196        
1.94095        18.9853        -1.44047        0.0778396        
1.92654        18.9861        -1.44058        0.0767595        
1.91214        18.9868        -1.44069        0.0756793        
1.89773        18.9876        -1.44079        0.0745988        
1.88332        18.9883        -1.4409        0.0735182        
1.86891        18.9891        -1.44101        0.0724375        
1.8545        18.9898        -1.44111        0.0713566        
1.84009        18.9905        -1.44122        0.0702755        
1.82567        18.9912        -1.44132        0.0691942        
1.81126        18.9919        -1.44143        0.0681129        
1.79685        18.9925        -1.44153        0.0670313        
1.78243        18.9932        -1.44163        0.0659496        
1.76801        18.9939        -1.44173        0.0648678        
1.7536        18.9945        -1.44183        0.0637857        
1.73918        18.9951        -1.44193        0.0627036        
1.72476        18.9958        -1.44203        0.0616213        
1.71034        18.9964        -1.44213        0.0605388        
1.69591        18.997        -1.44223        0.0594562        
1.68149        18.9976        -1.44232        0.0583734        
1.66707        18.9981        -1.44242        0.0572904        
1.65264        18.9987        -1.44251        0.0562074        
1.63822        18.9993        -1.44261        0.0551241        
1.62379        18.9998        -1.4427        0.0540407        
1.60936        19.0003        -1.44279        0.0529572        
1.59494        19.0009        -1.44288        0.0518735        
1.58051        19.0014        -1.44297        0.0507897        
1.56608        19.0019        -1.44306        0.0497057        
1.55164        19.0024        -1.44315        0.0486216        
1.53721        19.0029        -1.44324        0.0475373        
1.52278        19.0033        -1.44333        0.0464529        
1.50835        19.0038        -1.44341        0.0453684        
1.49391        19.0042        -1.4435        0.0442837        
1.47948        19.0047        -1.44358        0.0431988        
1.46504        19.0051        -1.44367        0.0421138        
1.4506        19.0055        -1.44375        0.0410287        
1.43617        19.0059        -1.44383        0.0399434        
1.42173        19.0063        -1.44391        0.038858        
1.40729        19.0067        -1.44399        0.0377724        
1.39285        19.0071        -1.44407        0.0366868        
1.37841        19.0074        -1.44415        0.0356009        
1.36396        19.0078        -1.44423        0.0345149        
1.34952        19.0081        -1.44431        0.0334288        
1.33508        19.0084        -1.44438        0.0323426        
1.32063        19.0088        -1.44446        0.0312562        
1.30619        19.0091        -1.44454        0.0301697        
1.29174        19.0094        -1.44461        0.029083        
1.2773        19.0096        -1.44468        0.0279962        
1.26285        19.0099        -1.44476        0.0269093        
1.2484        19.0102        -1.44483        0.0258222        
1.23395        19.0104        -1.4449        0.024735        
1.2195        19.0107        -1.44497        0.0236477        
1.20505        19.0109        -1.44504        0.0225602        
1.1906        19.0111        -1.44511        0.0214726        
1.17615        19.0113        -1.44517        0.0203849        
1.1617        19.0115        -1.44524        0.0192971        
1.14725        19.0117        -1.44531        0.0182091        
1.13279        19.0119        -1.44537        0.017121        
1.11834        19.0121        -1.44544        0.0160327        
1.10388        19.0122        -1.4455        0.0149444        
1.08943        19.0124        -1.44556        0.0138559        
1.07497        19.0125        -1.44562        0.0127672        
1.06052        19.0126        -1.44568        0.0116785        
1.04606        19.0127        -1.44574        0.0105896        
1.0316        19.0128        -1.4458        0.00950063        
1.01714        19.0129        -1.44586        0.00841151        
1.00268        19.013        -1.44592        0.00732226        
0.988224        19.0131        -1.44598        0.00623289        
0.973764        19.0131        -1.44603        0.00514341        
0.959304        19.0132        -1.44609        0.00405379        
0.944843        19.0132        -1.44614        0.00296406        
0.930381        19.0132        -1.4462        0.00187421        
0.915919        19.0132        -1.44625        0.000784237        
0.901456        19.0133        -1.4463        -0.000305854        
0.886993        19.0132        -1.44635        -0.00139606        
0.872529        19.0132        -1.4464        -0.00248639        
0.858065        19.0132        -1.44645        -0.00357684        
0.8436        19.0132        -1.4465        -0.0046674        
0.829135        19.0131        -1.44655        -0.00575807        
0.814669        19.013        -1.4466        -0.00684887        
0.800203        19.013        -1.44664        -0.00793977        
0.785736        19.0129        -1.44669        -0.0090308        
0.771269        19.0128        -1.44673        -0.0101219        
0.756801        19.0127        -1.44678        -0.0112132        
0.742333        19.0126        -1.44682        -0.0123045        
0.727865        19.0124        -1.44686        -0.013396        
0.713396        19.0123        -1.4469        -0.0144876        
0.698927        19.0121        -1.44694        -0.0155793        
0.684457        19.012        -1.44698        -0.0166711        
0.669987        19.0118        -1.44702        -0.017763        
0.655517        19.0116        -1.44706        -0.018855        
0.641046        19.0114        -1.4471        -0.0199471        
0.626575        19.0112        -1.44713        -0.0210394        
0.612103        19.011        -1.44717        -0.0221317        
0.597631        19.0108        -1.4472        -0.0232242        
0.583159        19.0105        -1.44724        -0.0243167        
0.568687        19.0103        -1.44727        -0.0254094        
0.554214        19.01        -1.4473        -0.0265021        
0.539741        19.0098        -1.44733        -0.027595        
0.525267        19.0095        -1.44736        -0.028688        
0.510793        19.0092        -1.44739        -0.029781        
