Velocity-Verlet algorithm (2D)
venus (x, y, vx, vy)
Timestep: 6 years

-0.704996        0.131291        -1.33197        -7.30499        
-0.714548        0.0575724        -0.573905        -7.39941        
-0.716474        -0.0166972        0.18907        -7.415        
-0.710767        -0.0907277        0.94871        -7.35185        
-0.6975        -0.163734        1.69686        -7.21091        
-0.676829        -0.234946        2.42556        -6.994        
-0.648989        -0.303614        3.12712        -6.70374        
-0.614287        -0.369021        3.79419        -6.34353        
-0.573105        -0.430485        4.41989        -5.91749        
-0.525889        -0.487371        4.99782        -5.43039        
-0.473148        -0.539093        5.52214        -4.88763        
-0.415446        -0.585123        5.98763        -4.29511        
-0.353396        -0.624995        6.38973        -3.65922        
-0.287652        -0.658308        6.72456        -2.98673        
-0.218905        -0.684729        6.98899        -2.2847        
-0.147872        -0.704002        7.18058        -1.56045        
-0.075293        -0.715939        7.29768        -0.821462        
-0.00191857        -0.720431        7.33936        -0.0752986        
0.0714943        -0.717444        7.30547        0.670458        
0.144191        -0.707022        7.19656        1.40828        
0.215425        -0.689279        7.01394        2.13075        
0.284469        -0.664407        6.75961        2.83066        
0.350618        -0.632666        6.43625        3.50102        
0.413195        -0.594386        6.04721        4.13516        
0.471562        -0.549963        5.59644        4.72678        
0.525123        -0.499851        5.08847        5.26999        
0.573331        -0.444563        4.52839        5.75935        
0.615691        -0.384664        3.92178        6.18996        
0.651767        -0.320764        3.27467        6.55745        
0.681185        -0.253514        2.5935        6.85806        
0.703637        -0.183602        1.88503        7.08865        
0.718885        -0.111741        1.15635        7.24675        
0.726764        -0.0386673        0.414753        7.33058        
0.72718        0.0348703        -0.332299        7.33907        
0.720118        0.108114        -1.07724        7.27189        
0.705636        0.180308        -1.81246        7.12945        
0.683869        0.250703        -2.53041        6.91291        
0.655027        0.318566        -3.22364        6.6242        
0.619396        0.383187        -3.88489        6.26597        
0.57733        0.443886        -4.50717        5.84164        
0.529253        0.50002        -5.08381        5.35532        
0.475653        0.550992        -5.60858        4.81181        
0.417081        0.596256        -6.07572        4.21656        
0.354139        0.635323        -6.48003        3.57561        
0.28748        0.667768        -6.81694        2.89556        
0.2178        0.693235        -7.08257        2.18348        
0.145829        0.711438        -7.27378        1.44684        
0.0723246        0.722171        -7.38823        0.69347        
-0.0019356        0.725307        -7.4244        -0.0685828        
-0.0761633        0.7208        -7.38163        -0.831106        
-0.149568        0.708685        -7.26015        -1.58583        
-0.221366        0.689083        -7.06108        -2.32454        
-0.29079        0.662194        -6.78641        -3.03914        
-0.357094        0.6283        -6.439        -3.72179        
-0.41957        0.587759        -6.02256        -4.36499        
-0.477546        0.541        -5.54157        -4.96167        
-0.530401        0.488525        -5.00129        -5.50529        
-0.577571        0.430895        -4.40763        -5.9899        
-0.618554        0.368727        -3.76711        -6.41024        
-0.652914        0.30269        -3.08677        -6.76178        
-0.680289        0.233491        -2.3741        -7.04081        
-0.700396        0.161874        -1.63692        -7.24441        
-0.713027        0.0886032        -0.883287        -7.37058        
-0.718061        0.0144623        -0.121418        -7.41814        
-0.715456        -0.0597596        0.640441        -7.38685        
-0.705252        -0.133275        1.39409        -7.27731        
-0.687574        -0.205306        2.13149        -7.091        
-0.662623        -0.275095        2.84483        -6.8302        
-0.630677        -0.34191        3.52662        -6.49802        
-0.59209        -0.405055        4.1698        -6.09828        
-0.547281        -0.463876        4.76776        -5.6355        
-0.496735        -0.517765        5.31443        -5.11482        
-0.440993        -0.566172        5.80435        -4.54195        
-0.380648        -0.608604        6.23269        -3.92307        
-0.316339        -0.644634        6.59529        -3.2648        
-0.248742        -0.6739        6.8887        -2.57408        
-0.178565        -0.696115        7.11021        -1.85815        
-0.106538        -0.711063        7.25784        -1.1244        
-0.0334082        -0.718603        7.33037        -0.380376        
0.0400693        -0.718671        7.32732        0.366347        
0.113138        -0.711276        7.24896        1.10821        
0.185048        -0.696506        7.09628        1.83776        
0.255064        -0.674521        6.87101        2.54768        
0.322469        -0.645553        6.57553        3.2309        
0.386575        -0.609903        6.21293        3.8806        
0.446727        -0.567941        5.7869        4.49034        
0.502312        -0.520096        5.30174        5.05402        
0.552762        -0.46686        4.76232        5.56604        
0.597559        -0.408776        4.17401        6.02125        
0.636242        -0.346435        3.54267        6.41507        
0.668412        -0.280474        2.87457        6.74346        
0.693734        -0.211566        2.17635        7.00303        
0.711939        -0.140414        1.45498        7.19102        
0.722833        -0.0677454        0.717665        7.30537        
0.726293        0.00569376        -0.0281759        7.34471        
0.72227        0.0791488        -0.775006        7.3084        
0.710792        0.151862        -1.51523        7.19654        
0.691965        0.223079        -2.24124        7.00998        
0.665968        0.292061        -2.94555        6.75035        
0.633054        0.358086        -3.6208        6.42        
0.593552        0.420461        -4.25987        6.02205        
0.547857        0.478528        -4.85595        5.56032        
0.496432        0.531668        -5.40262        5.03936        
0.439804        0.579315        -5.89392        4.46434        
0.378554        0.620955        -6.32439        3.84109        
0.313316        0.656137        -6.68923        3.176        
0.24477        0.684475        -6.98424        2.47595        
0.173631        0.705656        -7.206        1.74828        
0.10065        0.71944        -7.35183        1.00067        
0.0265948        0.725669        -7.41988        0.241102        
-0.047748        0.724262        -7.40914        -0.522261        
-0.121588        0.715224        -7.31948        -1.28116        
-0.194138        0.698639        -7.15168        -2.02735        
-0.264622        0.674677        -6.90737        -2.75267        
-0.332285        0.643586        -6.58907        -3.44917        
-0.396403        0.605693        -6.20015        -4.1092        
-0.456288        0.561402        -5.7448        -4.72552        
-0.511299        0.511183        -5.22796        -5.29135        
-0.560847        0.455575        -4.65528        -5.80051        
-0.604404        0.395173        -4.03305        -6.24747        
-0.641508        0.330625        -3.36812        -6.62738        
-0.671767        0.262625        -2.6678        -6.93622        
-0.694864        0.191901        -1.93976        -7.17073        
-0.710562        0.11921        -1.192        -7.32855        
-0.718704        0.0453299        -0.432661        -7.40817        
-0.719215        -0.0289531        0.33002        -7.40897        
-0.712104        -0.10285        1.08782        -7.33121        
-0.697459        -0.175577        1.83262        -7.176        
-0.675451        -0.24637        2.55653        -6.94532        
-0.646328        -0.314484        3.25191        -6.64194        
-0.610413        -0.379208        3.91154        -6.26937        
-0.568098        -0.439871        4.5286        -5.83187        
-0.519841        -0.495846        5.09683        -5.33432        
-0.466161        -0.546558        5.61048        -4.7822        
-0.407631        -0.59149        6.06449        -4.18149        
-0.344871        -0.630188        6.4544        -3.53865        
-0.278543        -0.662263        6.77648        -2.86048        
-0.209342        -0.687397        7.0277        -2.15409        
-0.137989        -0.705345        7.20579        -1.42683        
-0.065226        -0.715934        7.30921        -0.686185        
0.00819514        -0.719068        7.33717        0.0602877        
0.0815175        -0.714728        7.28963        0.805013        
0.153988        -0.702968        7.16728        1.54048        
0.224863        -0.683918        6.97154        2.25932        
0.293419        -0.657782        6.70453        2.95434        
0.358954        -0.624832        6.36904        3.61862        
0.420799        -0.585409        5.96851        4.24554        
0.478324        -0.539921        5.507        4.82886        
0.530939        -0.488832        4.98915        5.36277        
0.578107        -0.432665        4.42012        5.84191        
0.619342        -0.371994        3.80559        6.26145        
0.654218        -0.307436        3.15165        6.61714        
0.682375        -0.239651        2.46481        6.9053        
0.703515        -0.16933        1.75191        7.12292        
0.717413        -0.0971928        1.02007        7.26762        
0.723916        -0.0239779        0.27664        7.33775        
0.722946        0.0495622        -0.470882        7.33237        
0.714498        0.12267        -1.21491        7.25128        
0.698647        0.194588        -1.94782        7.09502        
0.675542        0.26457        -2.66208        6.86489        
0.645406        0.331886        -3.35023        6.56296        
0.608537        0.395829        -4.00506        6.19203        
0.565305        0.455726        -4.61962        5.75565        
0.516145        0.510942        -5.1873        5.25808        
0.461559        0.560888        -5.70193        4.70424        
0.402106        0.605027        -6.15787        4.09972        
0.338401        0.642882        -6.55001        3.45067        
0.271106        0.67404        -6.87392        2.76381        
0.200923        0.698158        -7.12584        2.04628        
0.128589        0.714966        -7.30278        1.30567        
0.0548674        0.724272        -7.40256        0.549846        
-0.0194619        0.725963        -7.42382        -0.213092        
-0.0936091        0.72001        -7.3661        -0.974906        
-0.166784        0.706465        -7.22979        -1.72732        
-0.238205        0.685463        -7.01619        -2.46214        
-0.307108        0.657222        -6.72747        -3.1713        
-0.372754        0.622038        -6.36666        -3.84702        
-0.434441        0.580282        -5.93764        -4.4819        
-0.491507        0.5324        -5.44505        -5.06894        
-0.543342        0.478903        -4.89427        -5.60174        
-0.589392        0.420365        -4.29134        -6.07447        
-0.629169        0.357413        -3.64289        -6.48204        
-0.66225        0.290724        -2.95606        -6.82006        
-0.68829        0.221012        -2.2384        -7.08499        
-0.707018        0.149024        -1.49776        -7.27409        
-0.718245        0.0755303        -0.742253        -7.38552        
-0.721863        0.00131389        0.0199264        -7.41831        
-0.717847        -0.0728358        0.780539        -7.37235        
-0.706252        -0.146133        1.53142        -7.24842        
-0.687218        -0.217804        2.26459        -7.04816        
-0.660961        -0.287096        2.97229        -6.77402        
-0.627772        -0.353285        3.64715        -6.4292        
-0.588018        -0.41568        4.28216        -6.01768        
-0.542129        -0.473638        4.87085        -5.54408        
-0.490601        -0.526562        5.40726        -5.01364        
-0.433984        -0.573911        5.88605        -4.43214        
-0.37288        -0.615205        6.30251        -3.80585        
-0.307934        -0.650028        6.65261        -3.14142        
-0.239827        -0.678033        6.93304        -2.44584        
-0.169273        -0.698945        7.14121        -1.72638        
-0.0970032        -0.712561        7.27529        -0.990441        
-0.0237671        -0.718754        7.33416        -0.245574        
0.04968        -0.717472        7.31749        0.500655        
0.122583        -0.708741        7.22566        1.24071        
0.194193        -0.692658        7.05979        1.96715        
0.263779        -0.669398        6.82171        2.67271        
0.330627        -0.639204        6.51393        3.35035        
0.394057        -0.602391        6.13962        3.99333        
0.45342        -0.559337        5.7026        4.59524        
0.508109        -0.510486        5.20725        5.15007        
0.557565        -0.456336        4.65853        5.65229        
0.60128        -0.39744        4.0619        6.09683        
0.638803        -0.334399        3.42329        6.47919        
0.669745        -0.267856        2.74905        6.79545        
0.693784        -0.19849        2.04589        7.04231        
0.710663        -0.12701        1.32083        7.21713        
0.7202        -0.0541477        0.581119        7.31795        
0.722286        0.019349        -0.16578        7.34353        
0.716885        0.092723        -0.912305        7.29336        
0.704039        0.165216        -1.65084        7.16767        
0.683868        0.236076        -2.37379        6.96746        
0.656564        0.304565        -3.07365        6.69448        
0.622395        0.369966        -3.7431        6.35122        
0.581702        0.43159        -4.37505        5.94095        
0.534894        0.488785        -4.96275        5.46763        
0.482447        0.540942        -5.49984        4.93592        
0.424897        0.587503        -5.98044        4.35116        
0.362838        0.627966        -6.3992        3.71928        
0.296913        0.661889        -6.75142        3.04677        
0.227809        0.688901        -7.03305        2.34064        
0.156252        0.708702        -7.24078        1.6083        
0.0829937        0.721067        -7.37211        0.857519        
0.00880972        0.725852        -7.42533        0.0963251        
-0.0655128        0.722994        -7.39962        -0.667081        
-0.139183        0.712511        -7.29503        -1.42442        
-0.211413        0.694505        -7.11249        -2.16745        
-0.281432        0.669162        -6.85383        -2.88804        
-0.34849        0.636744        -6.52175        -3.57829        
-0.411867        0.597596        -6.11979        -4.23061        
-0.470886        0.552132        -5.65229        -4.83784        
-0.524913        0.500839        -5.12435        -5.39333        
-0.573373        0.444266        -4.54176        -5.89103        
-0.615748        0.383018        -3.91092        -6.32552        
-0.651591        0.317755        -3.23877        -6.69214        
-0.680524        0.249176        -2.53271        -6.987        
-0.702245        0.178015        -1.80049        -7.20705        
-0.716534        0.105035        -1.05012        -7.35009        
-0.723248        0.0310134        -0.289767        -7.41478        
-0.722329        -0.0432609        0.472335        -7.40069        
-0.713801        -0.117        1.22799        -7.30825        
-0.697769        -0.189426        1.96913        -7.13875        
-0.674418        -0.259775        2.68791        -6.8943        
-0.644011        -0.327312        3.3768        -6.57782        
-0.606882        -0.391332        4.02864        -6.19299        
-0.563438        -0.451172        4.63675        -5.74415        
-0.514147        -0.506215        5.19495        -5.2363        
-0.459539        -0.555898        5.69766        -4.67502        
-0.400194        -0.599715        6.1399        -4.06636        
-0.336741        -0.637225        6.51738        -3.41683        
-0.269847        -0.668052        6.82649        -2.73329        
-0.200211        -0.691891        7.06436        -2.02288        
-0.12856        -0.708509        7.22883        -1.29296        
-0.0556347        -0.71775        7.3185        -0.551019        
0.0178103        -0.71953        7.33271        0.195386        
0.0910195        -0.713842        7.27156        0.938701        
0.163241        -0.700756        7.13585        1.67145        
0.233736        -0.680413        6.92712        2.38629        
0.301784        -0.65303        6.6476        3.07609        
0.366689        -0.618891        6.30019        3.73397        
0.427788        -0.57835        5.88844        4.35339        
0.484457        -0.531823        5.41649        4.92818        
0.536118        -0.479787        4.88908        5.45258        
0.582239        -0.422772        4.31144        5.92134        
0.622346        -0.36136        3.68933        6.32971        
0.656025        -0.296178        3.02891        6.67353        
0.682925        -0.227889        2.33676        6.94923        
0.702761        -0.157193        1.61977        7.15389        
0.71532        -0.0848116        0.885113        7.28526        
0.720463        -0.0114877        0.140169        7.3418        
0.718123        0.0620244        -0.607532        7.32269        
0.708312        0.134966        -1.35038        7.22785        
0.691116        0.206581        -2.08076        7.05796        
0.666697        0.276125        -2.79111        6.81445        
0.635294        0.34287        -3.47402        6.49953        
0.597217        0.406116        -4.1223        6.11613        
0.552848        0.465193        -4.72902        5.66793        
0.502636        0.519474        -5.28766        5.15933        
0.447094        0.56838        -5.79213        4.59539        
0.386794        0.611382        -6.23684        3.9818        
0.322358        0.648016        -6.61681        3.32486        
0.254457        0.677879        -6.92772        2.63136        
0.183803        0.700643        -7.16594        1.90857        
0.111139        0.716051        -7.32864        1.16414        
0.0372306        0.723926        -7.41378        0.405999        
-0.037137        0.724171        -7.42018        -0.357692        
-0.111173        0.716772        -7.34753        -1.11867        
-0.184088        0.701797        -7.19642        -1.86866        
-0.255102        0.679398        -6.96832        -2.59946        
-0.323454        0.649808        -6.66557        -3.30307        
-0.388413        0.613337        -6.29139        -3.97175        
-0.449282        0.570373        -5.8498        -4.59816        
-0.505409        0.521374        -5.34563        -5.17544        
-0.556194        0.466864        -4.78437        -5.69726        
-0.601096        0.407429        -4.17222        -6.15797        
-0.639639        0.343705        -3.51591        -6.55258        
-0.671415        0.276377        -2.82266        -6.87691        
-0.696092        0.206167        -2.10009        -7.12755        
-0.713416        0.133826        -1.35613        -7.30196        
-0.723214        0.0601274        -0.598877        -7.39848        
-0.725394        -0.0141436        0.163436        -7.41629        
-0.719946        -0.0881983        0.922595        -7.35549        
-0.706942        -0.161253        1.67048        -7.21702        
-0.686536        -0.232539        2.39914        -7.00269        
-0.658959        -0.301307        3.10092        -6.71508        
-0.624518        -0.36684        3.76852        -6.35757        
-0.583589        -0.428458        4.39505        -5.93424        
-0.536617        -0.485525        4.97412        -5.44983        
-0.484106        -0.537455        5.49992        -4.90968        
-0.426618        -0.583719        5.96723        -4.31966        
-0.364762        -0.623848        6.37147        -3.6861        
-0.299189        -0.657441        6.70876        -3.01571        
-0.230586        -0.684162        6.97592        -2.31552        
-0.15967        -0.703751        7.17051        -1.5928        
-0.0871763        -0.716018        7.29081        -0.854988        
-0.0138541        -0.720851        7.33586        -0.109619        
0.0595409        -0.718211        7.30544        0.635752        
0.132255        -0.708136        7.20007        1.37361        
0.203542        -0.690739        7.02099        2.09656        
0.272674        -0.666205        6.77013        2.79738        
0.338945        -0.634791        6.45013        3.46908        
0.401677        -0.596823        6.06425        4.10497        
0.46023        -0.552692        5.61641        4.69871        
0.514005        -0.502849        5.11109        5.24439        
0.562452        -0.447804        4.55332        5.73652        
0.605072        -0.388118        3.94866        6.17015        
0.641425        -0.324401        3.3031        6.54087        
0.671134        -0.257301        2.62306        6.84484        
0.693886        -0.187504        1.9153        7.07887        
0.70944        -0.115724        1.18689        7.24044        
0.717624        -0.0426952        0.445144        7.32771        
0.718343        0.0308305        -0.302464        7.33954        
0.711575        0.104096        -1.04834        7.27556        
0.697376        0.176342        -1.78486        7.13613        
0.675877        0.246818        -2.50443        6.92238        
0.647287        0.314789        -3.19955        6.63619        
0.611887        0.379542        -3.86292        6.2802        
0.570029        0.440393        -4.48751        5.85781        
0.522136        0.496698        -5.0666        5.37311        
0.468697        0.547856        -5.59391        4.8309        
0.410258        0.593316        -6.06364        4.23664        
0.347424        0.632588        -6.47055        3.59638        
0.280847        0.665244        -6.81005        2.91673        
0.211223        0.690923        -7.0782        2.2048        
0.139283        0.70934        -7.27186        1.46807        
0.0657859        0.720284        -7.38866        0.714393        
-0.00849003        0.723628        -7.42706        -0.0481509        
-0.0827553        0.719321        -7.38641        -0.811327        
-0.156218        0.707401        -7.26694        -1.56684        
-0.228094        0.687985        -7.06976        -2.30646        
-0.297613        0.661272        -6.79687        -3.02207        
-0.364032        0.627543        -6.45115        -3.70583        
-0.426636        0.587155        -6.0363        -4.35022        
-0.484757        0.540539        -5.55682        -4.94818        
-0.537773        0.488192        -5.01798        -5.49316        
-0.585117        0.430675        -4.42567        -5.97922        
-0.626286        0.368607        -3.78643        -6.40112        
-0.660846        0.302653        -3.10729        -6.75433        
-0.688432        0.233521        -2.39574        -7.03513        
-0.70876        0.16195        -1.65956        -7.24065        
-0.721623        0.0887075        -0.90682        -7.36886        
-0.726897        0.0145731        -0.14569        -7.41861        
-0.724537        -0.0596647        0.615603        -7.38963        
-0.714585        -0.13322        1.36889        -7.28253        
-0.697159        -0.205315        2.10615        -7.09877        
-0.672462        -0.275195        2.81961        -6.84061        
-0.640767        -0.342128        3.50181        -6.51112        
-0.602426        -0.405417        4.14569        -6.1141        
-0.557853        -0.46441        4.74468        -5.65403        
-0.507532        -0.518498        5.29271        -5.13601        
-0.451999        -0.56713        5.78433        -4.56569        
-0.391845        -0.609812        6.21469        -3.94921        
-0.327705        -0.646114        6.57963        -3.29313        
-0.260253        -0.675674        6.87568        -2.60436        
-0.190192        -0.698201        7.1001        -1.89007        
-0.118251        -0.713476        7.25087        -1.15764        
-0.0451743        -0.721354        7.32672        -0.414556        
0.0282837        -0.721767        7.32713        0.33163        
0.101368        -0.714721        7.2523        1.07338        
0.17333        -0.700299        7.10318        1.80325        
0.243432        -0.678656        6.88142        2.51394        
0.310958        -0.650021        6.58936        3.19835        
0.375219        -0.614689        6.23001        3.84966        
0.435558        -0.573027        5.80701        4.4614        
0.491359        -0.525462        5.32462        5.02745        
0.542051        -0.472478        4.78765        5.54215        
0.587112        -0.414619        4.20142        6.00031        
0.626079        -0.352472        3.57178        6.3973        
0.658548        -0.286673        2.90496        6.72902        
0.684179        -0.217892        2.2076        6.99203        
0.7027        -0.146832        1.48664        7.1835        
0.713911        -0.0742216        0.74932        7.30131        
0.717686        -0.000805879        0.00305104        7.34403        
0.713972        0.072659        -0.744604        7.31098        
0.702794        0.145414        -1.48602        7.2022        
0.684252        0.216703        -2.21356        7.01852        
0.658523        0.285784        -2.91969        6.76149        
0.625858        0.351933        -3.597        6.43348        
0.586583        0.414454        -4.23834        6.03755        
0.541091        0.472684        -4.83684        5.57754        
0.489846        0.526004        -5.38603        5.05796        
0.433371        0.573843        -5.8799        4.48402        
0.372248        0.615685        -6.31298        3.86155        
0.307111        0.651074        -6.68038        3.19693        
0.23864        0.679623        -6.97792        2.49709        
0.167553        0.701016        -7.20212        1.76938        
0.0945979        0.715011        -7.35028        1.02152        
0.0205472        0.721446        -7.42055        0.261518        
-0.0538131        0.720241        -7.41192        -0.502448        
-0.127691        0.711398        -7.32425        -1.26209        
-0.200298        0.695        -7.15831        -2.00913        
-0.270857        0.671215        -6.91575        -2.7354        
-0.338613        0.640292        -6.5991        -3.43294        
-0.402839        0.602556        -6.21175        -4.09409        
-0.462848        0.55841        -5.75789        -4.71159        
-0.517997        0.508324        -5.24246        -5.27869        
-0.567697        0.452836        -4.67114        -5.7892        
-0.61142        0.39254        -4.0502        -6.2376        
-0.648701        0.328084        -3.3865        -6.61906        
-0.67915        0.260159        -2.68733        -6.92955        
-0.702448        0.189493        -1.96036        -7.16585        
-0.718357        0.116842        -1.21357        -7.32559        
-0.726719        0.0429811        -0.455064        -7.40728        
-0.727458        -0.0313036        0.306929        -7.41028        
-0.720581        -0.105225        1.06422        -7.33486        
-0.706174        -0.178001        1.80873        -7.18213        
-0.684406        -0.248867        2.53258        -6.95403        
-0.655522        -0.317081        3.22819        -6.65331        
-0.619842        -0.381933        3.88833        -6.28346        
-0.577756        -0.442751        4.50623        -5.84869        
-0.529718        -0.498907        5.07562        -5.35384        
-0.476243        -0.549827        5.59078        -4.80435        
-0.417902        -0.594994        6.04664        -4.20615        
-0.355311        -0.63395        6.43873        -3.56563        
-0.289127        -0.666307        6.76332        -2.88956        
-0.220044        -0.691742        7.01734        -2.185        
-0.148781        -0.710007        7.19848        -1.45924        
-0.0760747        -0.720926        7.30517        -0.719727        
-0.00267729        -0.724401        7.33656        0.0260045        
0.0706565        -0.720406        7.29256        0.770412        
0.143174        -0.708993        7.17381        1.50601        
0.214133        -0.690286        6.98166        2.22542        
0.282807        -0.664485        6.71816        2.92146        
0.348496        -0.631857        6.38604        3.58719        
0.410528        -0.592741        5.98869        4.21599        
0.46827        -0.547537        5.53011        4.80157        
0.52113        -0.496709        5.01488        5.33808        
0.568567        -0.440776        4.44812        5.82012        
0.610093        -0.380307        3.83547        6.24281        
0.645277        -0.315919        3.18299        6.60184        
0.673752        -0.24827        2.49719        6.89346        
0.69522        -0.17805        1.78488        7.1146        
0.70945        -0.105978        1.05319        7.26284        
0.716284        -0.0327935        0.309474        7.33644        
0.715639        0.0407507        -0.438742        7.33442        
0.707509        0.113895        -1.18384        7.25652        
0.691963        0.185881        -1.91819        7.10323        
0.669145        0.25596        -2.63417        6.87584        
0.639279        0.323398        -3.32433        6.57635        
0.602659        0.387487        -3.98137        6.20756        
0.559652        0.447549        -4.5983        5.77301        
0.510693        0.502947        -5.16848        5.27693        
0.456282        0.553088        -5.68568        4.72427        
0.396979        0.597432        -6.14421        4.12061        
0.333398        0.6355        -6.53893        3.47214        
0.266201        0.666875        -6.86536        2.78557        
0.196091        0.691211        -7.11974        2.06809        
0.123806        0.708237        -7.29905        1.32731        
0.0501098        0.717757        -7.40108        0.571114        
-0.0242157        0.719659        -7.42449        -0.192359        
-0.0983799        0.71391        -7.36879        -0.954848        
-0.171591        0.700562        -7.23438        -1.70806        
-0.243068        0.679749        -7.02258        -2.44377        
-0.312043        0.651687        -6.73556        -3.15391        
-0.377779        0.616671        -6.37636        -3.8307        
-0.43957        0.575073        -5.94887        -4.46671        
-0.496756        0.527337        -5.45775        -5.05498        
-0.548725        0.473973        -4.90837        -5.58907        
-0.594924        0.415555        -4.30678        -6.0632        
-0.634861        0.352709        -3.65962        -6.47226        
-0.668116        0.28611        -2.974        -6.8119        
-0.694341        0.216471        -2.25747        -7.07857        
-0.713265        0.144539        -1.51787        -7.26955        
-0.724698        0.0710803        -0.763274        -7.38301        
-0.728531        -0.00312149        -0.00186455        -7.41796        
-0.724736        -0.0772789        0.758152        -7.37431        
-0.713368        -0.150608        1.50865        -7.25283        
-0.694563        -0.222335        2.24165        -7.05513        
-0.668535        -0.29171        2.94947        -6.78364        
-0.635573        -0.358008        3.62472        -6.44154        
-0.59604        -0.420541        4.26045        -6.03277        
-0.550364        -0.478664        4.85018        -5.5619        
-0.499037        -0.531779        5.38798        -5.03413        
-0.442605        -0.579346        5.8685        -4.4552        
-0.381667        -0.620883        6.28702        -3.83131        
-0.316864        -0.655972        6.63951        -3.16907        
-0.248876        -0.684265        6.92264        -2.47543        
-0.178412        -0.705481        7.13377        -1.75758        
-0.106201        -0.719416        7.27104        -1.02292        
-0.0329907        -0.725939        7.3333        -0.278945        
0.040465        -0.724995        7.32013        0.466811        
0.113412        -0.716603        7.23189        1.20683        
0.185103        -0.700859        7.06962        1.93368        
0.254804        -0.67793        6.83508        2.6401        
0.321804        -0.648057        6.53073        3.31905        
0.385419        -0.611549        6.15969        3.96375        
0.444998        -0.568782        5.72569        4.56778        
0.499933        -0.520193        5.23308        5.12511        
0.54966        -0.466279        4.68677        5.63013        
0.593668        -0.407591        4.09217        6.07774        
0.631503        -0.344725        3.45519        6.46338        
0.662772        -0.278323        2.78216        6.78308        
0.687146        -0.209063        2.07976        7.03346        
0.704367        -0.137654        1.35501        7.21183        
0.714247        -0.0648264        0.615183        7.31617        
0.716671        0.00866981        -0.132256        7.34517        
0.711601        0.0820771        -0.879714        7.29828        
0.699077        0.154635        -1.61954        7.17567        
0.679211        0.225591        -2.34411        6.9783        
0.652194        0.294201        -3.04587        6.70789        
0.618293        0.359748        -3.71746        6.36691        
0.577845        0.42154        -4.35172        5.9586        
0.531259        0.47892        -4.94187        5.48692        
0.479008        0.531278        -5.4815        4.95653        
0.421629        0.578051        -5.96468        4.37277        
0.359714        0.618734        -6.38603        3.74159        
0.293908        0.652883        -6.74079        3.06951        
0.224898        0.680124        -7.02491        2.36354        
0.15341        0.700154        -7.23504        1.63114        
0.0801974        0.712747        -7.36867        0.880091        
0.00603652        0.717756        -7.42408        0.118455        
-0.0682843        0.715116        -7.40045        -0.645543        
-0.141973        0.704845        -7.29783        -1.40361        
-0.214241        0.687044        -7.11715        -2.14746        
-0.284316        0.661895        -6.86026        -2.86897        
-0.351446        0.629664        -6.52986        -3.56022        
-0.414913        0.590691        -6.1295        -4.21363        
-0.474036        0.545391        -5.66353        -4.82204        
-0.528183        0.49425        -5.13706        -5.37879        
-0.576777        0.437816        -4.55588        -5.87784        
-0.619301        0.376693        -3.92639        -6.31379        
-0.655305        0.31154        -3.25553        -6.68199        
-0.684411        0.243054        -2.55067        -6.97857        
-0.706318        0.171968        -1.81956        -7.20048        
-0.720803        0.0990441        -1.07018        -7.34552        
-0.727722        0.0250581        -0.310677        -7.41236        
-0.727016        -0.0492032        0.450749        -7.40057        
-0.718707        -0.122953        1.20593        -7.31057        
-0.702898        -0.195415        1.94683        -7.14362        
-0.67977        -0.265826        2.66563        -6.90184        
-0.649585        -0.333451        3.35483        -6.5881        
-0.612674        -0.397588        4.0073        -6.20603        
-0.569439        -0.457572        4.61637        -5.75996        
-0.520346        -0.512787        5.17587        -5.25483        
-0.465921        -0.562669        5.68021        -4.69616        
-0.406742        -0.60671        6.12444        -4.08998        
-0.343433        -0.644468        6.50423        -3.44272        
-0.276658        -0.675565        6.81595        -2.7612        
-0.207114        -0.699692        7.05671        -2.05252        
-0.135523        -0.716615        7.2243        -1.32399        
-0.0626276        -0.726172        7.31729        -0.583056        
0.0108224        -0.728276        7.33496        0.162743        
0.0840717        -0.722917        7.27735        0.905881        
0.156369        -0.710159        7.14522        1.63889        
0.226976        -0.690139        6.94003        2.35444        
0.29517        -0.66307        6.66397        3.04539        
0.360255        -0.629231        6.31986        3.70485        
0.421567        -0.588973        5.91119        4.32625        
0.478479        -0.542706        5.44206        4.90337        
0.530408        -0.490905        4.91715        5.43045        
0.576822        -0.434097        4.34167        5.90217        
0.617242        -0.372862        3.72133        6.31373        
0.651249        -0.307823        3.06227        6.66091        
0.678487        -0.239644        2.37105        6.94008        
0.69867        -0.169021        1.65455        7.14826        
0.711578        -0.0966784        0.919953        7.28315        
0.717069        -0.0233581        0.174651        7.34315        
0.715071        0.0501845        -0.573808        7.32736        
0.705593        0.123189        -1.31778        7.23569        
0.688716        0.194898        -2.04963        7.06874        
0.6646        0.264564        -2.76174        6.82794        
0.633481        0.331457        -3.44666        6.51543        
0.595667        0.394873        -4.09715        6.13415        
0.551538        0.45414        -4.70625        5.68777        
0.501542        0.508628        -5.26738        5.18066        
0.44619        0.557753        -5.77439        4.6179        
0.386054        0.600986        -6.22168        4.0052        
0.321757        0.637857        -6.60422        3.34885        
0.253969        0.667963        -6.91765        2.65569        
0.183404        0.690971        -7.15834        1.93299        
