100        5.8756958e-06
100        5.8756958e-06
1        1.2767172e-05
1        1.2767172e-05
2        1.2767172e-05
2        1.2767172e-05
1        9.9370547e-06
1        9.9370547e-06
1        1.2767172e-05
1        1.2767172e-05
1        9.9370547e-06
1        9.9370547e-06
1        9.9370547e-06
1        9.9370547e-06
1        144.90768
1        144.90768
1        9.9370547e-06
1        9.9370547e-06
1        9.93705468464e-06
1        9.93705468464e-06
1        9.93705468463519e-06
1        9.93705468463519e-06
100        5.87569580351983e-06
100        5.87569580351983e-06
100        5.87569580351983e-06
100        5.87569580351983e-06
