100        -6.2715674e-05
100        -6.2715674e-05
1        -8.4133234e-08
1        -8.4133234e-08
2        -2.1042947e-08
2        -2.1042947e-08
1        -0.00010342367
1        -0.00010342367
1        -8.4133234e-08
1        -8.4133234e-08
1        -0.00010342367
1        -0.00010342367
1        -0.00010342367
1        -0.00010342367
1        -8.0782291e-15
1        -8.0782291e-15
1        -0.00010342367
1        -0.00010342367
1        -0.000103423669908
1        -0.000103423669908
1        -0.000103423669907635
1        -0.000103423669907635
100        -6.27156737552746e-05
100        -6.27156737552746e-05
100        -6.27156737552746e-05
100        -6.27156737552746e-05
