100        -5.6839978e-05
100        -5.6839978e-05
1        1.2683039e-05
1        1.2683039e-05
2        1.2746129e-05
2        1.2746129e-05
1        -9.3486615e-05
1        -9.3486615e-05
1        1.2683039e-05
1        1.2683039e-05
1        -9.3486615e-05
1        -9.3486615e-05
1        -9.3486615e-05
1        -9.3486615e-05
1        144.90768
1        144.90768
1        -9.3486615e-05
1        -9.3486615e-05
1        -9.3486615223e-05
1        -9.3486615223e-05
1        -9.34866152229995e-05
1        -9.34866152229995e-05
100        -5.68399779517548e-05
100        -5.68399779517548e-05
