Euler algorithm (2D)
earth (x, y, vx, vy)
Timestep: 1 years

5.44593        4.44593        1622.76        1622.76        
9.89185        8.89185        1622.76        1622.76        
14.3378        13.3378        1622.76        1622.76        
18.7837        17.7837        1622.76        1622.76        
23.2296        22.2296        1622.76        1622.76        
27.6755        26.6755        1622.76        1622.76        
32.1215        31.1215        1622.76        1622.76        
36.5674        35.5674        1622.76        1622.76        
41.0133        40.0133        1622.76        1622.76        
45.4592        44.4592        1622.76        1622.76        
49.9051        48.9051        1622.76        1622.76        
54.351        53.3511        1622.76        1622.76        
58.797        57.797        1622.76        1622.76        
63.2429        62.2429        1622.76        1622.76        
67.6888        66.6888        1622.76        1622.76        
72.1347        71.1347        1622.76        1622.76        
76.5806        75.5807        1622.76        1622.76        
81.0266        80.0266        1622.76        1622.76        
85.4725        84.4725        1622.76        1622.76        
89.9184        88.9184        1622.76        1622.76        
94.3643        93.3643        1622.76        1622.76        
98.8102        97.8102        1622.76        1622.76        
103.256        102.256        1622.76        1622.76        
107.702        106.702        1622.76        1622.76        
112.148        111.148        1622.76        1622.76        
116.594        115.594        1622.76        1622.76        
121.04        120.04        1622.76        1622.76        
125.486        124.486        1622.76        1622.76        
129.932        128.932        1622.76        1622.76        
134.378        133.378        1622.76        1622.76        
138.823        137.824        1622.76        1622.76        
143.269        142.269        1622.76        1622.76        
147.715        146.715        1622.76        1622.76        
152.161        151.161        1622.76        1622.76        
156.607        155.607        1622.76        1622.76        
161.053        160.053        1622.76        1622.76        
165.499        164.499        1622.76        1622.76        
169.945        168.945        1622.76        1622.76        
174.391        173.391        1622.76        1622.76        
178.837        177.837        1622.76        1622.76        
183.283        182.283        1622.76        1622.76        
187.729        186.729        1622.76        1622.76        
192.175        191.175        1622.76        1622.76        
196.62        195.62        1622.76        1622.76        
201.066        200.066        1622.76        1622.76        
205.512        204.512        1622.76        1622.76        
209.958        208.958        1622.76        1622.76        
214.404        213.404        1622.76        1622.76        
218.85        217.85        1622.76        1622.76        
223.296        222.296        1622.76        1622.76        
227.742        226.742        1622.76        1622.76        
232.188        231.188        1622.76        1622.76        
236.634        235.634        1622.76        1622.76        
241.08        240.08        1622.76        1622.76        
245.526        244.526        1622.76        1622.76        
249.971        248.972        1622.76        1622.76        
254.417        253.417        1622.76        1622.76        
258.863        257.863        1622.76        1622.76        
263.309        262.309        1622.76        1622.76        
267.755        266.755        1622.76        1622.76        
272.201        271.201        1622.76        1622.76        
276.647        275.647        1622.76        1622.76        
281.093        280.093        1622.76        1622.76        
285.539        284.539        1622.76        1622.76        
289.985        288.985        1622.76        1622.76        
294.431        293.431        1622.76        1622.76        
298.877        297.877        1622.76        1622.76        
303.322        302.323        1622.76        1622.76        
307.768        306.768        1622.76        1622.76        
312.214        311.214        1622.76        1622.76        
316.66        315.66        1622.76        1622.76        
321.106        320.106        1622.76        1622.76        
325.552        324.552        1622.76        1622.76        
329.998        328.998        1622.76        1622.76        
334.444        333.444        1622.76        1622.76        
338.89        337.89        1622.76        1622.76        
343.336        342.336        1622.76        1622.76        
347.782        346.782        1622.76        1622.76        
352.228        351.228        1622.76        1622.76        
356.673        355.674        1622.76        1622.76        
361.119        360.119        1622.76        1622.76        
365.565        364.565        1622.76        1622.76        
370.011        369.011        1622.76        1622.76        
374.457        373.457        1622.76        1622.76        
378.903        377.903        1622.76        1622.76        
383.349        382.349        1622.76        1622.76        
387.795        386.795        1622.76        1622.76        
392.241        391.241        1622.76        1622.76        
396.687        395.687        1622.76        1622.76        
401.133        400.133        1622.76        1622.76        
405.579        404.579        1622.76        1622.76        
410.025        409.025        1622.76        1622.76        
414.47        413.471        1622.76        1622.76        
418.916        417.916        1622.76        1622.76        
423.362        422.362        1622.76        1622.76        
427.808        426.808        1622.76        1622.76        
432.254        431.254        1622.76        1622.76        
436.7        435.7        1622.76        1622.76        
441.146        440.146        1622.76        1622.76        
445.592        444.592        1622.76        1622.76        
450.038        449.038        1622.76        1622.76        
454.484        453.484        1622.76        1622.76        
458.93        457.93        1622.76        1622.76        
463.376        462.376        1622.76        1622.76        
467.821        466.822        1622.76        1622.76        
472.267        471.267        1622.76        1622.76        
476.713        475.713        1622.76        1622.76        
481.159        480.159        1622.76        1622.76        
485.605        484.605        1622.76        1622.76        
490.051        489.051        1622.76        1622.76        
494.497        493.497        1622.76        1622.76        
498.943        497.943        1622.76        1622.76        
503.389        502.389        1622.76        1622.76        
507.835        506.835        1622.76        1622.76        
512.281        511.281        1622.76        1622.76        
516.727        515.727        1622.76        1622.76        
521.172        520.173        1622.76        1622.76        
525.618        524.618        1622.76        1622.76        
530.064        529.064        1622.76        1622.76        
534.51        533.51        1622.76        1622.76        
538.956        537.956        1622.76        1622.76        
543.402        542.402        1622.76        1622.76        
547.848        546.848        1622.76        1622.76        
552.294        551.294        1622.76        1622.76        
556.74        555.74        1622.76        1622.76        
561.186        560.186        1622.76        1622.76        
565.632        564.632        1622.76        1622.76        
570.078        569.078        1622.76        1622.76        
574.523        573.524        1622.76        1622.76        
578.969        577.97        1622.76        1622.76        
583.415        582.415        1622.76        1622.76        
587.861        586.861        1622.76        1622.76        
592.307        591.307        1622.76        1622.76        
596.753        595.753        1622.76        1622.76        
601.199        600.199        1622.76        1622.76        
605.645        604.645        1622.76        1622.76        
610.091        609.091        1622.76        1622.76        
614.537        613.537        1622.76        1622.76        
618.983        617.983        1622.76        1622.76        
623.429        622.429        1622.76        1622.76        
627.874        626.875        1622.76        1622.76        
632.32        631.321        1622.76        1622.76        
636.766        635.766        1622.76        1622.76        
641.212        640.212        1622.76        1622.76        
645.658        644.658        1622.76        1622.76        
650.104        649.104        1622.76        1622.76        
654.55        653.55        1622.76        1622.76        
658.996        657.996        1622.76        1622.76        
663.442        662.442        1622.76        1622.76        
667.888        666.888        1622.76        1622.76        
672.334        671.334        1622.76        1622.76        
676.78        675.78        1622.76        1622.76        
681.226        680.226        1622.76        1622.76        
685.671        684.672        1622.76        1622.76        
690.117        689.118        1622.76        1622.76        
694.563        693.563        1622.76        1622.76        
699.009        698.009        1622.76        1622.76        
703.455        702.455        1622.76        1622.76        
707.901        706.901        1622.76        1622.76        
712.347        711.347        1622.76        1622.76        
716.793        715.793        1622.76        1622.76        
721.239        720.239        1622.76        1622.76        
725.685        724.685        1622.76        1622.76        
730.131        729.131        1622.76        1622.76        
734.577        733.577        1622.76        1622.76        
739.022        738.023        1622.76        1622.76        
743.468        742.469        1622.76        1622.76        
747.914        746.914        1622.76        1622.76        
752.36        751.36        1622.76        1622.76        
756.806        755.806        1622.76        1622.76        
761.252        760.252        1622.76        1622.76        
765.698        764.698        1622.76        1622.76        
770.144        769.144        1622.76        1622.76        
774.59        773.59        1622.76        1622.76        
779.036        778.036        1622.76        1622.76        
783.482        782.482        1622.76        1622.76        
787.928        786.928        1622.76        1622.76        
792.373        791.374        1622.76        1622.76        
796.819        795.82        1622.76        1622.76        
801.265        800.265        1622.76        1622.76        
805.711        804.711        1622.76        1622.76        
810.157        809.157        1622.76        1622.76        
814.603        813.603        1622.76        1622.76        
819.049        818.049        1622.76        1622.76        
823.495        822.495        1622.76        1622.76        
827.941        826.941        1622.76        1622.76        
832.387        831.387        1622.76        1622.76        
836.833        835.833        1622.76        1622.76        
841.279        840.279        1622.76        1622.76        
845.724        844.725        1622.76        1622.76        
850.17        849.171        1622.76        1622.76        
854.616        853.617        1622.76        1622.76        
859.062        858.062        1622.76        1622.76        
863.508        862.508        1622.76        1622.76        
867.954        866.954        1622.76        1622.76        
872.4        871.4        1622.76        1622.76        
876.846        875.846        1622.76        1622.76        
881.292        880.292        1622.76        1622.76        
885.738        884.738        1622.76        1622.76        
890.184        889.184        1622.76        1622.76        
894.63        893.63        1622.76        1622.76        
899.075        898.076        1622.76        1622.76        
903.521        902.522        1622.76        1622.76        
907.967        906.968        1622.76        1622.76        
912.413        911.413        1622.76        1622.76        
916.859        915.859        1622.76        1622.76        
921.305        920.305        1622.76        1622.76        
925.751        924.751        1622.76        1622.76        
930.197        929.197        1622.76        1622.76        
934.643        933.643        1622.76        1622.76        
939.089        938.089        1622.76        1622.76        
943.535        942.535        1622.76        1622.76        
947.981        946.981        1622.76        1622.76        
952.427        951.427        1622.76        1622.76        
956.872        955.873        1622.76        1622.76        
961.318        960.319        1622.76        1622.76        
965.764        964.764        1622.76        1622.76        
970.21        969.21        1622.76        1622.76        
974.656        973.656        1622.76        1622.76        
979.102        978.102        1622.76        1622.76        
983.548        982.548        1622.76        1622.76        
987.994        986.994        1622.76        1622.76        
992.44        991.44        1622.76        1622.76        
996.886        995.886        1622.76        1622.76        
1001.33        1000.33        1622.76        1622.76        
1005.78        1004.78        1622.76        1622.76        
1010.22        1009.22        1622.76        1622.76        
1014.67        1013.67        1622.76        1622.76        
1019.12        1018.12        1622.76        1622.76        
1023.56        1022.56        1622.76        1622.76        
1028.01        1027.01        1622.76        1622.76        
1032.45        1031.45        1622.76        1622.76        
1036.9        1035.9        1622.76        1622.76        
1041.34        1040.35        1622.76        1622.76        
1045.79        1044.79        1622.76        1622.76        
1050.24        1049.24        1622.76        1622.76        
1054.68        1053.68        1622.76        1622.76        
1059.13        1058.13        1622.76        1622.76        
1063.57        1062.57        1622.76        1622.76        
1068.02        1067.02        1622.76        1622.76        
1072.47        1071.47        1622.76        1622.76        
1076.91        1075.91        1622.76        1622.76        
1081.36        1080.36        1622.76        1622.76        
1085.8        1084.8        1622.76        1622.76        
1090.25        1089.25        1622.76        1622.76        
1094.7        1093.7        1622.76        1622.76        
1099.14        1098.14        1622.76        1622.76        
1103.59        1102.59        1622.76        1622.76        
1108.03        1107.03        1622.76        1622.76        
1112.48        1111.48        1622.76        1622.76        
1116.93        1115.93        1622.76        1622.76        
1121.37        1120.37        1622.76        1622.76        
1125.82        1124.82        1622.76        1622.76        
1130.26        1129.26        1622.76        1622.76        
1134.71        1133.71        1622.76        1622.76        
1139.16        1138.16        1622.76        1622.76        
1143.6        1142.6        1622.76        1622.76        
1148.05        1147.05        1622.76        1622.76        
1152.49        1151.49        1622.76        1622.76        
1156.94        1155.94        1622.76        1622.76        
1161.38        1160.38        1622.76        1622.76        
1165.83        1164.83        1622.76        1622.76        
1170.28        1169.28        1622.76        1622.76        
1174.72        1173.72        1622.76        1622.76        
1179.17        1178.17        1622.76        1622.76        
1183.61        1182.61        1622.76        1622.76        
1188.06        1187.06        1622.76        1622.76        
1192.51        1191.51        1622.76        1622.76        
1196.95        1195.95        1622.76        1622.76        
1201.4        1200.4        1622.76        1622.76        
1205.84        1204.84        1622.76        1622.76        
1210.29        1209.29        1622.76        1622.76        
1214.74        1213.74        1622.76        1622.76        
1219.18        1218.18        1622.76        1622.76        
1223.63        1222.63        1622.76        1622.76        
1228.07        1227.07        1622.76        1622.76        
1232.52        1231.52        1622.76        1622.76        
1236.97        1235.97        1622.76        1622.76        
1241.41        1240.41        1622.76        1622.76        
1245.86        1244.86        1622.76        1622.76        
1250.3        1249.3        1622.76        1622.76        
1254.75        1253.75        1622.76        1622.76        
1259.19        1258.2        1622.76        1622.76        
1263.64        1262.64        1622.76        1622.76        
1268.09        1267.09        1622.76        1622.76        
1272.53        1271.53        1622.76        1622.76        
1276.98        1275.98        1622.76        1622.76        
1281.42        1280.42        1622.76        1622.76        
1285.87        1284.87        1622.76        1622.76        
1290.32        1289.32        1622.76        1622.76        
1294.76        1293.76        1622.76        1622.76        
1299.21        1298.21        1622.76        1622.76        
1303.65        1302.65        1622.76        1622.76        
1308.1        1307.1        1622.76        1622.76        
1312.55        1311.55        1622.76        1622.76        
1316.99        1315.99        1622.76        1622.76        
1321.44        1320.44        1622.76        1622.76        
1325.88        1324.88        1622.76        1622.76        
1330.33        1329.33        1622.76        1622.76        
1334.78        1333.78        1622.76        1622.76        
1339.22        1338.22        1622.76        1622.76        
1343.67        1342.67        1622.76        1622.76        
1348.11        1347.11        1622.76        1622.76        
1352.56        1351.56        1622.76        1622.76        
1357.01        1356.01        1622.76        1622.76        
1361.45        1360.45        1622.76        1622.76        
1365.9        1364.9        1622.76        1622.76        
1370.34        1369.34        1622.76        1622.76        
1374.79        1373.79        1622.76        1622.76        
1379.23        1378.23        1622.76        1622.76        
1383.68        1382.68        1622.76        1622.76        
1388.13        1387.13        1622.76        1622.76        
1392.57        1391.57        1622.76        1622.76        
1397.02        1396.02        1622.76        1622.76        
1401.46        1400.46        1622.76        1622.76        
1405.91        1404.91        1622.76        1622.76        
1410.36        1409.36        1622.76        1622.76        
1414.8        1413.8        1622.76        1622.76        
1419.25        1418.25        1622.76        1622.76        
1423.69        1422.69        1622.76        1622.76        
1428.14        1427.14        1622.76        1622.76        
1432.59        1431.59        1622.76        1622.76        
1437.03        1436.03        1622.76        1622.76        
1441.48        1440.48        1622.76        1622.76        
1445.92        1444.92        1622.76        1622.76        
1450.37        1449.37        1622.76        1622.76        
1454.82        1453.82        1622.76        1622.76        
1459.26        1458.26        1622.76        1622.76        
1463.71        1462.71        1622.76        1622.76        
1468.15        1467.15        1622.76        1622.76        
1472.6        1471.6        1622.76        1622.76        
1477.04        1476.05        1622.76        1622.76        
1481.49        1480.49        1622.76        1622.76        
1485.94        1484.94        1622.76        1622.76        
1490.38        1489.38        1622.76        1622.76        
1494.83        1493.83        1622.76        1622.76        
1499.27        1498.27        1622.76        1622.76        
1503.72        1502.72        1622.76        1622.76        
1508.17        1507.17        1622.76        1622.76        
1512.61        1511.61        1622.76        1622.76        
1517.06        1516.06        1622.76        1622.76        
1521.5        1520.5        1622.76        1622.76        
1525.95        1524.95        1622.76        1622.76        
1530.4        1529.4        1622.76        1622.76        
1534.84        1533.84        1622.76        1622.76        
1539.29        1538.29        1622.76        1622.76        
1543.73        1542.73        1622.76        1622.76        
1548.18        1547.18        1622.76        1622.76        
1552.63        1551.63        1622.76        1622.76        
1557.07        1556.07        1622.76        1622.76        
1561.52        1560.52        1622.76        1622.76        
1565.96        1564.96        1622.76        1622.76        
1570.41        1569.41        1622.76        1622.76        
1574.86        1573.86        1622.76        1622.76        
1579.3        1578.3        1622.76        1622.76        
1583.75        1582.75        1622.76        1622.76        
1588.19        1587.19        1622.76        1622.76        
1592.64        1591.64        1622.76        1622.76        
1597.08        1596.09        1622.76        1622.76        
1601.53        1600.53        1622.76        1622.76        
1605.98        1604.98        1622.76        1622.76        
1610.42        1609.42        1622.76        1622.76        
1614.87        1613.87        1622.76        1622.76        
1619.31        1618.31        1622.76        1622.76        
1623.76        1622.76        1622.76        1622.76        
