0        1.27356e+26
0        1.21006e+26
0.00273973        1.19636e+26
0.00547945        1.19128e+26
0.00821918        1.18885e+26
0.0109589        1.18751e+26
0.0136986        1.18669e+26
0.0164384        1.18615e+26
0.0191781        1.18578e+26
0.0219178        1.18551e+26
0.0246575        1.18531e+26
0.0273973        1.18516e+26
0.030137        1.18504e+26
0.0328767        1.18495e+26
0.0356164        1.18487e+26
0.0383562        1.18481e+26
0.0410959        1.18476e+26
0.0438356        1.18471e+26
0.0465753        1.18468e+26
0.0493151        1.18464e+26
0.0520548        1.18462e+26
0.0547945        1.18459e+26
0.0575342        1.18457e+26
0.060274        1.18455e+26
0.0630137        1.18454e+26
0.0657534        1.18452e+26
0.0684932        1.18451e+26
0.0712329        1.1845e+26
0.0739726        1.18449e+26
0.0767123        1.18448e+26
0.0794521        1.18447e+26
0.0821918        1.18446e+26
0.0849315        1.18446e+26
0.0876712        1.18445e+26
0.090411        1.18445e+26
0.0931507        1.18444e+26
0.0958904        1.18444e+26
0.0986301        1.18443e+26
0.10137        1.18443e+26
0.10411        1.18442e+26
0.106849        1.18442e+26
0.109589        1.18442e+26
0.112329        1.18441e+26
0.115068        1.18441e+26
0.117808        1.18441e+26
0.120548        1.18441e+26
0.123288        1.1844e+26
0.126027        1.1844e+26
0.128767        1.1844e+26
0.131507        1.1844e+26
0.134247        1.18439e+26
0.136986        1.18439e+26
0.139726        1.18439e+26
0.142466        1.18439e+26
0.145205        1.18439e+26
0.147945        1.18439e+26
0.150685        1.18439e+26
0.153425        1.18438e+26
0.156164        1.18438e+26
0.158904        1.18438e+26
0.161644        1.18438e+26
0.164384        1.18438e+26
0.167123        1.18438e+26
0.169863        1.18438e+26
0.172603        1.18438e+26
0.175342        1.18438e+26
0.178082        1.18438e+26
0.180822        1.18437e+26
0.183562        1.18437e+26
0.186301        1.18437e+26
0.189041        1.18437e+26
0.191781        1.18437e+26
0.194521        1.18437e+26
0.19726        1.18437e+26
0.2        1.18437e+26
0.20274        1.18437e+26
0.205479        1.18437e+26
0.208219        1.18437e+26
0.210959        1.18437e+26
0.213699        1.18437e+26
0.216438        1.18437e+26
0.219178        1.18437e+26
0.221918        1.18437e+26
0.224658        1.18437e+26
0.227397        1.18437e+26
0.230137        1.18436e+26
0.232877        1.18436e+26
0.235616        1.18436e+26
0.238356        1.18436e+26
0.241096        1.18436e+26
0.243836        1.18436e+26
0.246575        1.18436e+26
0.249315        1.18436e+26
0.252055        1.18436e+26
0.254795        1.18436e+26
0.257534        1.18436e+26
0.260274        1.18436e+26
0.263014        1.18436e+26
0.265753        1.18436e+26
0.268493        1.18436e+26
0.271233        1.18436e+26
0.273973        1.18436e+26
0.276712        1.18436e+26
0.279452        1.18436e+26
0.282192        1.18436e+26
0.284932        1.18436e+26
0.287671        1.18436e+26
0.290411        1.18436e+26
0.293151        1.18436e+26
0.29589        1.18436e+26
0.29863        1.18436e+26
0.30137        1.18436e+26
0.30411        1.18436e+26
0.306849        1.18436e+26
0.309589        1.18436e+26
0.312329        1.18436e+26
0.315068        1.18436e+26
0.317808        1.18436e+26
0.320548        1.18436e+26
0.323288        1.18436e+26
0.326027        1.18436e+26
0.328767        1.18436e+26
0.331507        1.18436e+26
0.334247        1.18436e+26
0.336986        1.18436e+26
0.339726        1.18436e+26
0.342466        1.18436e+26
0.345205        1.18436e+26
0.347945        1.18436e+26
0.350685        1.18436e+26
0.353425        1.18436e+26
0.356164        1.18436e+26
0.358904        1.18436e+26
0.361644        1.18436e+26
0.364384        1.18436e+26
0.367123        1.18436e+26
0.369863        1.18436e+26
0.372603        1.18436e+26
0.375342        1.18435e+26
0.378082        1.18435e+26
0.380822        1.18435e+26
0.383562        1.18435e+26
0.386301        1.18435e+26
0.389041        1.18435e+26
0.391781        1.18435e+26
0.394521        1.18435e+26
0.39726        1.18435e+26
0.4        1.18435e+26
0.40274        1.18435e+26
0.405479        1.18435e+26
0.408219        1.18435e+26
0.410959        1.18435e+26
0.413699        1.18435e+26
0.416438        1.18435e+26
0.419178        1.18435e+26
0.421918        1.18435e+26
0.424658        1.18435e+26
0.427397        1.18435e+26
0.430137        1.18435e+26
0.432877        1.18435e+26
0.435616        1.18435e+26
0.438356        1.18435e+26
0.441096        1.18435e+26
0.443836        1.18435e+26
0.446575        1.18435e+26
0.449315        1.18435e+26
0.452055        1.18435e+26
0.454795        1.18435e+26
0.457534        1.18435e+26
0.460274        1.18435e+26
0.463014        1.18435e+26
0.465753        1.18435e+26
0.468493        1.18435e+26
0.471233        1.18435e+26
0.473973        1.18435e+26
0.476712        1.18435e+26
0.479452        1.18435e+26
0.482192        1.18435e+26
0.484932        1.18435e+26
0.487671        1.18435e+26
0.490411        1.18435e+26
0.493151        1.18435e+26
0.49589        1.18435e+26
0.49863        1.18435e+26
0.50137        1.18435e+26
0.50411        1.18435e+26
0.506849        1.18435e+26
0.509589        1.18435e+26
0.512329        1.18435e+26
0.515068        1.18435e+26
0.517808        1.18435e+26
0.520548        1.18435e+26
0.523288        1.18435e+26
0.526027        1.18435e+26
0.528767        1.18435e+26
0.531507        1.18435e+26
0.534247        1.18435e+26
0.536986        1.18435e+26
0.539726        1.18435e+26
0.542466        1.18435e+26
0.545205        1.18435e+26
0.547945        1.18435e+26
0.550685        1.18435e+26
0.553425        1.18435e+26
0.556164        1.18435e+26
0.558904        1.18435e+26
0.561644        1.18435e+26
0.564384        1.18435e+26
0.567123        1.18435e+26
0.569863        1.18435e+26
0.572603        1.18435e+26
0.575342        1.18435e+26
0.578082        1.18435e+26
0.580822        1.18435e+26
0.583562        1.18435e+26
0.586301        1.18435e+26
0.589041        1.18435e+26
0.591781        1.18435e+26
0.594521        1.18435e+26
0.59726        1.18435e+26
0.6        1.18435e+26
0.60274        1.18435e+26
0.605479        1.18435e+26
0.608219        1.18435e+26
0.610959        1.18435e+26
0.613699        1.18435e+26
0.616438        1.18435e+26
0.619178        1.18435e+26
0.621918        1.18435e+26
0.624658        1.18435e+26
0.627397        1.18435e+26
0.630137        1.18435e+26
0.632877        1.18435e+26
0.635616        1.18435e+26
0.638356        1.18435e+26
0.641096        1.18435e+26
0.643836        1.18435e+26
0.646575        1.18435e+26
0.649315        1.18435e+26
0.652055        1.18435e+26
0.654795        1.18435e+26
0.657534        1.18435e+26
0.660274        1.18435e+26
0.663014        1.18435e+26
0.665753        1.18435e+26
0.668493        1.18435e+26
0.671233        1.18435e+26
0.673973        1.18435e+26
0.676712        1.18435e+26
0.679452        1.18435e+26
0.682192        1.18435e+26
0.684932        1.18435e+26
0.687671        1.18435e+26
0.690411        1.18435e+26
0.693151        1.18435e+26
0.69589        1.18435e+26
0.69863        1.18435e+26
0.70137        1.18435e+26
0.70411        1.18435e+26
0.706849        1.18435e+26
0.709589        1.18435e+26
0.712329        1.18435e+26
0.715068        1.18435e+26
0.717808        1.18435e+26
0.720548        1.18435e+26
0.723288        1.18435e+26
0.726027        1.18435e+26
0.728767        1.18435e+26
0.731507        1.18435e+26
0.734247        1.18435e+26
0.736986        1.18435e+26
0.739726        1.18435e+26
0.742466        1.18435e+26
0.745205        1.18435e+26
0.747945        1.18435e+26
0.750685        1.18435e+26
0.753425        1.18435e+26
0.756164        1.18435e+26
0.758904        1.18435e+26
0.761644        1.18435e+26
0.764384        1.18435e+26
0.767123        1.18435e+26
0.769863        1.18435e+26
0.772603        1.18435e+26
0.775342        1.18435e+26
0.778082        1.18435e+26
0.780822        1.18435e+26
0.783562        1.18435e+26
0.786301        1.18435e+26
0.789041        1.18435e+26
0.791781        1.18435e+26
0.794521        1.18435e+26
0.79726        1.18435e+26
0.8        1.18435e+26
0.80274        1.18435e+26
0.805479        1.18435e+26
0.808219        1.18435e+26
0.810959        1.18435e+26
0.813699        1.18435e+26
0.816438        1.18435e+26
0.819178        1.18435e+26
0.821918        1.18435e+26
0.824658        1.18435e+26
0.827397        1.18435e+26
0.830137        1.18435e+26
0.832877        1.18435e+26
0.835616        1.18435e+26
0.838356        1.18435e+26
0.841096        1.18435e+26
0.843836        1.18435e+26
0.846575        1.18435e+26
0.849315        1.18435e+26
0.852055        1.18435e+26
0.854795        1.18435e+26
0.857534        1.18435e+26
0.860274        1.18435e+26
0.863014        1.18435e+26
0.865753        1.18435e+26
0.868493        1.18435e+26
0.871233        1.18435e+26
0.873973        1.18435e+26
0.876712        1.18435e+26
0.879452        1.18435e+26
0.882192        1.18435e+26
0.884932        1.18435e+26
0.887671        1.18435e+26
0.890411        1.18435e+26
0.893151        1.18435e+26
0.89589        1.18435e+26
0.89863        1.18435e+26
0.90137        1.18435e+26
0.90411        1.18435e+26
0.906849        1.18435e+26
0.909589        1.18435e+26
0.912329        1.18435e+26
0.915068        1.18435e+26
0.917808        1.18435e+26
0.920548        1.18435e+26
0.923288        1.18435e+26
0.926027        1.18435e+26
0.928767        1.18435e+26
0.931507        1.18435e+26
0.934247        1.18435e+26
0.936986        1.18435e+26
0.939726        1.18435e+26
0.942466        1.18435e+26
0.945205        1.18435e+26
0.947945        1.18435e+26
0.950685        1.18435e+26
0.953425        1.18435e+26
0.956164        1.18435e+26
0.958904        1.18435e+26
0.961644        1.18435e+26
0.964384        1.18435e+26
0.967123        1.18435e+26
0.969863        1.18435e+26
0.972603        1.18435e+26
0.975342        1.18435e+26
0.978082        1.18435e+26
0.980822        1.18435e+26
0.983562        1.18435e+26
0.986301        1.18435e+26
0.989041        1.18435e+26
0.991781        1.18435e+26
0.994521        1.18435e+26
0.99726        1.18435e+26
