0        7.90008
0.004        7.90007
0.008        7.90007
0.012        7.90006
0.016        7.90006
0.02        7.90006
0.024        7.90006
0.028        7.90006
0.032        7.90006
0.036        7.90006
0.04        7.90006
0.044        7.90006
0.048        7.90006
0.052        7.90006
0.056        7.90006
0.06        7.90006
0.064        7.90006
0.068        7.90006
0.072        7.90006
0.076        7.90006
0.08        7.90006
0.084        7.90006
0.088        7.90006
0.092        7.90006
0.096        7.90006
0.1        7.90006
0.104        7.90006
0.108        7.90006
0.112        7.90006
0.116        7.90006
0.12        7.90006
0.124        7.90006
0.128        7.90006
0.132        7.90006
0.136        7.90006
0.14        7.90006
0.144        7.90006
0.148        7.90006
0.152        7.90006
0.156        7.90006
0.16        7.90006
0.164        7.90006
0.168        7.90006
0.172        7.90006
0.176        7.90006
0.18        7.90006
0.184        7.90006
0.188        7.90006
0.192        7.90006
0.196        7.90006
0.2        7.90006
0.204        7.90006
0.208        7.90006
0.212        7.90006
0.216        7.90006
0.22        7.90006
0.224        7.90006
0.228        7.90006
0.232        7.90006
0.236        7.90006
0.24        7.90006
0.244        7.90006
0.248        7.90006
0.252        7.90006
0.256        7.90006
0.26        7.90006
0.264        7.90006
0.268        7.90006
0.272        7.90006
0.276        7.90006
0.28        7.90006
0.284        7.90006
0.288        7.90006
0.292        7.90006
0.296        7.90006
0.3        7.90006
0.304        7.90006
0.308        7.90006
0.312        7.90006
0.316        7.90006
0.32        7.90006
0.324        7.90006
0.328        7.90006
0.332        7.90006
0.336        7.90006
0.34        7.90006
0.344        7.90006
0.348        7.90006
0.352        7.90006
0.356        7.90006
0.36        7.90006
0.364        7.90006
0.368        7.90006
0.372        7.90006
0.376        7.90006
0.38        7.90006
0.384        7.90006
0.388        7.90006
0.392        7.90006
0.396        7.90006
0.4        7.90006
0.404        7.90006
0.408        7.90006
0.412        7.90006
0.416        7.90006
0.42        7.90006
0.424        7.90006
0.428        7.90006
0.432        7.90006
0.436        7.90006
0.44        7.90006
0.444        7.90006
0.448        7.90006
0.452        7.90006
0.456        7.90006
0.46        7.90006
0.464        7.90006
0.468        7.90006
0.472        7.90006
0.476        7.90006
0.48        7.90006
0.484        7.90006
0.488        7.90006
0.492        7.90006
0.496        7.90006
0.5        7.90006
0.504        7.90006
0.508        7.90006
0.512        7.90006
0.516        7.90006
0.52        7.90006
0.524        7.90006
0.528        7.90006
0.532        7.90006
0.536        7.90006
0.54        7.90006
0.544        7.90006
0.548        7.90006
0.552        7.90006
0.556        7.90006
0.56        7.90006
0.564        7.90006
0.568        7.90006
0.572        7.90006
0.576        7.90006
0.58        7.90006
0.584        7.90006
0.588        7.90006
0.592        7.90006
0.596        7.90006
0.6        7.90006
0.604        7.90006
0.608        7.90006
0.612        7.90006
0.616        7.90006
0.62        7.90006
0.624        7.90006
0.628        7.90006
0.632        7.90006
0.636        7.90006
0.64        7.90006
0.644        7.90006
0.648        7.90006
0.652        7.90006
0.656        7.90006
0.66        7.90006
0.664        7.90006
0.668        7.90006
0.672        7.90006
0.676        7.90006
0.68        7.90006
0.684        7.90006
0.688        7.90006
0.692        7.90006
0.696        7.90006
0.7        7.90006
0.704        7.90006
0.708        7.90006
0.712        7.90006
0.716        7.90006
0.72        7.90006
0.724        7.90006
0.728        7.90006
0.732        7.90006
0.736        7.90006
0.74        7.90006
0.744        7.90006
0.748        7.90006
0.752        7.90006
0.756        7.90006
0.76        7.90006
0.764        7.90006
0.768        7.90006
0.772        7.90006
0.776        7.90006
0.78        7.90006
0.784        7.90006
0.788        7.90006
0.792        7.90006
0.796        7.90006
0.8        7.90006
0.804        7.90006
0.808        7.90006
0.812        7.90006
0.816        7.90006
0.82        7.90006
0.824        7.90006
0.828        7.90006
0.832        7.90006
0.836        7.90006
0.84        7.90006
0.844        7.90006
0.848        7.90006
0.852        7.90006
0.856        7.90006
0.86        7.90006
0.864        7.90006
0.868        7.90006
0.872        7.90006
0.876        7.90006
0.88        7.90006
0.884        7.90006
0.888        7.90006
0.892        7.90006
0.896        7.90006
0.9        7.90006
0.904        7.90006
0.908        7.90006
0.912        7.90006
0.916        7.90006
0.92        7.90006
0.924        7.90006
0.928        7.90006
0.932        7.90006
0.936        7.90006
0.94        7.90006
0.944        7.90006
0.948        7.90006
0.952        7.90006
0.956        7.90006
0.96        7.90006
0.964        7.90006
0.968        7.90006
0.972        7.90006
0.976        7.90006
0.98        7.90006
0.984        7.90006
0.988        7.90006
0.992        7.90006
0.996        7.90006
