Euler algorithm (2D)
earth (x, y, vx, vy)
Timestep: 8 years

1        0        2294.93        0        
10.1797        0        2294.93        0        
19.3595        0        2294.93        0        
28.5392        0        2294.93        0        
37.7189        0        2294.93        0        
46.8986        0        2294.93        0        
56.0784        0        2294.93        0        
65.2581        0        2294.93        0        
74.4378        0        2294.93        0        
83.6175        0        2294.93        0        
92.7973        0        2294.93        0        
101.977        0        2294.93        0        
111.157        0        2294.93        0        
120.336        0        2294.93        0        
129.516        0        2294.93        0        
138.696        0        2294.93        0        
147.876        0        2294.93        0        
157.055        0        2294.93        0        
166.235        0        2294.93        0        
175.415        0        2294.93        0        
184.594        0        2294.93        0        
193.774        0        2294.93        0        
202.954        0        2294.93        0        
212.134        0        2294.93        0        
221.313        0        2294.93        0        
230.493        0        2294.93        0        
239.673        0        2294.93        0        
248.853        0        2294.93        0        
258.032        0        2294.93        0        
267.212        0        2294.93        0        
276.392        0        2294.93        0        
285.571        0        2294.93        0        
294.751        0        2294.93        0        
303.931        0        2294.93        0        
313.111        0        2294.93        0        
322.29        0        2294.93        0        
331.47        0        2294.93        0        
340.65        0        2294.93        0        
349.83        0        2294.93        0        
359.009        0        2294.93        0        
368.189        0        2294.93        0        
377.369        0        2294.93        0        
386.548        0        2294.93        0        
395.728        0        2294.93        0        
404.908        0        2294.93        0        
414.088        0        2294.93        0        
423.267        0        2294.93        0        
432.447        0        2294.93        0        
441.627        0        2294.93        0        
450.806        0        2294.93        0        
459.986        0        2294.93        0        
469.166        0        2294.93        0        
478.346        0        2294.93        0        
487.525        0        2294.93        0        
496.705        0        2294.93        0        
505.885        0        2294.93        0        
515.065        0        2294.93        0        
524.244        0        2294.93        0        
533.424        0        2294.93        0        
542.604        0        2294.93        0        
551.783        0        2294.93        0        
560.963        0        2294.93        0        
570.143        0        2294.93        0        
579.323        0        2294.93        0        
588.502        0        2294.93        0        
597.682        0        2294.93        0        
606.862        0        2294.93        0        
616.041        0        2294.93        0        
625.221        0        2294.93        0        
634.401        0        2294.93        0        
643.581        0        2294.93        0        
652.76        0        2294.93        0        
661.94        0        2294.93        0        
671.12        0        2294.93        0        
680.3        0        2294.93        0        
689.479        0        2294.93        0        
698.659        0        2294.93        0        
707.839        0        2294.93        0        
717.018        0        2294.93        0        
726.198        0        2294.93        0        
735.378        0        2294.93        0        
744.558        0        2294.93        0        
753.737        0        2294.93        0        
762.917        0        2294.93        0        
772.097        0        2294.93        0        
781.276        0        2294.93        0        
790.456        0        2294.93        0        
799.636        0        2294.93        0        
808.816        0        2294.93        0        
817.995        0        2294.93        0        
827.175        0        2294.93        0        
836.355        0        2294.93        0        
845.535        0        2294.93        0        
854.714        0        2294.93        0        
863.894        0        2294.93        0        
873.074        0        2294.93        0        
882.253        0        2294.93        0        
891.433        0        2294.93        0        
900.613        0        2294.93        0        
909.793        0        2294.93        0        
918.972        0        2294.93        0        
928.152        0        2294.93        0        
937.332        0        2294.93        0        
946.511        0        2294.93        0        
955.691        0        2294.93        0        
964.871        0        2294.93        0        
974.051        0        2294.93        0        
983.23        0        2294.93        0        
992.41        0        2294.93        0        
1001.59        0        2294.93        0        
1010.77        0        2294.93        0        
1019.95        0        2294.93        0        
1029.13        0        2294.93        0        
1038.31        0        2294.93        0        
1047.49        0        2294.93        0        
1056.67        0        2294.93        0        
1065.85        0        2294.93        0        
1075.03        0        2294.93        0        
1084.21        0        2294.93        0        
1093.39        0        2294.93        0        
1102.57        0        2294.93        0        
1111.75        0        2294.93        0        
1120.93        0        2294.93        0        
1130.11        0        2294.93        0        
1139.29        0        2294.93        0        
1148.47        0        2294.93        0        
1157.65        0        2294.93        0        
1166.82        0        2294.93        0        
1176        0        2294.93        0        
1185.18        0        2294.93        0        
1194.36        0        2294.93        0        
1203.54        0        2294.93        0        
1212.72        0        2294.93        0        
1221.9        0        2294.93        0        
1231.08        0        2294.93        0        
1240.26        0        2294.93        0        
1249.44        0        2294.93        0        
1258.62        0        2294.93        0        
1267.8        0        2294.93        0        
1276.98        0        2294.93        0        
1286.16        0        2294.93        0        
1295.34        0        2294.93        0        
1304.52        0        2294.93        0        
1313.7        0        2294.93        0        
1322.88        0        2294.93        0        
1332.06        0        2294.93        0        
1341.24        0        2294.93        0        
1350.42        0        2294.93        0        
1359.6        0        2294.93        0        
1368.78        0        2294.93        0        
1377.96        0        2294.93        0        
1387.14        0        2294.93        0        
1396.32        0        2294.93        0        
1405.5        0        2294.93        0        
1414.68        0        2294.93        0        
1423.86        0        2294.93        0        
1433.04        0        2294.93        0        
1442.22        0        2294.93        0        
1451.4        0        2294.93        0        
1460.58        0        2294.93        0        
1469.76        0        2294.93        0        
1478.94        0        2294.93        0        
1488.12        0        2294.93        0        
1497.29        0        2294.93        0        
1506.47        0        2294.93        0        
1515.65        0        2294.93        0        
1524.83        0        2294.93        0        
1534.01        0        2294.93        0        
1543.19        0        2294.93        0        
1552.37        0        2294.93        0        
1561.55        0        2294.93        0        
1570.73        0        2294.93        0        
1579.91        0        2294.93        0        
1589.09        0        2294.93        0        
1598.27        0        2294.93        0        
1607.45        0        2294.93        0        
1616.63        0        2294.93        0        
1625.81        0        2294.93        0        
1634.99        0        2294.93        0        
1644.17        0        2294.93        0        
1653.35        0        2294.93        0        
1662.53        0        2294.93        0        
1671.71        0        2294.93        0        
1680.89        0        2294.93        0        
1690.07        0        2294.93        0        
1699.25        0        2294.93        0        
1708.43        0        2294.93        0        
1717.61        0        2294.93        0        
1726.79        0        2294.93        0        
1735.97        0        2294.93        0        
1745.15        0        2294.93        0        
1754.33        0        2294.93        0        
1763.51        0        2294.93        0        
1772.69        0        2294.93        0        
1781.87        0        2294.93        0        
1791.05        0        2294.93        0        
1800.23        0        2294.93        0        
1809.41        0        2294.93        0        
1818.59        0        2294.93        0        
1827.76        0        2294.93        0        
1836.94        0        2294.93        0        
1846.12        0        2294.93        0        
1855.3        0        2294.93        0        
1864.48        0        2294.93        0        
1873.66        0        2294.93        0        
1882.84        0        2294.93        0        
1892.02        0        2294.93        0        
1901.2        0        2294.93        0        
1910.38        0        2294.93        0        
1919.56        0        2294.93        0        
1928.74        0        2294.93        0        
1937.92        0        2294.93        0        
1947.1        0        2294.93        0        
1956.28        0        2294.93        0        
1965.46        0        2294.93        0        
1974.64        0        2294.93        0        
1983.82        0        2294.93        0        
1993        0        2294.93        0        
2002.18        0        2294.93        0        
2011.36        0        2294.93        0        
2020.54        0        2294.93        0        
2029.72        0        2294.93        0        
2038.9        0        2294.93        0        
2048.08        0        2294.93        0        
2057.26        0        2294.93        0        
2066.44        0        2294.93        0        
2075.62        0        2294.93        0        
2084.8        0        2294.93        0        
2093.98        0        2294.93        0        
2103.16        0        2294.93        0        
2112.34        0        2294.93        0        
2121.52        0        2294.93        0        
2130.7        0        2294.93        0        
2139.88        0        2294.93        0        
2149.06        0        2294.93        0        
2158.23        0        2294.93        0        
2167.41        0        2294.93        0        
2176.59        0        2294.93        0        
2185.77        0        2294.93        0        
2194.95        0        2294.93        0        
2204.13        0        2294.93        0        
2213.31        0        2294.93        0        
2222.49        0        2294.93        0        
2231.67        0        2294.93        0        
2240.85        0        2294.93        0        
2250.03        0        2294.93        0        
2259.21        0        2294.93        0        
2268.39        0        2294.93        0        
2277.57        0        2294.93        0        
2286.75        0        2294.93        0        
2295.93        0        2294.93        0        
2305.11        0        2294.93        0        
2314.29        0        2294.93        0        
2323.47        0        2294.93        0        
2332.65        0        2294.93        0        
2341.83        0        2294.93        0        
2351.01        0        2294.93        0        
2360.19        0        2294.93        0        
2369.37        0        2294.93        0        
2378.55        0        2294.93        0        
2387.73        0        2294.93        0        
2396.91        0        2294.93        0        
2406.09        0        2294.93        0        
2415.27        0        2294.93        0        
2424.45        0        2294.93        0        
2433.63        0        2294.93        0        
2442.81        0        2294.93        0        
2451.99        0        2294.93        0        
2461.17        0        2294.93        0        
2470.35        0        2294.93        0        
2479.53        0        2294.93        0        
2488.7        0        2294.93        0        
2497.88        0        2294.93        0        
2507.06        0        2294.93        0        
2516.24        0        2294.93        0        
2525.42        0        2294.93        0        
2534.6        0        2294.93        0        
2543.78        0        2294.93        0        
2552.96        0        2294.93        0        
2562.14        0        2294.93        0        
2571.32        0        2294.93        0        
2580.5        0        2294.93        0        
2589.68        0        2294.93        0        
2598.86        0        2294.93        0        
2608.04        0        2294.93        0        
2617.22        0        2294.93        0        
2626.4        0        2294.93        0        
2635.58        0        2294.93        0        
2644.76        0        2294.93        0        
2653.94        0        2294.93        0        
2663.12        0        2294.93        0        
2672.3        0        2294.93        0        
2681.48        0        2294.93        0        
2690.66        0        2294.93        0        
2699.84        0        2294.93        0        
2709.02        0        2294.93        0        
2718.2        0        2294.93        0        
2727.38        0        2294.93        0        
2736.56        0        2294.93        0        
2745.74        0        2294.93        0        
2754.92        0        2294.93        0        
2764.1        0        2294.93        0        
2773.28        0        2294.93        0        
2782.46        0        2294.93        0        
2791.64        0        2294.93        0        
2800.82        0        2294.93        0        
2810        0        2294.93        0        
2819.17        0        2294.93        0        
2828.35        0        2294.93        0        
2837.53        0        2294.93        0        
2846.71        0        2294.93        0        
2855.89        0        2294.93        0        
2865.07        0        2294.93        0        
2874.25        0        2294.93        0        
2883.43        0        2294.93        0        
2892.61        0        2294.93        0        
2901.79        0        2294.93        0        
2910.97        0        2294.93        0        
2920.15        0        2294.93        0        
2929.33        0        2294.93        0        
2938.51        0        2294.93        0        
2947.69        0        2294.93        0        
2956.87        0        2294.93        0        
2966.05        0        2294.93        0        
2975.23        0        2294.93        0        
2984.41        0        2294.93        0        
2993.59        0        2294.93        0        
3002.77        0        2294.93        0        
3011.95        0        2294.93        0        
3021.13        0        2294.93        0        
3030.31        0        2294.93        0        
3039.49        0        2294.93        0        
3048.67        0        2294.93        0        
3057.85        0        2294.93        0        
3067.03        0        2294.93        0        
3076.21        0        2294.93        0        
3085.39        0        2294.93        0        
3094.57        0        2294.93        0        
3103.75        0        2294.93        0        
3112.93        0        2294.93        0        
3122.11        0        2294.93        0        
3131.29        0        2294.93        0        
3140.47        0        2294.93        0        
3149.64        0        2294.93        0        
3158.82        0        2294.93        0        
3168        0        2294.93        0        
3177.18        0        2294.93        0        
3186.36        0        2294.93        0        
3195.54        0        2294.93        0        
3204.72        0        2294.93        0        
3213.9        0        2294.93        0        
3223.08        0        2294.93        0        
3232.26        0        2294.93        0        
3241.44        0        2294.93        0        
3250.62        0        2294.93        0        
3259.8        0        2294.93        0        
3268.98        0        2294.93        0        
3278.16        0        2294.93        0        
3287.34        0        2294.93        0        
3296.52        0        2294.93        0        
3305.7        0        2294.93        0        
3314.88        0        2294.93        0        
3324.06        0        2294.93        0        
3333.24        0        2294.93        0        
3342.42        0        2294.93        0        
3351.6        0        2294.93        0        
3360.78        0        2294.93        0        
3369.96        0        2294.93        0        
3379.14        0        2294.93        0        
3388.32        0        2294.93        0        
3397.5        0        2294.93        0        
3406.68        0        2294.93        0        
3415.86        0        2294.93        0        
3425.04        0        2294.93        0        
3434.22        0        2294.93        0        
3443.4        0        2294.93        0        
3452.58        0        2294.93        0        
3461.76        0        2294.93        0        
3470.94        0        2294.93        0        
3480.11        0        2294.93        0        
3489.29        0        2294.93        0        
3498.47        0        2294.93        0        
3507.65        0        2294.93        0        
3516.83        0        2294.93        0        
3526.01        0        2294.93        0        
3535.19        0        2294.93        0        
3544.37        0        2294.93        0        
3553.55        0        2294.93        0        
3562.73        0        2294.93        0        
3571.91        0        2294.93        0        
3581.09        0        2294.93        0        
3590.27        0        2294.93        0        
3599.45        0        2294.93        0        
3608.63        0        2294.93        0        
3617.81        0        2294.93        0        
3626.99        0        2294.93        0        
3636.17        0        2294.93        0        
3645.35        0        2294.93        0        
3654.53        0        2294.93        0        
3663.71        0        2294.93        0        
3672.89        0        2294.93        0        
3682.07        0        2294.93        0        
3691.25        0        2294.93        0        
3700.43        0        2294.93        0        
3709.61        0        2294.93        0        
3718.79        0        2294.93        0        
3727.97        0        2294.93        0        
3737.15        0        2294.93        0        
3746.33        0        2294.93        0        
3755.51        0        2294.93        0        
3764.69        0        2294.93        0        
3773.87        0        2294.93        0        
3783.05        0        2294.93        0        
3792.23        0        2294.93        0        
3801.41        0        2294.93        0        
3810.58        0        2294.93        0        
3819.76        0        2294.93        0        
3828.94        0        2294.93        0        
3838.12        0        2294.93        0        
3847.3        0        2294.93        0        
3856.48        0        2294.93        0        
3865.66        0        2294.93        0        
3874.84        0        2294.93        0        
3884.02        0        2294.93        0        
3893.2        0        2294.93        0        
3902.38        0        2294.93        0        
3911.56        0        2294.93        0        
3920.74        0        2294.93        0        
3929.92        0        2294.93        0        
3939.1        0        2294.93        0        
3948.28        0        2294.93        0        
3957.46        0        2294.93        0        
3966.64        0        2294.93        0        
3975.82        0        2294.93        0        
3985        0        2294.93        0        
3994.18        0        2294.93        0        
4003.36        0        2294.93        0        
4012.54        0        2294.93        0        
4021.72        0        2294.93        0        
4030.9        0        2294.93        0        
4040.08        0        2294.93        0        
4049.26        0        2294.93        0        
4058.44        0        2294.93        0        
4067.62        0        2294.93        0        
4076.8        0        2294.93        0        
4085.98        0        2294.93        0        
4095.16        0        2294.93        0        
4104.34        0        2294.93        0        
4113.52        0        2294.93        0        
4122.7        0        2294.93        0        
4131.88        0        2294.93        0        
4141.05        0        2294.93        0        
4150.23        0        2294.93        0        
4159.41        0        2294.93        0        
4168.59        0        2294.93        0        
4177.77        0        2294.93        0        
4186.95        0        2294.93        0        
4196.13        0        2294.93        0        
4205.31        0        2294.93        0        
4214.49        0        2294.93        0        
4223.67        0        2294.93        0        
4232.85        0        2294.93        0        
4242.03        0        2294.93        0        
4251.21        0        2294.93        0        
4260.39        0        2294.93        0        
4269.57        0        2294.93        0        
4278.75        0        2294.93        0        
4287.93        0        2294.93        0        
4297.11        0        2294.93        0        
4306.29        0        2294.93        0        
4315.47        0        2294.93        0        
4324.65        0        2294.93        0        
4333.83        0        2294.93        0        
4343.01        0        2294.93        0        
4352.19        0        2294.93        0        
4361.37        0        2294.93        0        
4370.55        0        2294.93        0        
4379.73        0        2294.93        0        
4388.91        0        2294.93        0        
4398.09        0        2294.93        0        
4407.27        0        2294.93        0        
4416.45        0        2294.93        0        
4425.63        0        2294.93        0        
4434.81        0        2294.93        0        
4443.99        0        2294.93        0        
4453.17        0        2294.93        0        
4462.35        0        2294.93        0        
4471.52        0        2294.93        0        
4480.7        0        2294.93        0        
4489.88        0        2294.93        0        
4499.06        0        2294.93        0        
4508.24        0        2294.93        0        
4517.42        0        2294.93        0        
4526.6        0        2294.93        0        
4535.78        0        2294.93        0        
4544.96        0        2294.93        0        
4554.14        0        2294.93        0        
4563.32        0        2294.93        0        
4572.5        0        2294.93        0        
4581.68        0        2294.93        0        
4590.86        0        2294.93        0        
4600.04        0        2294.93        0        
4609.22        0        2294.93        0        
4618.4        0        2294.93        0        
4627.58        0        2294.93        0        
4636.76        0        2294.93        0        
4645.94        0        2294.93        0        
4655.12        0        2294.93        0        
4664.3        0        2294.93        0        
4673.48        0        2294.93        0        
4682.66        0        2294.93        0        
4691.84        0        2294.93        0        
4701.02        0        2294.93        0        
4710.2        0        2294.93        0        
4719.38        0        2294.93        0        
4728.56        0        2294.93        0        
4737.74        0        2294.93        0        
4746.92        0        2294.93        0        
4756.1        0        2294.93        0        
4765.28        0        2294.93        0        
4774.46        0        2294.93        0        
4783.64        0        2294.93        0        
4792.82        0        2294.93        0        
4801.99        0        2294.93        0        
4811.17        0        2294.93        0        
4820.35        0        2294.93        0        
4829.53        0        2294.93        0        
4838.71        0        2294.93        0        
4847.89        0        2294.93        0        
4857.07        0        2294.93        0        
4866.25        0        2294.93        0        
4875.43        0        2294.93        0        
4884.61        0        2294.93        0        
4893.79        0        2294.93        0        
4902.97        0        2294.93        0        
4912.15        0        2294.93        0        
4921.33        0        2294.93        0        
4930.51        0        2294.93        0        
4939.69        0        2294.93        0        
4948.87        0        2294.93        0        
4958.05        0        2294.93        0        
4967.23        0        2294.93        0        
4976.41        0        2294.93        0        
4985.59        0        2294.93        0        
4994.77        0        2294.93        0        
5003.95        0        2294.93        0        
5013.13        0        2294.93        0        
5022.31        0        2294.93        0        
5031.49        0        2294.93        0        
5040.67        0        2294.93        0        
5049.85        0        2294.93        0        
5059.03        0        2294.93        0        
5068.21        0        2294.93        0        
5077.39        0        2294.93        0        
5086.57        0        2294.93        0        
5095.75        0        2294.93        0        
5104.93        0        2294.93        0        
5114.11        0        2294.93        0        
5123.29        0        2294.93        0        
5132.46        0        2294.93        0        
5141.64        0        2294.93        0        
5150.82        0        2294.93        0        
5160        0        2294.93        0        
5169.18        0        2294.93        0        
5178.36        0        2294.93        0        
5187.54        0        2294.93        0        
5196.72        0        2294.93        0        
5205.9        0        2294.93        0        
5215.08        0        2294.93        0        
5224.26        0        2294.93        0        
5233.44        0        2294.93        0        
5242.62        0        2294.93        0        
5251.8        0        2294.93        0        
5260.98        0        2294.93        0        
5270.16        0        2294.93        0        
5279.34        0        2294.93        0        
5288.52        0        2294.93        0        
5297.7        0        2294.93        0        
5306.88        0        2294.93        0        
5316.06        0        2294.93        0        
5325.24        0        2294.93        0        
5334.42        0        2294.93        0        
5343.6        0        2294.93        0        
5352.78        0        2294.93        0        
5361.96        0        2294.93        0        
5371.14        0        2294.93        0        
5380.32        0        2294.93        0        
5389.5        0        2294.93        0        
5398.68        0        2294.93        0        
5407.86        0        2294.93        0        
5417.04        0        2294.93        0        
5426.22        0        2294.93        0        
5435.4        0        2294.93        0        
5444.58        0        2294.93        0        
5453.76        0        2294.93        0        
5462.93        0        2294.93        0        
5472.11        0        2294.93        0        
5481.29        0        2294.93        0        
5490.47        0        2294.93        0        
5499.65        0        2294.93        0        
5508.83        0        2294.93        0        
5518.01        0        2294.93        0        
5527.19        0        2294.93        0        
5536.37        0        2294.93        0        
5545.55        0        2294.93        0        
5554.73        0        2294.93        0        
5563.91        0        2294.93        0        
5573.09        0        2294.93        0        
5582.27        0        2294.93        0        
5591.45        0        2294.93        0        
5600.63        0        2294.93        0        
5609.81        0        2294.93        0        
5618.99        0        2294.93        0        
5628.17        0        2294.93        0        
5637.35        0        2294.93        0        
5646.53        0        2294.93        0        
5655.71        0        2294.93        0        
5664.89        0        2294.93        0        
5674.07        0        2294.93        0        
5683.25        0        2294.93        0        
5692.43        0        2294.93        0        
5701.61        0        2294.93        0        
5710.79        0        2294.93        0        
5719.97        0        2294.93        0        
5729.15        0        2294.93        0        
5738.33        0        2294.93        0        
5747.51        0        2294.93        0        
5756.69        0        2294.93        0        
5765.87        0        2294.93        0        
5775.05        0        2294.93        0        
5784.23        0        2294.93        0        
5793.41        0        2294.93        0        
5802.58        0        2294.93        0        
5811.76        0        2294.93        0        
5820.94        0        2294.93        0        
5830.12        0        2294.93        0        
5839.3        0        2294.93        0        
5848.48        0        2294.93        0        
5857.66        0        2294.93        0        
5866.84        0        2294.93        0        
5876.02        0        2294.93        0        
5885.2        0        2294.93        0        
5894.38        0        2294.93        0        
5903.56        0        2294.93        0        
5912.74        0        2294.93        0        
5921.92        0        2294.93        0        
5931.1        0        2294.93        0        
5940.28        0        2294.93        0        
5949.46        0        2294.93        0        
5958.64        0        2294.93        0        
5967.82        0        2294.93        0        
5977        0        2294.93        0        
5986.18        0        2294.93        0        
5995.36        0        2294.93        0        
6004.54        0        2294.93        0        
6013.72        0        2294.93        0        
6022.9        0        2294.93        0        
6032.08        0        2294.93        0        
6041.26        0        2294.93        0        
6050.44        0        2294.93        0        
6059.62        0        2294.93        0        
6068.8        0        2294.93        0        
6077.98        0        2294.93        0        
6087.16        0        2294.93        0        
6096.34        0        2294.93        0        
6105.52        0        2294.93        0        
6114.7        0        2294.93        0        
6123.88        0        2294.93        0        
6133.05        0        2294.93        0        
6142.23        0        2294.93        0        
6151.41        0        2294.93        0        
6160.59        0        2294.93        0        
6169.77        0        2294.93        0        
6178.95        0        2294.93        0        
6188.13        0        2294.93        0        
6197.31        0        2294.93        0        
6206.49        0        2294.93        0        
6215.67        0        2294.93        0        
6224.85        0        2294.93        0        
6234.03        0        2294.93        0        
6243.21        0        2294.93        0        
6252.39        0        2294.93        0        
6261.57        0        2294.93        0        
6270.75        0        2294.93        0        
6279.93        0        2294.93        0        
6289.11        0        2294.93        0        
6298.29        0        2294.93        0        
6307.47        0        2294.93        0        
6316.65        0        2294.93        0        
6325.83        0        2294.93        0        
6335.01        0        2294.93        0        
6344.19        0        2294.93        0        
6353.37        0        2294.93        0        
6362.55        0        2294.93        0        
6371.73        0        2294.93        0        
6380.91        0        2294.93        0        
6390.09        0        2294.93        0        
6399.27        0        2294.93        0        
6408.45        0        2294.93        0        
6417.63        0        2294.93        0        
6426.81        0        2294.93        0        
6435.99        0        2294.93        0        
6445.17        0        2294.93        0        
6454.35        0        2294.93        0        
6463.52        0        2294.93        0        
6472.7        0        2294.93        0        
6481.88        0        2294.93        0        
6491.06        0        2294.93        0        
6500.24        0        2294.93        0        
6509.42        0        2294.93        0        
6518.6        0        2294.93        0        
6527.78        0        2294.93        0        
6536.96        0        2294.93        0        
6546.14        0        2294.93        0        
6555.32        0        2294.93        0        
6564.5        0        2294.93        0        
6573.68        0        2294.93        0        
6582.86        0        2294.93        0        
6592.04        0        2294.93        0        
6601.22        0        2294.93        0        
6610.4        0        2294.93        0        
6619.58        0        2294.93        0        
6628.76        0        2294.93        0        
6637.94        0        2294.93        0        
6647.12        0        2294.93        0        
6656.3        0        2294.93        0        
6665.48        0        2294.93        0        
6674.66        0        2294.93        0        
6683.84        0        2294.93        0        
6693.02        0        2294.93        0        
6702.2        0        2294.93        0        
6711.38        0        2294.93        0        
6720.56        0        2294.93        0        
6729.74        0        2294.93        0        
6738.92        0        2294.93        0        
6748.1        0        2294.93        0        
6757.28        0        2294.93        0        
6766.46        0        2294.93        0        
6775.64        0        2294.93        0        
6784.82        0        2294.93        0        
6793.99        0        2294.93        0        
6803.17        0        2294.93        0        
6812.35        0        2294.93        0        
6821.53        0        2294.93        0        
6830.71        0        2294.93        0        
6839.89        0        2294.93        0        
6849.07        0        2294.93        0        
6858.25        0        2294.93        0        
6867.43        0        2294.93        0        
6876.61        0        2294.93        0        
6885.79        0        2294.93        0        
6894.97        0        2294.93        0        
6904.15        0        2294.93        0        
6913.33        0        2294.93        0        
6922.51        0        2294.93        0        
6931.69        0        2294.93        0        
6940.87        0        2294.93        0        
6950.05        0        2294.93        0        
6959.23        0        2294.93        0        
6968.41        0        2294.93        0        
6977.59        0        2294.93        0        
6986.77        0        2294.93        0        
6995.95        0        2294.93        0        
7005.13        0        2294.93        0        
7014.31        0        2294.93        0        
7023.49        0        2294.93        0        
7032.67        0        2294.93        0        
7041.85        0        2294.93        0        
7051.03        0        2294.93        0        
7060.21        0        2294.93        0        
7069.39        0        2294.93        0        
7078.57        0        2294.93        0        
7087.75        0        2294.93        0        
7096.93        0        2294.93        0        
7106.11        0        2294.93        0        
7115.29        0        2294.93        0        
7124.46        0        2294.93        0        
7133.64        0        2294.93        0        
7142.82        0        2294.93        0        
7152        0        2294.93        0        
7161.18        0        2294.93        0        
7170.36        0        2294.93        0        
7179.54        0        2294.93        0        
7188.72        0        2294.93        0        
7197.9        0        2294.93        0        
7207.08        0        2294.93        0        
7216.26        0        2294.93        0        
7225.44        0        2294.93        0        
7234.62        0        2294.93        0        
7243.8        0        2294.93        0        
7252.98        0        2294.93        0        
7262.16        0        2294.93        0        
7271.34        0        2294.93        0        
7280.52        0        2294.93        0        
7289.7        0        2294.93        0        
7298.88        0        2294.93        0        
7308.06        0        2294.93        0        
7317.24        0        2294.93        0        
7326.42        0        2294.93        0        
7335.6        0        2294.93        0        
7344.78        0        2294.93        0        
7353.96        0        2294.93        0        
7363.14        0        2294.93        0        
7372.32        0        2294.93        0        
7381.5        0        2294.93        0        
7390.68        0        2294.93        0        
7399.86        0        2294.93        0        
7409.04        0        2294.93        0        
7418.22        0        2294.93        0        
7427.4        0        2294.93        0        
7436.58        0        2294.93        0        
7445.76        0        2294.93        0        
7454.93        0        2294.93        0        
7464.11        0        2294.93        0        
7473.29        0        2294.93        0        
7482.47        0        2294.93        0        
7491.65        0        2294.93        0        
7500.83        0        2294.93        0        
7510.01        0        2294.93        0        
7519.19        0        2294.93        0        
7528.37        0        2294.93        0        
7537.55        0        2294.93        0        
7546.73        0        2294.93        0        
7555.91        0        2294.93        0        
7565.09        0        2294.93        0        
7574.27        0        2294.93        0        
7583.45        0        2294.93        0        
7592.63        0        2294.93        0        
7601.81        0        2294.93        0        
7610.99        0        2294.93        0        
7620.17        0        2294.93        0        
7629.35        0        2294.93        0        
7638.53        0        2294.93        0        
7647.71        0        2294.93        0        
7656.89        0        2294.93        0        
7666.07        0        2294.93        0        
7675.25        0        2294.93        0        
7684.43        0        2294.93        0        
7693.61        0        2294.93        0        
7702.79        0        2294.93        0        
7711.97        0        2294.93        0        
7721.15        0        2294.93        0        
7730.33        0        2294.93        0        
7739.51        0        2294.93        0        
7748.69        0        2294.93        0        
7757.87        0        2294.93        0        
7767.05        0        2294.93        0        
7776.23        0        2294.93        0        
7785.4        0        2294.93        0        
7794.58        0        2294.93        0        
7803.76        0        2294.93        0        
7812.94        0        2294.93        0        
7822.12        0        2294.93        0        
7831.3        0        2294.93        0        
7840.48        0        2294.93        0        
7849.66        0        2294.93        0        
7858.84        0        2294.93        0        
7868.02        0        2294.93        0        
7877.2        0        2294.93        0        
7886.38        0        2294.93        0        
7895.56        0        2294.93        0        
7904.74        0        2294.93        0        
7913.92        0        2294.93        0        
7923.1        0        2294.93        0        
7932.28        0        2294.93        0        
7941.46        0        2294.93        0        
7950.64        0        2294.93        0        
7959.82        0        2294.93        0        
7969        0        2294.93        0        
7978.18        0        2294.93        0        
7987.36        0        2294.93        0        
7996.54        0        2294.93        0        
8005.72        0        2294.93        0        
8014.9        0        2294.93        0        
8024.08        0        2294.93        0        
8033.26        0        2294.93        0        
8042.44        0        2294.93        0        
8051.62        0        2294.93        0        
8060.8        0        2294.93        0        
8069.98        0        2294.93        0        
8079.16        0        2294.93        0        
8088.34        0        2294.93        0        
8097.52        0        2294.93        0        
8106.7        0        2294.93        0        
8115.87        0        2294.93        0        
8125.05        0        2294.93        0        
8134.23        0        2294.93        0        
8143.41        0        2294.93        0        
8152.59        0        2294.93        0        
8161.77        0        2294.93        0        
8170.95        0        2294.93        0        
8180.13        0        2294.93        0        
8189.31        0        2294.93        0        
8198.49        0        2294.93        0        
8207.67        0        2294.93        0        
8216.85        0        2294.93        0        
8226.03        0        2294.93        0        
8235.21        0        2294.93        0        
8244.39        0        2294.93        0        
8253.57        0        2294.93        0        
8262.75        0        2294.93        0        
8271.93        0        2294.93        0        
8281.11        0        2294.93        0        
8290.29        0        2294.93        0        
8299.47        0        2294.93        0        
8308.65        0        2294.93        0        
8317.83        0        2294.93        0        
8327.01        0        2294.93        0        
8336.19        0        2294.93        0        
8345.37        0        2294.93        0        
8354.55        0        2294.93        0        
8363.73        0        2294.93        0        
8372.91        0        2294.93        0        
8382.09        0        2294.93        0        
8391.27        0        2294.93        0        
8400.45        0        2294.93        0        
8409.63        0        2294.93        0        
8418.81        0        2294.93        0        
8427.99        0        2294.93        0        
8437.17        0        2294.93        0        
8446.34        0        2294.93        0        
8455.52        0        2294.93        0        
8464.7        0        2294.93        0        
8473.88        0        2294.93        0        
8483.06        0        2294.93        0        
8492.24        0        2294.93        0        
8501.42        0        2294.93        0        
8510.6        0        2294.93        0        
8519.78        0        2294.93        0        
8528.96        0        2294.93        0        
8538.14        0        2294.93        0        
8547.32        0        2294.93        0        
8556.5        0        2294.93        0        
8565.68        0        2294.93        0        
8574.86        0        2294.93        0        
8584.04        0        2294.93        0        
8593.22        0        2294.93        0        
8602.4        0        2294.93        0        
8611.58        0        2294.93        0        
8620.76        0        2294.93        0        
8629.94        0        2294.93        0        
8639.12        0        2294.93        0        
8648.3        0        2294.93        0        
8657.48        0        2294.93        0        
8666.66        0        2294.93        0        
8675.84        0        2294.93        0        
8685.02        0        2294.93        0        
8694.2        0        2294.93        0        
8703.38        0        2294.93        0        
8712.56        0        2294.93        0        
8721.74        0        2294.93        0        
8730.92        0        2294.93        0        
8740.1        0        2294.93        0        
8749.28        0        2294.93        0        
8758.46        0        2294.93        0        
8767.64        0        2294.93        0        
8776.81        0        2294.93        0        
8785.99        0        2294.93        0        
8795.17        0        2294.93        0        
8804.35        0        2294.93        0        
8813.53        0        2294.93        0        
8822.71        0        2294.93        0        
8831.89        0        2294.93        0        
8841.07        0        2294.93        0        
8850.25        0        2294.93        0        
8859.43        0        2294.93        0        
8868.61        0        2294.93        0        
8877.79        0        2294.93        0        
8886.97        0        2294.93        0        
8896.15        0        2294.93        0        
8905.33        0        2294.93        0        
8914.51        0        2294.93        0        
8923.69        0        2294.93        0        
8932.87        0        2294.93        0        
8942.05        0        2294.93        0        
8951.23        0        2294.93        0        
8960.41        0        2294.93        0        
8969.59        0        2294.93        0        
8978.77        0        2294.93        0        
8987.95        0        2294.93        0        
8997.13        0        2294.93        0        
9006.31        0        2294.93        0        
9015.49        0        2294.93        0        
9024.67        0        2294.93        0        
9033.85        0        2294.93        0        
9043.03        0        2294.93        0        
9052.21        0        2294.93        0        
9061.39        0        2294.93        0        
9070.57        0        2294.93        0        
9079.75        0        2294.93        0        
9088.93        0        2294.93        0        
9098.11        0        2294.93        0        
9107.28        0        2294.93        0        
9116.46        0        2294.93        0        
9125.64        0        2294.93        0        
9134.82        0        2294.93        0        
9144        0        2294.93        0        
9153.18        0        2294.93        0        
9162.36        0        2294.93        0        
9171.54        0        2294.93        0        
9180.72        0        2294.93        0        
9189.9        0        2294.93        0        
9199.08        0        2294.93        0        
9208.26        0        2294.93        0        
9217.44        0        2294.93        0        
9226.62        0        2294.93        0        
9235.8        0        2294.93        0        
9244.98        0        2294.93        0        
9254.16        0        2294.93        0        
9263.34        0        2294.93        0        
9272.52        0        2294.93        0        
9281.7        0        2294.93        0        
9290.88        0        2294.93        0        
9300.06        0        2294.93        0        
9309.24        0        2294.93        0        
9318.42        0        2294.93        0        
9327.6        0        2294.93        0        
9336.78        0        2294.93        0        
9345.96        0        2294.93        0        
9355.14        0        2294.93        0        
9364.32        0        2294.93        0        
9373.5        0        2294.93        0        
9382.68        0        2294.93        0        
9391.86        0        2294.93        0        
9401.04        0        2294.93        0        
9410.22        0        2294.93        0        
9419.4        0        2294.93        0        
9428.58        0        2294.93        0        
9437.75        0        2294.93        0        
9446.93        0        2294.93        0        
9456.11        0        2294.93        0        
9465.29        0        2294.93        0        
9474.47        0        2294.93        0        
9483.65        0        2294.93        0        
9492.83        0        2294.93        0        
9502.01        0        2294.93        0        
9511.19        0        2294.93        0        
9520.37        0        2294.93        0        
9529.55        0        2294.93        0        
9538.73        0        2294.93        0        
9547.91        0        2294.93        0        
9557.09        0        2294.93        0        
9566.27        0        2294.93        0        
9575.45        0        2294.93        0        
9584.63        0        2294.93        0        
9593.81        0        2294.93        0        
9602.99        0        2294.93        0        
9612.17        0        2294.93        0        
9621.35        0        2294.93        0        
9630.53        0        2294.93        0        
9639.71        0        2294.93        0        
9648.89        0        2294.93        0        
9658.07        0        2294.93        0        
9667.25        0        2294.93        0        
9676.43        0        2294.93        0        
9685.61        0        2294.93        0        
9694.79        0        2294.93        0        
9703.97        0        2294.93        0        
9713.15        0        2294.93        0        
9722.33        0        2294.93        0        
9731.51        0        2294.93        0        
9740.69        0        2294.93        0        
9749.87        0        2294.93        0        
9759.05        0        2294.93        0        
9768.22        0        2294.93        0        
9777.4        0        2294.93        0        
9786.58        0        2294.93        0        
9795.76        0        2294.93        0        
9804.94        0        2294.93        0        
9814.12        0        2294.93        0        
9823.3        0        2294.93        0        
9832.48        0        2294.93        0        
9841.66        0        2294.93        0        
9850.84        0        2294.93        0        
9860.02        0        2294.93        0        
9869.2        0        2294.93        0        
9878.38        0        2294.93        0        
9887.56        0        2294.93        0        
9896.74        0        2294.93        0        
9905.92        0        2294.93        0        
9915.1        0        2294.93        0        
9924.28        0        2294.93        0        
9933.46        0        2294.93        0        
9942.64        0        2294.93        0        
9951.82        0        2294.93        0        
9961        0        2294.93        0        
9970.18        0        2294.93        0        
9979.36        0        2294.93        0        
9988.54        0        2294.93        0        
9997.72        0        2294.93        0        
10006.9        0        2294.93        0        
10016.1        0        2294.93        0        
10025.3        0        2294.93        0        
10034.4        0        2294.93        0        
10043.6        0        2294.93        0        
10052.8        0        2294.93        0        
10062        0        2294.93        0        
10071.2        0        2294.93        0        
10080.3        0        2294.93        0        
10089.5        0        2294.93        0        
10098.7        0        2294.93        0        
10107.9        0        2294.93        0        
10117.1        0        2294.93        0        
10126.2        0        2294.93        0        
10135.4        0        2294.93        0        
10144.6        0        2294.93        0        
10153.8        0        2294.93        0        
10163        0        2294.93        0        
10172.1        0        2294.93        0        
10181.3        0        2294.93        0        
10190.5        0        2294.93        0        
10199.7        0        2294.93        0        
10208.9        0        2294.93        0        
10218        0        2294.93        0        
10227.2        0        2294.93        0        
10236.4        0        2294.93        0        
10245.6        0        2294.93        0        
10254.8        0        2294.93        0        
10263.9        0        2294.93        0        
10273.1        0        2294.93        0        
10282.3        0        2294.93        0        
10291.5        0        2294.93        0        
10300.6        0        2294.93        0        
10309.8        0        2294.93        0        
10319        0        2294.93        0        
10328.2        0        2294.93        0        
10337.4        0        2294.93        0        
10346.5        0        2294.93        0        
10355.7        0        2294.93        0        
10364.9        0        2294.93        0        
10374.1        0        2294.93        0        
10383.3        0        2294.93        0        
10392.4        0        2294.93        0        
10401.6        0        2294.93        0        
10410.8        0        2294.93        0        
10420        0        2294.93        0        
10429.2        0        2294.93        0        
10438.3        0        2294.93        0        
10447.5        0        2294.93        0        
10456.7        0        2294.93        0        
10465.9        0        2294.93        0        
10475.1        0        2294.93        0        
10484.2        0        2294.93        0        
10493.4        0        2294.93        0        
10502.6        0        2294.93        0        
10511.8        0        2294.93        0        
10521        0        2294.93        0        
10530.1        0        2294.93        0        
10539.3        0        2294.93        0        
10548.5        0        2294.93        0        
10557.7        0        2294.93        0        
10566.9        0        2294.93        0        
10576        0        2294.93        0        
10585.2        0        2294.93        0        
10594.4        0        2294.93        0        
10603.6        0        2294.93        0        
10612.8        0        2294.93        0        
10621.9        0        2294.93        0        
10631.1        0        2294.93        0        
10640.3        0        2294.93        0        
10649.5        0        2294.93        0        
10658.7        0        2294.93        0        
10667.8        0        2294.93        0        
10677        0        2294.93        0        
10686.2        0        2294.93        0        
10695.4        0        2294.93        0        
10704.6        0        2294.93        0        
10713.7        0        2294.93        0        
10722.9        0        2294.93        0        
10732.1        0        2294.93        0        
10741.3        0        2294.93        0        
10750.5        0        2294.93        0        
10759.6        0        2294.93        0        
10768.8        0        2294.93        0        
10778        0        2294.93        0        
10787.2        0        2294.93        0        
10796.4        0        2294.93        0        
10805.5        0        2294.93        0        
10814.7        0        2294.93        0        
10823.9        0        2294.93        0        
10833.1        0        2294.93        0        
10842.3        0        2294.93        0        
10851.4        0        2294.93        0        
10860.6        0        2294.93        0        
10869.8        0        2294.93        0        
10879        0        2294.93        0        
10888.2        0        2294.93        0        
10897.3        0        2294.93        0        
10906.5        0        2294.93        0        
10915.7        0        2294.93        0        
10924.9        0        2294.93        0        
10934        0        2294.93        0        
10943.2        0        2294.93        0        
10952.4        0        2294.93        0        
10961.6        0        2294.93        0        
10970.8        0        2294.93        0        
10979.9        0        2294.93        0        
10989.1        0        2294.93        0        
10998.3        0        2294.93        0        
11007.5        0        2294.93        0        
11016.7        0        2294.93        0        
11025.8        0        2294.93        0        
11035        0        2294.93        0        
11044.2        0        2294.93        0        
11053.4        0        2294.93        0        
11062.6        0        2294.93        0        
11071.7        0        2294.93        0        
11080.9        0        2294.93        0        
11090.1        0        2294.93        0        
11099.3        0        2294.93        0        
11108.5        0        2294.93        0        
11117.6        0        2294.93        0        
11126.8        0        2294.93        0        
11136        0        2294.93        0        
11145.2        0        2294.93        0        
11154.4        0        2294.93        0        
11163.5        0        2294.93        0        
11172.7        0        2294.93        0        
11181.9        0        2294.93        0        
11191.1        0        2294.93        0        
11200.3        0        2294.93        0        
11209.4        0        2294.93        0        
11218.6        0        2294.93        0        
11227.8        0        2294.93        0        
11237        0        2294.93        0        
11246.2        0        2294.93        0        
11255.3        0        2294.93        0        
11264.5        0        2294.93        0        
11273.7        0        2294.93        0        
11282.9        0        2294.93        0        
11292.1        0        2294.93        0        
11301.2        0        2294.93        0        
11310.4        0        2294.93        0        
11319.6        0        2294.93        0        
11328.8        0        2294.93        0        
11338        0        2294.93        0        
11347.1        0        2294.93        0        
11356.3        0        2294.93        0        
11365.5        0        2294.93        0        
11374.7        0        2294.93        0        
11383.9        0        2294.93        0        
11393        0        2294.93        0        
11402.2        0        2294.93        0        
11411.4        0        2294.93        0        
11420.6        0        2294.93        0        
11429.8        0        2294.93        0        
11438.9        0        2294.93        0        
11448.1        0        2294.93        0        
11457.3        0        2294.93        0        
11466.5        0        2294.93        0        
11475.7        0        2294.93        0        
11484.8        0        2294.93        0        
11494        0        2294.93        0        
11503.2        0        2294.93        0        
11512.4        0        2294.93        0        
11521.6        0        2294.93        0        
11530.7        0        2294.93        0        
11539.9        0        2294.93        0        
11549.1        0        2294.93        0        
11558.3        0        2294.93        0        
11567.5        0        2294.93        0        
11576.6        0        2294.93        0        
11585.8        0        2294.93        0        
11595        0        2294.93        0        
11604.2        0        2294.93        0        
11613.3        0        2294.93        0        
11622.5        0        2294.93        0        
11631.7        0        2294.93        0        
11640.9        0        2294.93        0        
11650.1        0        2294.93        0        
11659.2        0        2294.93        0        
11668.4        0        2294.93        0        
11677.6        0        2294.93        0        
11686.8        0        2294.93        0        
11696        0        2294.93        0        
11705.1        0        2294.93        0        
11714.3        0        2294.93        0        
11723.5        0        2294.93        0        
11732.7        0        2294.93        0        
11741.9        0        2294.93        0        
11751        0        2294.93        0        
11760.2        0        2294.93        0        
11769.4        0        2294.93        0        
11778.6        0        2294.93        0        
11787.8        0        2294.93        0        
11796.9        0        2294.93        0        
11806.1        0        2294.93        0        
11815.3        0        2294.93        0        
11824.5        0        2294.93        0        
11833.7        0        2294.93        0        
11842.8        0        2294.93        0        
11852        0        2294.93        0        
11861.2        0        2294.93        0        
11870.4        0        2294.93        0        
11879.6        0        2294.93        0        
11888.7        0        2294.93        0        
11897.9        0        2294.93        0        
11907.1        0        2294.93        0        
11916.3        0        2294.93        0        
11925.5        0        2294.93        0        
11934.6        0        2294.93        0        
11943.8        0        2294.93        0        
11953        0        2294.93        0        
11962.2        0        2294.93        0        
11971.4        0        2294.93        0        
11980.5        0        2294.93        0        
11989.7        0        2294.93        0        
11998.9        0        2294.93        0        
12008.1        0        2294.93        0        
12017.3        0        2294.93        0        
12026.4        0        2294.93        0        
12035.6        0        2294.93        0        
12044.8        0        2294.93        0        
12054        0        2294.93        0        
12063.2        0        2294.93        0        
12072.3        0        2294.93        0        
12081.5        0        2294.93        0        
12090.7        0        2294.93        0        
12099.9        0        2294.93        0        
12109.1        0        2294.93        0        
12118.2        0        2294.93        0        
12127.4        0        2294.93        0        
12136.6        0        2294.93        0        
12145.8        0        2294.93        0        
12155        0        2294.93        0        
12164.1        0        2294.93        0        
12173.3        0        2294.93        0        
12182.5        0        2294.93        0        
12191.7        0        2294.93        0        
12200.9        0        2294.93        0        
12210        0        2294.93        0        
12219.2        0        2294.93        0        
12228.4        0        2294.93        0        
12237.6        0        2294.93        0        
12246.7        0        2294.93        0        
12255.9        0        2294.93        0        
12265.1        0        2294.93        0        
12274.3        0        2294.93        0        
12283.5        0        2294.93        0        
12292.6        0        2294.93        0        
12301.8        0        2294.93        0        
12311        0        2294.93        0        
12320.2        0        2294.93        0        
12329.4        0        2294.93        0        
12338.5        0        2294.93        0        
12347.7        0        2294.93        0        
12356.9        0        2294.93        0        
12366.1        0        2294.93        0        
12375.3        0        2294.93        0        
12384.4        0        2294.93        0        
12393.6        0        2294.93        0        
12402.8        0        2294.93        0        
12412        0        2294.93        0        
12421.2        0        2294.93        0        
12430.3        0        2294.93        0        
12439.5        0        2294.93        0        
12448.7        0        2294.93        0        
12457.9        0        2294.93        0        
12467.1        0        2294.93        0        
12476.2        0        2294.93        0        
12485.4        0        2294.93        0        
12494.6        0        2294.93        0        
12503.8        0        2294.93        0        
12513        0        2294.93        0        
12522.1        0        2294.93        0        
12531.3        0        2294.93        0        
12540.5        0        2294.93        0        
12549.7        0        2294.93        0        
12558.9        0        2294.93        0        
12568        0        2294.93        0        
12577.2        0        2294.93        0        
12586.4        0        2294.93        0        
12595.6        0        2294.93        0        
12604.8        0        2294.93        0        
12613.9        0        2294.93        0        
12623.1        0        2294.93        0        
12632.3        0        2294.93        0        
12641.5        0        2294.93        0        
12650.7        0        2294.93        0        
12659.8        0        2294.93        0        
12669        0        2294.93        0        
12678.2        0        2294.93        0        
12687.4        0        2294.93        0        
12696.6        0        2294.93        0        
12705.7        0        2294.93        0        
12714.9        0        2294.93        0        
12724.1        0        2294.93        0        
12733.3        0        2294.93        0        
12742.5        0        2294.93        0        
12751.6        0        2294.93        0        
12760.8        0        2294.93        0        
12770        0        2294.93        0        
12779.2        0        2294.93        0        
12788.4        0        2294.93        0        
12797.5        0        2294.93        0        
12806.7        0        2294.93        0        
12815.9        0        2294.93        0        
12825.1        0        2294.93        0        
12834.3        0        2294.93        0        
12843.4        0        2294.93        0        
12852.6        0        2294.93        0        
12861.8        0        2294.93        0        
12871        0        2294.93        0        
12880.2        0        2294.93        0        
12889.3        0        2294.93        0        
12898.5        0        2294.93        0        
12907.7        0        2294.93        0        
12916.9        0        2294.93        0        
12926        0        2294.93        0        
12935.2        0        2294.93        0        
12944.4        0        2294.93        0        
12953.6        0        2294.93        0        
12962.8        0        2294.93        0        
12971.9        0        2294.93        0        
12981.1        0        2294.93        0        
12990.3        0        2294.93        0        
12999.5        0        2294.93        0        
13008.7        0        2294.93        0        
13017.8        0        2294.93        0        
13027        0        2294.93        0        
13036.2        0        2294.93        0        
13045.4        0        2294.93        0        
13054.6        0        2294.93        0        
13063.7        0        2294.93        0        
13072.9        0        2294.93        0        
13082.1        0        2294.93        0        
13091.3        0        2294.93        0        
13100.5        0        2294.93        0        
13109.6        0        2294.93        0        
13118.8        0        2294.93        0        
13128        0        2294.93        0        
13137.2        0        2294.93        0        
13146.4        0        2294.93        0        
13155.5        0        2294.93        0        
13164.7        0        2294.93        0        
13173.9        0        2294.93        0        
13183.1        0        2294.93        0        
13192.3        0        2294.93        0        
13201.4        0        2294.93        0        
13210.6        0        2294.93        0        
13219.8        0        2294.93        0        
13229        0        2294.93        0        
13238.2        0        2294.93        0        
13247.3        0        2294.93        0        
13256.5        0        2294.93        0        
13265.7        0        2294.93        0        
13274.9        0        2294.93        0        
13284.1        0        2294.93        0        
13293.2        0        2294.93        0        
13302.4        0        2294.93        0        
13311.6        0        2294.93        0        
13320.8        0        2294.93        0        
13330        0        2294.93        0        
13339.1        0        2294.93        0        
13348.3        0        2294.93        0        
13357.5        0        2294.93        0        
13366.7        0        2294.93        0        
13375.9        0        2294.93        0        
13385        0        2294.93        0        
13394.2        0        2294.93        0        
13403.4        0        2294.93        0        
13412.6        0        2294.93        0        
13421.8        0        2294.93        0        
13430.9        0        2294.93        0        
13440.1        0        2294.93        0        
13449.3        0        2294.93        0        
13458.5        0        2294.93        0        
13467.7        0        2294.93        0        
13476.8        0        2294.93        0        
13486        0        2294.93        0        
13495.2        0        2294.93        0        
13504.4        0        2294.93        0        
13513.6        0        2294.93        0        
13522.7        0        2294.93        0        
13531.9        0        2294.93        0        
13541.1        0        2294.93        0        
13550.3        0        2294.93        0        
13559.5        0        2294.93        0        
13568.6        0        2294.93        0        
13577.8        0        2294.93        0        
13587        0        2294.93        0        
13596.2        0        2294.93        0        
13605.3        0        2294.93        0        
13614.5        0        2294.93        0        
13623.7        0        2294.93        0        
13632.9        0        2294.93        0        
13642.1        0        2294.93        0        
13651.2        0        2294.93        0        
13660.4        0        2294.93        0        
13669.6        0        2294.93        0        
13678.8        0        2294.93        0        
13688        0        2294.93        0        
13697.1        0        2294.93        0        
13706.3        0        2294.93        0        
13715.5        0        2294.93        0        
13724.7        0        2294.93        0        
13733.9        0        2294.93        0        
13743        0        2294.93        0        
13752.2        0        2294.93        0        
13761.4        0        2294.93        0        
13770.6        0        2294.93        0        
13779.8        0        2294.93        0        
13788.9        0        2294.93        0        
13798.1        0        2294.93        0        
13807.3        0        2294.93        0        
13816.5        0        2294.93        0        
13825.7        0        2294.93        0        
13834.8        0        2294.93        0        
13844        0        2294.93        0        
13853.2        0        2294.93        0        
13862.4        0        2294.93        0        
13871.6        0        2294.93        0        
13880.7        0        2294.93        0        
13889.9        0        2294.93        0        
13899.1        0        2294.93        0        
13908.3        0        2294.93        0        
13917.5        0        2294.93        0        
13926.6        0        2294.93        0        
13935.8        0        2294.93        0        
13945        0        2294.93        0        
13954.2        0        2294.93        0        
13963.4        0        2294.93        0        
13972.5        0        2294.93        0        
13981.7        0        2294.93        0        
13990.9        0        2294.93        0        
14000.1        0        2294.93        0        
14009.3        0        2294.93        0        
14018.4        0        2294.93        0        
14027.6        0        2294.93        0        
14036.8        0        2294.93        0        
14046        0        2294.93        0        
14055.2        0        2294.93        0        
14064.3        0        2294.93        0        
14073.5        0        2294.93        0        
14082.7        0        2294.93        0        
14091.9        0        2294.93        0        
14101.1        0        2294.93        0        
14110.2        0        2294.93        0        
14119.4        0        2294.93        0        
14128.6        0        2294.93        0        
14137.8        0        2294.93        0        
14147        0        2294.93        0        
14156.1        0        2294.93        0        
14165.3        0        2294.93        0        
14174.5        0        2294.93        0        
14183.7        0        2294.93        0        
14192.9        0        2294.93        0        
14202        0        2294.93        0        
14211.2        0        2294.93        0        
14220.4        0        2294.93        0        
14229.6        0        2294.93        0        
14238.7        0        2294.93        0        
14247.9        0        2294.93        0        
14257.1        0        2294.93        0        
14266.3        0        2294.93        0        
14275.5        0        2294.93        0        
14284.6        0        2294.93        0        
14293.8        0        2294.93        0        
14303        0        2294.93        0        
14312.2        0        2294.93        0        
14321.4        0        2294.93        0        
14330.5        0        2294.93        0        
14339.7        0        2294.93        0        
14348.9        0        2294.93        0        
14358.1        0        2294.93        0        
14367.3        0        2294.93        0        
14376.4        0        2294.93        0        
14385.6        0        2294.93        0        
14394.8        0        2294.93        0        
14404        0        2294.93        0        
14413.2        0        2294.93        0        
14422.3        0        2294.93        0        
14431.5        0        2294.93        0        
14440.7        0        2294.93        0        
14449.9        0        2294.93        0        
14459.1        0        2294.93        0        
14468.2        0        2294.93        0        
14477.4        0        2294.93        0        
14486.6        0        2294.93        0        
14495.8        0        2294.93        0        
14505        0        2294.93        0        
14514.1        0        2294.93        0        
14523.3        0        2294.93        0        
14532.5        0        2294.93        0        
14541.7        0        2294.93        0        
14550.9        0        2294.93        0        
14560        0        2294.93        0        
14569.2        0        2294.93        0        
14578.4        0        2294.93        0        
14587.6        0        2294.93        0        
14596.8        0        2294.93        0        
14605.9        0        2294.93        0        
14615.1        0        2294.93        0        
14624.3        0        2294.93        0        
14633.5        0        2294.93        0        
14642.7        0        2294.93        0        
14651.8        0        2294.93        0        
14661        0        2294.93        0        
14670.2        0        2294.93        0        
14679.4        0        2294.93        0        
14688.6        0        2294.93        0        
14697.7        0        2294.93        0        
14706.9        0        2294.93        0        
14716.1        0        2294.93        0        
14725.3        0        2294.93        0        
14734.5        0        2294.93        0        
14743.6        0        2294.93        0        
14752.8        0        2294.93        0        
14762        0        2294.93        0        
14771.2        0        2294.93        0        
14780.4        0        2294.93        0        
14789.5        0        2294.93        0        
14798.7        0        2294.93        0        
14807.9        0        2294.93        0        
14817.1        0        2294.93        0        
14826.3        0        2294.93        0        
14835.4        0        2294.93        0        
14844.6        0        2294.93        0        
14853.8        0        2294.93        0        
14863        0        2294.93        0        
14872.2        0        2294.93        0        
14881.3        0        2294.93        0        
14890.5        0        2294.93        0        
14899.7        0        2294.93        0        
14908.9        0        2294.93        0        
14918        0        2294.93        0        
14927.2        0        2294.93        0        
14936.4        0        2294.93        0        
14945.6        0        2294.93        0        
14954.8        0        2294.93        0        
14963.9        0        2294.93        0        
14973.1        0        2294.93        0        
14982.3        0        2294.93        0        
14991.5        0        2294.93        0        
15000.7        0        2294.93        0        
15009.8        0        2294.93        0        
15019        0        2294.93        0        
15028.2        0        2294.93        0        
15037.4        0        2294.93        0        
15046.6        0        2294.93        0        
15055.7        0        2294.93        0        
15064.9        0        2294.93        0        
15074.1        0        2294.93        0        
15083.3        0        2294.93        0        
15092.5        0        2294.93        0        
15101.6        0        2294.93        0        
15110.8        0        2294.93        0        
15120        0        2294.93        0        
15129.2        0        2294.93        0        
15138.4        0        2294.93        0        
15147.5        0        2294.93        0        
15156.7        0        2294.93        0        
15165.9        0        2294.93        0        
15175.1        0        2294.93        0        
15184.3        0        2294.93        0        
15193.4        0        2294.93        0        
15202.6        0        2294.93        0        
15211.8        0        2294.93        0        
15221        0        2294.93        0        
15230.2        0        2294.93        0        
15239.3        0        2294.93        0        
15248.5        0        2294.93        0        
15257.7        0        2294.93        0        
15266.9        0        2294.93        0        
15276.1        0        2294.93        0        
15285.2        0        2294.93        0        
15294.4        0        2294.93        0        
15303.6        0        2294.93        0        
15312.8        0        2294.93        0        
15322        0        2294.93        0        
15331.1        0        2294.93        0        
15340.3        0        2294.93        0        
15349.5        0        2294.93        0        
15358.7        0        2294.93        0        
15367.9        0        2294.93        0        
15377        0        2294.93        0        
15386.2        0        2294.93        0        
15395.4        0        2294.93        0        
15404.6        0        2294.93        0        
15413.8        0        2294.93        0        
15422.9        0        2294.93        0        
15432.1        0        2294.93        0        
15441.3        0        2294.93        0        
15450.5        0        2294.93        0        
15459.7        0        2294.93        0        
15468.8        0        2294.93        0        
15478        0        2294.93        0        
15487.2        0        2294.93        0        
15496.4        0        2294.93        0        
15505.6        0        2294.93        0        
15514.7        0        2294.93        0        
15523.9        0        2294.93        0        
15533.1        0        2294.93        0        
15542.3        0        2294.93        0        
15551.5        0        2294.93        0        
15560.6        0        2294.93        0        
15569.8        0        2294.93        0        
15579        0        2294.93        0        
15588.2        0        2294.93        0        
15597.3        0        2294.93        0        
15606.5        0        2294.93        0        
15615.7        0        2294.93        0        
15624.9        0        2294.93        0        
15634.1        0        2294.93        0        
15643.2        0        2294.93        0        
15652.4        0        2294.93        0        
15661.6        0        2294.93        0        
15670.8        0        2294.93        0        
15680        0        2294.93        0        
15689.1        0        2294.93        0        
15698.3        0        2294.93        0        
15707.5        0        2294.93        0        
15716.7        0        2294.93        0        
15725.9        0        2294.93        0        
15735        0        2294.93        0        
15744.2        0        2294.93        0        
15753.4        0        2294.93        0        
15762.6        0        2294.93        0        
15771.8        0        2294.93        0        
15780.9        0        2294.93        0        
15790.1        0        2294.93        0        
15799.3        0        2294.93        0        
15808.5        0        2294.93        0        
15817.7        0        2294.93        0        
15826.8        0        2294.93        0        
15836        0        2294.93        0        
15845.2        0        2294.93        0        
15854.4        0        2294.93        0        
15863.6        0        2294.93        0        
15872.7        0        2294.93        0        
15881.9        0        2294.93        0        
15891.1        0        2294.93        0        
15900.3        0        2294.93        0        
15909.5        0        2294.93        0        
15918.6        0        2294.93        0        
15927.8        0        2294.93        0        
15937        0        2294.93        0        
15946.2        0        2294.93        0        
15955.4        0        2294.93        0        
15964.5        0        2294.93        0        
15973.7        0        2294.93        0        
15982.9        0        2294.93        0        
15992.1        0        2294.93        0        
16001.3        0        2294.93        0        
16010.4        0        2294.93        0        
16019.6        0        2294.93        0        
16028.8        0        2294.93        0        
16038        0        2294.93        0        
16047.2        0        2294.93        0        
16056.3        0        2294.93        0        
16065.5        0        2294.93        0        
16074.7        0        2294.93        0        
16083.9        0        2294.93        0        
16093.1        0        2294.93        0        
16102.2        0        2294.93        0        
16111.4        0        2294.93        0        
16120.6        0        2294.93        0        
16129.8        0        2294.93        0        
16139        0        2294.93        0        
16148.1        0        2294.93        0        
16157.3        0        2294.93        0        
16166.5        0        2294.93        0        
16175.7        0        2294.93        0        
16184.9        0        2294.93        0        
16194        0        2294.93        0        
16203.2        0        2294.93        0        
16212.4        0        2294.93        0        
16221.6        0        2294.93        0        
16230.7        0        2294.93        0        
16239.9        0        2294.93        0        
16249.1        0        2294.93        0        
16258.3        0        2294.93        0        
16267.5        0        2294.93        0        
16276.6        0        2294.93        0        
16285.8        0        2294.93        0        
16295        0        2294.93        0        
16304.2        0        2294.93        0        
16313.4        0        2294.93        0        
16322.5        0        2294.93        0        
16331.7        0        2294.93        0        
16340.9        0        2294.93        0        
16350.1        0        2294.93        0        
16359.3        0        2294.93        0        
16368.4        0        2294.93        0        
16377.6        0        2294.93        0        
16386.8        0        2294.93        0        
16396        0        2294.93        0        
16405.2        0        2294.93        0        
16414.3        0        2294.93        0        
16423.5        0        2294.93        0        
16432.7        0        2294.93        0        
16441.9        0        2294.93        0        
16451.1        0        2294.93        0        
16460.2        0        2294.93        0        
16469.4        0        2294.93        0        
16478.6        0        2294.93        0        
16487.8        0        2294.93        0        
16497        0        2294.93        0        
16506.1        0        2294.93        0        
16515.3        0        2294.93        0        
16524.5        0        2294.93        0        
16533.7        0        2294.93        0        
16542.9        0        2294.93        0        
16552        0        2294.93        0        
16561.2        0        2294.93        0        
16570.4        0        2294.93        0        
16579.6        0        2294.93        0        
16588.8        0        2294.93        0        
16597.9        0        2294.93        0        
16607.1        0        2294.93        0        
16616.3        0        2294.93        0        
16625.5        0        2294.93        0        
16634.7        0        2294.93        0        
16643.8        0        2294.93        0        
16653        0        2294.93        0        
16662.2        0        2294.93        0        
16671.4        0        2294.93        0        
16680.6        0        2294.93        0        
16689.7        0        2294.93        0        
16698.9        0        2294.93        0        
16708.1        0        2294.93        0        
16717.3        0        2294.93        0        
16726.5        0        2294.93        0        
16735.6        0        2294.93        0        
16744.8        0        2294.93        0        
16754        0        2294.93        0        
16763.2        0        2294.93        0        
16772.4        0        2294.93        0        
16781.5        0        2294.93        0        
16790.7        0        2294.93        0        
16799.9        0        2294.93        0        
16809.1        0        2294.93        0        
16818.3        0        2294.93        0        
16827.4        0        2294.93        0        
16836.6        0        2294.93        0        
16845.8        0        2294.93        0        
16855        0        2294.93        0        
16864.2        0        2294.93        0        
16873.3        0        2294.93        0        
16882.5        0        2294.93        0        
16891.7        0        2294.93        0        
16900.9        0        2294.93        0        
16910        0        2294.93        0        
16919.2        0        2294.93        0        
16928.4        0        2294.93        0        
16937.6        0        2294.93        0        
16946.8        0        2294.93        0        
16955.9        0        2294.93        0        
16965.1        0        2294.93        0        
16974.3        0        2294.93        0        
16983.5        0        2294.93        0        
16992.7        0        2294.93        0        
17001.8        0        2294.93        0        
17011        0        2294.93        0        
17020.2        0        2294.93        0        
17029.4        0        2294.93        0        
17038.6        0        2294.93        0        
17047.7        0        2294.93        0        
17056.9        0        2294.93        0        
17066.1        0        2294.93        0        
17075.3        0        2294.93        0        
17084.5        0        2294.93        0        
17093.6        0        2294.93        0        
17102.8        0        2294.93        0        
17112        0        2294.93        0        
17121.2        0        2294.93        0        
17130.4        0        2294.93        0        
17139.5        0        2294.93        0        
17148.7        0        2294.93        0        
17157.9        0        2294.93        0        
17167.1        0        2294.93        0        
17176.3        0        2294.93        0        
17185.4        0        2294.93        0        
17194.6        0        2294.93        0        
17203.8        0        2294.93        0        
17213        0        2294.93        0        
17222.2        0        2294.93        0        
17231.3        0        2294.93        0        
17240.5        0        2294.93        0        
17249.7        0        2294.93        0        
17258.9        0        2294.93        0        
17268.1        0        2294.93        0        
17277.2        0        2294.93        0        
17286.4        0        2294.93        0        
17295.6        0        2294.93        0        
17304.8        0        2294.93        0        
17314        0        2294.93        0        
17323.1        0        2294.93        0        
17332.3        0        2294.93        0        
17341.5        0        2294.93        0        
17350.7        0        2294.93        0        
17359.9        0        2294.93        0        
17369        0        2294.93        0        
17378.2        0        2294.93        0        
17387.4        0        2294.93        0        
17396.6        0        2294.93        0        
17405.8        0        2294.93        0        
17414.9        0        2294.93        0        
17424.1        0        2294.93        0        
17433.3        0        2294.93        0        
17442.5        0        2294.93        0        
17451.7        0        2294.93        0        
17460.8        0        2294.93        0        
17470        0        2294.93        0        
17479.2        0        2294.93        0        
17488.4        0        2294.93        0        
17497.6        0        2294.93        0        
17506.7        0        2294.93        0        
17515.9        0        2294.93        0        
17525.1        0        2294.93        0        
17534.3        0        2294.93        0        
17543.4        0        2294.93        0        
17552.6        0        2294.93        0        
17561.8        0        2294.93        0        
17571        0        2294.93        0        
17580.2        0        2294.93        0        
17589.3        0        2294.93        0        
17598.5        0        2294.93        0        
17607.7        0        2294.93        0        
17616.9        0        2294.93        0        
17626.1        0        2294.93        0        
17635.2        0        2294.93        0        
17644.4        0        2294.93        0        
17653.6        0        2294.93        0        
17662.8        0        2294.93        0        
17672        0        2294.93        0        
17681.1        0        2294.93        0        
17690.3        0        2294.93        0        
17699.5        0        2294.93        0        
17708.7        0        2294.93        0        
17717.9        0        2294.93        0        
17727        0        2294.93        0        
17736.2        0        2294.93        0        
17745.4        0        2294.93        0        
17754.6        0        2294.93        0        
17763.8        0        2294.93        0        
17772.9        0        2294.93        0        
17782.1        0        2294.93        0        
17791.3        0        2294.93        0        
17800.5        0        2294.93        0        
17809.7        0        2294.93        0        
17818.8        0        2294.93        0        
17828        0        2294.93        0        
17837.2        0        2294.93        0        
17846.4        0        2294.93        0        
17855.6        0        2294.93        0        
17864.7        0        2294.93        0        
17873.9        0        2294.93        0        
17883.1        0        2294.93        0        
17892.3        0        2294.93        0        
17901.5        0        2294.93        0        
17910.6        0        2294.93        0        
17919.8        0        2294.93        0        
17929        0        2294.93        0        
17938.2        0        2294.93        0        
17947.4        0        2294.93        0        
17956.5        0        2294.93        0        
17965.7        0        2294.93        0        
17974.9        0        2294.93        0        
17984.1        0        2294.93        0        
17993.3        0        2294.93        0        
18002.4        0        2294.93        0        
18011.6        0        2294.93        0        
18020.8        0        2294.93        0        
18030        0        2294.93        0        
18039.2        0        2294.93        0        
18048.3        0        2294.93        0        
18057.5        0        2294.93        0        
18066.7        0        2294.93        0        
18075.9        0        2294.93        0        
18085.1        0        2294.93        0        
18094.2        0        2294.93        0        
18103.4        0        2294.93        0        
18112.6        0        2294.93        0        
18121.8        0        2294.93        0        
18131        0        2294.93        0        
18140.1        0        2294.93        0        
18149.3        0        2294.93        0        
18158.5        0        2294.93        0        
18167.7        0        2294.93        0        
18176.9        0        2294.93        0        
18186        0        2294.93        0        
18195.2        0        2294.93        0        
18204.4        0        2294.93        0        
18213.6        0        2294.93        0        
18222.7        0        2294.93        0        
18231.9        0        2294.93        0        
18241.1        0        2294.93        0        
18250.3        0        2294.93        0        
18259.5        0        2294.93        0        
18268.6        0        2294.93        0        
18277.8        0        2294.93        0        
18287        0        2294.93        0        
18296.2        0        2294.93        0        
18305.4        0        2294.93        0        
18314.5        0        2294.93        0        
18323.7        0        2294.93        0        
18332.9        0        2294.93        0        
18342.1        0        2294.93        0        
18351.3        0        2294.93        0        
