Euler algorithm (2D)
jupiter (x, y, vx, vy)
Timestep: 8 years

1.5237        0        1859.18        0        
8.9604        0        1859.18        0        
16.3971        0        1859.17        0        
23.8338        0        1859.17        0        
31.2705        0        1859.17        0        
38.7072        0        1859.17        0        
46.1439        0        1859.17        0        
53.5806        0        1859.17        0        
61.0172        0        1859.17        0        
68.4539        0        1859.17        0        
75.8906        0        1859.17        0        
83.3273        0        1859.17        0        
90.764        0        1859.17        0        
98.2007        0        1859.17        0        
105.637        0        1859.17        0        
113.074        0        1859.17        0        
120.511        0        1859.17        0        
127.947        0        1859.17        0        
135.384        0        1859.17        0        
142.821        0        1859.17        0        
150.258        0        1859.17        0        
157.694        0        1859.17        0        
165.131        0        1859.17        0        
172.568        0        1859.17        0        
180.004        0        1859.17        0        
187.441        0        1859.17        0        
194.878        0        1859.17        0        
202.314        0        1859.17        0        
209.751        0        1859.17        0        
217.188        0        1859.17        0        
224.624        0        1859.17        0        
232.061        0        1859.17        0        
239.498        0        1859.17        0        
246.934        0        1859.17        0        
254.371        0        1859.17        0        
261.808        0        1859.17        0        
269.245        0        1859.17        0        
276.681        0        1859.17        0        
284.118        0        1859.17        0        
291.555        0        1859.17        0        
298.991        0        1859.17        0        
306.428        0        1859.17        0        
313.865        0        1859.17        0        
321.301        0        1859.17        0        
328.738        0        1859.17        0        
336.175        0        1859.17        0        
343.611        0        1859.17        0        
351.048        0        1859.17        0        
358.485        0        1859.17        0        
365.921        0        1859.17        0        
373.358        0        1859.17        0        
380.795        0        1859.17        0        
388.232        0        1859.17        0        
395.668        0        1859.17        0        
403.105        0        1859.17        0        
410.542        0        1859.17        0        
417.978        0        1859.17        0        
425.415        0        1859.17        0        
432.852        0        1859.17        0        
440.288        0        1859.17        0        
447.725        0        1859.17        0        
455.162        0        1859.17        0        
462.598        0        1859.17        0        
470.035        0        1859.17        0        
477.472        0        1859.17        0        
484.908        0        1859.17        0        
492.345        0        1859.17        0        
499.782        0        1859.17        0        
507.218        0        1859.17        0        
514.655        0        1859.17        0        
522.092        0        1859.17        0        
529.529        0        1859.17        0        
536.965        0        1859.17        0        
544.402        0        1859.17        0        
551.839        0        1859.17        0        
559.275        0        1859.17        0        
566.712        0        1859.17        0        
574.149        0        1859.17        0        
581.585        0        1859.17        0        
589.022        0        1859.17        0        
596.459        0        1859.17        0        
603.895        0        1859.17        0        
611.332        0        1859.17        0        
618.769        0        1859.17        0        
626.205        0        1859.17        0        
633.642        0        1859.17        0        
641.079        0        1859.17        0        
648.516        0        1859.17        0        
655.952        0        1859.17        0        
663.389        0        1859.17        0        
670.826        0        1859.17        0        
678.262        0        1859.17        0        
685.699        0        1859.17        0        
693.136        0        1859.17        0        
700.572        0        1859.17        0        
708.009        0        1859.17        0        
715.446        0        1859.17        0        
722.882        0        1859.17        0        
730.319        0        1859.17        0        
737.756        0        1859.17        0        
745.192        0        1859.17        0        
752.629        0        1859.17        0        
760.066        0        1859.17        0        
767.503        0        1859.17        0        
774.939        0        1859.17        0        
782.376        0        1859.17        0        
789.813        0        1859.17        0        
797.249        0        1859.17        0        
804.686        0        1859.17        0        
812.123        0        1859.17        0        
819.559        0        1859.17        0        
826.996        0        1859.17        0        
834.433        0        1859.17        0        
841.869        0        1859.17        0        
849.306        0        1859.17        0        
856.743        0        1859.17        0        
864.179        0        1859.17        0        
871.616        0        1859.17        0        
879.053        0        1859.17        0        
886.49        0        1859.17        0        
893.926        0        1859.17        0        
901.363        0        1859.17        0        
908.8        0        1859.17        0        
916.236        0        1859.17        0        
923.673        0        1859.17        0        
931.11        0        1859.17        0        
938.546        0        1859.17        0        
945.983        0        1859.17        0        
953.42        0        1859.17        0        
960.856        0        1859.17        0        
968.293        0        1859.17        0        
975.73        0        1859.17        0        
983.166        0        1859.17        0        
990.603        0        1859.17        0        
998.04        0        1859.17        0        
1005.48        0        1859.17        0        
1012.91        0        1859.17        0        
1020.35        0        1859.17        0        
1027.79        0        1859.17        0        
1035.22        0        1859.17        0        
1042.66        0        1859.17        0        
1050.1        0        1859.17        0        
1057.53        0        1859.17        0        
1064.97        0        1859.17        0        
1072.41        0        1859.17        0        
1079.84        0        1859.17        0        
1087.28        0        1859.17        0        
1094.72        0        1859.17        0        
1102.15        0        1859.17        0        
1109.59        0        1859.17        0        
1117.03        0        1859.17        0        
1124.46        0        1859.17        0        
1131.9        0        1859.17        0        
1139.34        0        1859.17        0        
1146.77        0        1859.17        0        
1154.21        0        1859.17        0        
1161.65        0        1859.17        0        
1169.08        0        1859.17        0        
1176.52        0        1859.17        0        
1183.96        0        1859.17        0        
1191.39        0        1859.17        0        
1198.83        0        1859.17        0        
1206.27        0        1859.17        0        
1213.7        0        1859.17        0        
1221.14        0        1859.17        0        
1228.58        0        1859.17        0        
1236.01        0        1859.17        0        
1243.45        0        1859.17        0        
1250.89        0        1859.17        0        
1258.32        0        1859.17        0        
1265.76        0        1859.17        0        
1273.2        0        1859.17        0        
1280.63        0        1859.17        0        
1288.07        0        1859.17        0        
1295.51        0        1859.17        0        
1302.94        0        1859.17        0        
1310.38        0        1859.17        0        
1317.82        0        1859.17        0        
1325.25        0        1859.17        0        
1332.69        0        1859.17        0        
1340.13        0        1859.17        0        
1347.56        0        1859.17        0        
1355        0        1859.17        0        
1362.44        0        1859.17        0        
1369.87        0        1859.17        0        
1377.31        0        1859.17        0        
1384.75        0        1859.17        0        
1392.18        0        1859.17        0        
1399.62        0        1859.17        0        
1407.06        0        1859.17        0        
1414.49        0        1859.17        0        
1421.93        0        1859.17        0        
1429.37        0        1859.17        0        
1436.8        0        1859.17        0        
1444.24        0        1859.17        0        
1451.68        0        1859.17        0        
1459.11        0        1859.17        0        
1466.55        0        1859.17        0        
1473.99        0        1859.17        0        
1481.42        0        1859.17        0        
1488.86        0        1859.17        0        
1496.3        0        1859.17        0        
1503.73        0        1859.17        0        
1511.17        0        1859.17        0        
1518.61        0        1859.17        0        
1526.04        0        1859.17        0        
1533.48        0        1859.17        0        
1540.92        0        1859.17        0        
1548.35        0        1859.17        0        
1555.79        0        1859.17        0        
1563.23        0        1859.17        0        
1570.66        0        1859.17        0        
1578.1        0        1859.17        0        
1585.54        0        1859.17        0        
1592.97        0        1859.17        0        
1600.41        0        1859.17        0        
1607.85        0        1859.17        0        
1615.28        0        1859.17        0        
1622.72        0        1859.17        0        
1630.16        0        1859.17        0        
1637.59        0        1859.17        0        
1645.03        0        1859.17        0        
1652.47        0        1859.17        0        
1659.91        0        1859.17        0        
1667.34        0        1859.17        0        
1674.78        0        1859.17        0        
1682.22        0        1859.17        0        
1689.65        0        1859.17        0        
1697.09        0        1859.17        0        
1704.53        0        1859.17        0        
1711.96        0        1859.17        0        
1719.4        0        1859.17        0        
1726.84        0        1859.17        0        
1734.27        0        1859.17        0        
1741.71        0        1859.17        0        
1749.15        0        1859.17        0        
1756.58        0        1859.17        0        
1764.02        0        1859.17        0        
1771.46        0        1859.17        0        
1778.89        0        1859.17        0        
1786.33        0        1859.17        0        
1793.77        0        1859.17        0        
1801.2        0        1859.17        0        
1808.64        0        1859.17        0        
1816.08        0        1859.17        0        
1823.51        0        1859.17        0        
1830.95        0        1859.17        0        
1838.39        0        1859.17        0        
1845.82        0        1859.17        0        
1853.26        0        1859.17        0        
1860.7        0        1859.17        0        
1868.13        0        1859.17        0        
1875.57        0        1859.17        0        
1883.01        0        1859.17        0        
1890.44        0        1859.17        0        
1897.88        0        1859.17        0        
1905.32        0        1859.17        0        
1912.75        0        1859.17        0        
1920.19        0        1859.17        0        
1927.63        0        1859.17        0        
1935.06        0        1859.17        0        
1942.5        0        1859.17        0        
1949.94        0        1859.17        0        
1957.37        0        1859.17        0        
1964.81        0        1859.17        0        
1972.25        0        1859.17        0        
1979.68        0        1859.17        0        
1987.12        0        1859.17        0        
1994.56        0        1859.17        0        
2001.99        0        1859.17        0        
2009.43        0        1859.17        0        
2016.87        0        1859.17        0        
2024.3        0        1859.17        0        
2031.74        0        1859.17        0        
2039.18        0        1859.17        0        
2046.61        0        1859.17        0        
2054.05        0        1859.17        0        
2061.49        0        1859.17        0        
2068.92        0        1859.17        0        
2076.36        0        1859.17        0        
2083.8        0        1859.17        0        
2091.23        0        1859.17        0        
2098.67        0        1859.17        0        
2106.11        0        1859.17        0        
2113.54        0        1859.17        0        
2120.98        0        1859.17        0        
2128.42        0        1859.17        0        
2135.85        0        1859.17        0        
2143.29        0        1859.17        0        
2150.73        0        1859.17        0        
2158.16        0        1859.17        0        
2165.6        0        1859.17        0        
2173.04        0        1859.17        0        
2180.47        0        1859.17        0        
2187.91        0        1859.17        0        
2195.35        0        1859.17        0        
2202.78        0        1859.17        0        
2210.22        0        1859.17        0        
2217.66        0        1859.17        0        
2225.09        0        1859.17        0        
2232.53        0        1859.17        0        
2239.97        0        1859.17        0        
2247.4        0        1859.17        0        
2254.84        0        1859.17        0        
2262.28        0        1859.17        0        
2269.71        0        1859.17        0        
2277.15        0        1859.17        0        
2284.59        0        1859.17        0        
2292.02        0        1859.17        0        
2299.46        0        1859.17        0        
2306.9        0        1859.17        0        
2314.33        0        1859.17        0        
2321.77        0        1859.17        0        
2329.21        0        1859.17        0        
2336.64        0        1859.17        0        
2344.08        0        1859.17        0        
2351.52        0        1859.17        0        
2358.95        0        1859.17        0        
2366.39        0        1859.17        0        
2373.83        0        1859.17        0        
2381.26        0        1859.17        0        
2388.7        0        1859.17        0        
2396.14        0        1859.17        0        
2403.57        0        1859.17        0        
2411.01        0        1859.17        0        
2418.45        0        1859.17        0        
2425.88        0        1859.17        0        
2433.32        0        1859.17        0        
2440.76        0        1859.17        0        
2448.19        0        1859.17        0        
2455.63        0        1859.17        0        
2463.07        0        1859.17        0        
2470.5        0        1859.17        0        
2477.94        0        1859.17        0        
2485.38        0        1859.17        0        
2492.81        0        1859.17        0        
2500.25        0        1859.17        0        
2507.69        0        1859.17        0        
2515.12        0        1859.17        0        
2522.56        0        1859.17        0        
2530        0        1859.17        0        
2537.43        0        1859.17        0        
2544.87        0        1859.17        0        
2552.31        0        1859.17        0        
2559.74        0        1859.17        0        
2567.18        0        1859.17        0        
2574.62        0        1859.17        0        
2582.05        0        1859.17        0        
2589.49        0        1859.17        0        
2596.93        0        1859.17        0        
2604.36        0        1859.17        0        
2611.8        0        1859.17        0        
2619.24        0        1859.17        0        
2626.67        0        1859.17        0        
2634.11        0        1859.17        0        
2641.55        0        1859.17        0        
2648.98        0        1859.17        0        
2656.42        0        1859.17        0        
2663.86        0        1859.17        0        
2671.29        0        1859.17        0        
2678.73        0        1859.17        0        
2686.17        0        1859.17        0        
2693.6        0        1859.17        0        
2701.04        0        1859.17        0        
2708.48        0        1859.17        0        
2715.91        0        1859.17        0        
2723.35        0        1859.17        0        
2730.79        0        1859.17        0        
2738.22        0        1859.17        0        
2745.66        0        1859.17        0        
2753.1        0        1859.17        0        
2760.53        0        1859.17        0        
2767.97        0        1859.17        0        
2775.41        0        1859.17        0        
2782.84        0        1859.17        0        
2790.28        0        1859.17        0        
2797.72        0        1859.17        0        
2805.15        0        1859.17        0        
2812.59        0        1859.17        0        
2820.03        0        1859.17        0        
2827.46        0        1859.17        0        
2834.9        0        1859.17        0        
2842.34        0        1859.17        0        
2849.77        0        1859.17        0        
2857.21        0        1859.17        0        
2864.65        0        1859.17        0        
2872.09        0        1859.17        0        
2879.52        0        1859.17        0        
2886.96        0        1859.17        0        
2894.4        0        1859.17        0        
2901.83        0        1859.17        0        
2909.27        0        1859.17        0        
2916.71        0        1859.17        0        
2924.14        0        1859.17        0        
2931.58        0        1859.17        0        
2939.02        0        1859.17        0        
2946.45        0        1859.17        0        
2953.89        0        1859.17        0        
2961.33        0        1859.17        0        
2968.76        0        1859.17        0        
2976.2        0        1859.17        0        
2983.64        0        1859.17        0        
2991.07        0        1859.17        0        
2998.51        0        1859.17        0        
3005.95        0        1859.17        0        
3013.38        0        1859.17        0        
3020.82        0        1859.17        0        
3028.26        0        1859.17        0        
3035.69        0        1859.17        0        
3043.13        0        1859.17        0        
3050.57        0        1859.17        0        
3058        0        1859.17        0        
3065.44        0        1859.17        0        
3072.88        0        1859.17        0        
3080.31        0        1859.17        0        
3087.75        0        1859.17        0        
3095.19        0        1859.17        0        
3102.62        0        1859.17        0        
3110.06        0        1859.17        0        
3117.5        0        1859.17        0        
3124.93        0        1859.17        0        
3132.37        0        1859.17        0        
3139.81        0        1859.17        0        
3147.24        0        1859.17        0        
3154.68        0        1859.17        0        
3162.12        0        1859.17        0        
3169.55        0        1859.17        0        
3176.99        0        1859.17        0        
3184.43        0        1859.17        0        
3191.86        0        1859.17        0        
3199.3        0        1859.17        0        
3206.74        0        1859.17        0        
3214.17        0        1859.17        0        
3221.61        0        1859.17        0        
3229.05        0        1859.17        0        
3236.48        0        1859.17        0        
3243.92        0        1859.17        0        
3251.36        0        1859.17        0        
3258.79        0        1859.17        0        
3266.23        0        1859.17        0        
3273.67        0        1859.17        0        
3281.1        0        1859.17        0        
3288.54        0        1859.17        0        
3295.98        0        1859.17        0        
3303.41        0        1859.17        0        
3310.85        0        1859.17        0        
3318.29        0        1859.17        0        
3325.72        0        1859.17        0        
3333.16        0        1859.17        0        
3340.6        0        1859.17        0        
3348.03        0        1859.17        0        
3355.47        0        1859.17        0        
3362.91        0        1859.17        0        
3370.34        0        1859.17        0        
3377.78        0        1859.17        0        
3385.22        0        1859.17        0        
3392.65        0        1859.17        0        
3400.09        0        1859.17        0        
3407.53        0        1859.17        0        
3414.96        0        1859.17        0        
3422.4        0        1859.17        0        
3429.84        0        1859.17        0        
3437.27        0        1859.17        0        
3444.71        0        1859.17        0        
3452.15        0        1859.17        0        
3459.58        0        1859.17        0        
3467.02        0        1859.17        0        
3474.46        0        1859.17        0        
3481.89        0        1859.17        0        
3489.33        0        1859.17        0        
3496.77        0        1859.17        0        
3504.2        0        1859.17        0        
3511.64        0        1859.17        0        
3519.08        0        1859.17        0        
3526.51        0        1859.17        0        
3533.95        0        1859.17        0        
3541.39        0        1859.17        0        
3548.82        0        1859.17        0        
3556.26        0        1859.17        0        
3563.7        0        1859.17        0        
3571.13        0        1859.17        0        
3578.57        0        1859.17        0        
3586.01        0        1859.17        0        
3593.44        0        1859.17        0        
3600.88        0        1859.17        0        
3608.32        0        1859.17        0        
3615.75        0        1859.17        0        
3623.19        0        1859.17        0        
3630.63        0        1859.17        0        
3638.06        0        1859.17        0        
3645.5        0        1859.17        0        
3652.94        0        1859.17        0        
3660.37        0        1859.17        0        
3667.81        0        1859.17        0        
3675.25        0        1859.17        0        
3682.68        0        1859.17        0        
3690.12        0        1859.17        0        
3697.56        0        1859.17        0        
3704.99        0        1859.17        0        
3712.43        0        1859.17        0        
3719.87        0        1859.17        0        
3727.3        0        1859.17        0        
3734.74        0        1859.17        0        
3742.18        0        1859.17        0        
3749.61        0        1859.17        0        
3757.05        0        1859.17        0        
3764.49        0        1859.17        0        
3771.92        0        1859.17        0        
3779.36        0        1859.17        0        
3786.8        0        1859.17        0        
3794.23        0        1859.17        0        
3801.67        0        1859.17        0        
3809.11        0        1859.17        0        
3816.54        0        1859.17        0        
3823.98        0        1859.17        0        
3831.42        0        1859.17        0        
3838.85        0        1859.17        0        
3846.29        0        1859.17        0        
3853.73        0        1859.17        0        
3861.16        0        1859.17        0        
3868.6        0        1859.17        0        
3876.04        0        1859.17        0        
3883.47        0        1859.17        0        
3890.91        0        1859.17        0        
3898.35        0        1859.17        0        
3905.78        0        1859.17        0        
3913.22        0        1859.17        0        
3920.66        0        1859.17        0        
3928.09        0        1859.17        0        
3935.53        0        1859.17        0        
3942.97        0        1859.17        0        
3950.4        0        1859.17        0        
3957.84        0        1859.17        0        
3965.28        0        1859.17        0        
3972.71        0        1859.17        0        
3980.15        0        1859.17        0        
3987.59        0        1859.17        0        
3995.02        0        1859.17        0        
4002.46        0        1859.17        0        
4009.9        0        1859.17        0        
4017.33        0        1859.17        0        
4024.77        0        1859.17        0        
4032.21        0        1859.17        0        
4039.64        0        1859.17        0        
4047.08        0        1859.17        0        
4054.52        0        1859.17        0        
4061.95        0        1859.17        0        
4069.39        0        1859.17        0        
4076.83        0        1859.17        0        
4084.27        0        1859.17        0        
4091.7        0        1859.17        0        
4099.14        0        1859.17        0        
4106.58        0        1859.17        0        
4114.01        0        1859.17        0        
4121.45        0        1859.17        0        
4128.89        0        1859.17        0        
4136.32        0        1859.17        0        
4143.76        0        1859.17        0        
4151.2        0        1859.17        0        
4158.63        0        1859.17        0        
4166.07        0        1859.17        0        
4173.51        0        1859.17        0        
4180.94        0        1859.17        0        
4188.38        0        1859.17        0        
4195.82        0        1859.17        0        
4203.25        0        1859.17        0        
4210.69        0        1859.17        0        
4218.13        0        1859.17        0        
4225.56        0        1859.17        0        
4233        0        1859.17        0        
4240.44        0        1859.17        0        
4247.87        0        1859.17        0        
4255.31        0        1859.17        0        
4262.75        0        1859.17        0        
4270.18        0        1859.17        0        
4277.62        0        1859.17        0        
4285.06        0        1859.17        0        
4292.49        0        1859.17        0        
4299.93        0        1859.17        0        
4307.37        0        1859.17        0        
4314.8        0        1859.17        0        
4322.24        0        1859.17        0        
4329.68        0        1859.17        0        
4337.11        0        1859.17        0        
4344.55        0        1859.17        0        
4351.99        0        1859.17        0        
4359.42        0        1859.17        0        
4366.86        0        1859.17        0        
4374.3        0        1859.17        0        
4381.73        0        1859.17        0        
4389.17        0        1859.17        0        
4396.61        0        1859.17        0        
4404.04        0        1859.17        0        
4411.48        0        1859.17        0        
4418.92        0        1859.17        0        
4426.35        0        1859.17        0        
4433.79        0        1859.17        0        
4441.23        0        1859.17        0        
4448.66        0        1859.17        0        
4456.1        0        1859.17        0        
4463.54        0        1859.17        0        
4470.97        0        1859.17        0        
4478.41        0        1859.17        0        
4485.85        0        1859.17        0        
4493.28        0        1859.17        0        
4500.72        0        1859.17        0        
4508.16        0        1859.17        0        
4515.59        0        1859.17        0        
4523.03        0        1859.17        0        
4530.47        0        1859.17        0        
4537.9        0        1859.17        0        
4545.34        0        1859.17        0        
4552.78        0        1859.17        0        
4560.21        0        1859.17        0        
4567.65        0        1859.17        0        
4575.09        0        1859.17        0        
4582.52        0        1859.17        0        
4589.96        0        1859.17        0        
4597.4        0        1859.17        0        
4604.83        0        1859.17        0        
4612.27        0        1859.17        0        
4619.71        0        1859.17        0        
4627.14        0        1859.17        0        
4634.58        0        1859.17        0        
4642.02        0        1859.17        0        
4649.45        0        1859.17        0        
4656.89        0        1859.17        0        
4664.33        0        1859.17        0        
4671.76        0        1859.17        0        
4679.2        0        1859.17        0        
4686.64        0        1859.17        0        
4694.07        0        1859.17        0        
4701.51        0        1859.17        0        
4708.95        0        1859.17        0        
4716.38        0        1859.17        0        
4723.82        0        1859.17        0        
4731.26        0        1859.17        0        
4738.69        0        1859.17        0        
4746.13        0        1859.17        0        
4753.57        0        1859.17        0        
4761        0        1859.17        0        
4768.44        0        1859.17        0        
4775.88        0        1859.17        0        
4783.31        0        1859.17        0        
4790.75        0        1859.17        0        
4798.19        0        1859.17        0        
4805.62        0        1859.17        0        
4813.06        0        1859.17        0        
4820.5        0        1859.17        0        
4827.93        0        1859.17        0        
4835.37        0        1859.17        0        
4842.81        0        1859.17        0        
4850.24        0        1859.17        0        
4857.68        0        1859.17        0        
4865.12        0        1859.17        0        
4872.55        0        1859.17        0        
4879.99        0        1859.17        0        
4887.43        0        1859.17        0        
4894.86        0        1859.17        0        
4902.3        0        1859.17        0        
4909.74        0        1859.17        0        
4917.17        0        1859.17        0        
4924.61        0        1859.17        0        
4932.05        0        1859.17        0        
4939.48        0        1859.17        0        
4946.92        0        1859.17        0        
4954.36        0        1859.17        0        
4961.79        0        1859.17        0        
4969.23        0        1859.17        0        
4976.67        0        1859.17        0        
4984.1        0        1859.17        0        
4991.54        0        1859.17        0        
4998.98        0        1859.17        0        
5006.41        0        1859.17        0        
5013.85        0        1859.17        0        
5021.29        0        1859.17        0        
5028.72        0        1859.17        0        
5036.16        0        1859.17        0        
5043.6        0        1859.17        0        
5051.03        0        1859.17        0        
5058.47        0        1859.17        0        
5065.91        0        1859.17        0        
5073.34        0        1859.17        0        
5080.78        0        1859.17        0        
5088.22        0        1859.17        0        
5095.65        0        1859.17        0        
5103.09        0        1859.17        0        
5110.53        0        1859.17        0        
5117.96        0        1859.17        0        
5125.4        0        1859.17        0        
5132.84        0        1859.17        0        
5140.27        0        1859.17        0        
5147.71        0        1859.17        0        
5155.15        0        1859.17        0        
5162.58        0        1859.17        0        
5170.02        0        1859.17        0        
5177.46        0        1859.17        0        
5184.89        0        1859.17        0        
5192.33        0        1859.17        0        
5199.77        0        1859.17        0        
5207.2        0        1859.17        0        
5214.64        0        1859.17        0        
5222.08        0        1859.17        0        
5229.51        0        1859.17        0        
5236.95        0        1859.17        0        
5244.39        0        1859.17        0        
5251.82        0        1859.17        0        
5259.26        0        1859.17        0        
5266.7        0        1859.17        0        
5274.13        0        1859.17        0        
5281.57        0        1859.17        0        
5289.01        0        1859.17        0        
5296.45        0        1859.17        0        
5303.88        0        1859.17        0        
5311.32        0        1859.17        0        
5318.76        0        1859.17        0        
5326.19        0        1859.17        0        
5333.63        0        1859.17        0        
5341.07        0        1859.17        0        
5348.5        0        1859.17        0        
5355.94        0        1859.17        0        
5363.38        0        1859.17        0        
5370.81        0        1859.17        0        
5378.25        0        1859.17        0        
5385.69        0        1859.17        0        
5393.12        0        1859.17        0        
5400.56        0        1859.17        0        
5408        0        1859.17        0        
5415.43        0        1859.17        0        
5422.87        0        1859.17        0        
5430.31        0        1859.17        0        
5437.74        0        1859.17        0        
5445.18        0        1859.17        0        
5452.62        0        1859.17        0        
5460.05        0        1859.17        0        
5467.49        0        1859.17        0        
5474.93        0        1859.17        0        
5482.36        0        1859.17        0        
5489.8        0        1859.17        0        
5497.24        0        1859.17        0        
5504.67        0        1859.17        0        
5512.11        0        1859.17        0        
5519.55        0        1859.17        0        
5526.98        0        1859.17        0        
5534.42        0        1859.17        0        
5541.86        0        1859.17        0        
5549.29        0        1859.17        0        
5556.73        0        1859.17        0        
5564.17        0        1859.17        0        
5571.6        0        1859.17        0        
5579.04        0        1859.17        0        
5586.48        0        1859.17        0        
5593.91        0        1859.17        0        
5601.35        0        1859.17        0        
5608.79        0        1859.17        0        
5616.22        0        1859.17        0        
5623.66        0        1859.17        0        
5631.1        0        1859.17        0        
5638.53        0        1859.17        0        
5645.97        0        1859.17        0        
5653.41        0        1859.17        0        
5660.84        0        1859.17        0        
5668.28        0        1859.17        0        
5675.72        0        1859.17        0        
5683.15        0        1859.17        0        
5690.59        0        1859.17        0        
5698.03        0        1859.17        0        
5705.46        0        1859.17        0        
5712.9        0        1859.17        0        
5720.34        0        1859.17        0        
5727.77        0        1859.17        0        
5735.21        0        1859.17        0        
5742.65        0        1859.17        0        
5750.08        0        1859.17        0        
5757.52        0        1859.17        0        
5764.96        0        1859.17        0        
5772.39        0        1859.17        0        
5779.83        0        1859.17        0        
5787.27        0        1859.17        0        
5794.7        0        1859.17        0        
5802.14        0        1859.17        0        
5809.58        0        1859.17        0        
5817.01        0        1859.17        0        
5824.45        0        1859.17        0        
5831.89        0        1859.17        0        
5839.32        0        1859.17        0        
5846.76        0        1859.17        0        
5854.2        0        1859.17        0        
5861.63        0        1859.17        0        
5869.07        0        1859.17        0        
5876.51        0        1859.17        0        
5883.94        0        1859.17        0        
5891.38        0        1859.17        0        
5898.82        0        1859.17        0        
5906.25        0        1859.17        0        
5913.69        0        1859.17        0        
5921.13        0        1859.17        0        
5928.56        0        1859.17        0        
5936        0        1859.17        0        
5943.44        0        1859.17        0        
5950.87        0        1859.17        0        
5958.31        0        1859.17        0        
5965.75        0        1859.17        0        
5973.18        0        1859.17        0        
5980.62        0        1859.17        0        
5988.06        0        1859.17        0        
5995.49        0        1859.17        0        
6002.93        0        1859.17        0        
6010.37        0        1859.17        0        
6017.8        0        1859.17        0        
6025.24        0        1859.17        0        
6032.68        0        1859.17        0        
6040.11        0        1859.17        0        
6047.55        0        1859.17        0        
6054.99        0        1859.17        0        
6062.42        0        1859.17        0        
6069.86        0        1859.17        0        
6077.3        0        1859.17        0        
6084.73        0        1859.17        0        
6092.17        0        1859.17        0        
6099.61        0        1859.17        0        
6107.04        0        1859.17        0        
6114.48        0        1859.17        0        
6121.92        0        1859.17        0        
6129.35        0        1859.17        0        
6136.79        0        1859.17        0        
6144.23        0        1859.17        0        
6151.66        0        1859.17        0        
6159.1        0        1859.17        0        
6166.54        0        1859.17        0        
6173.97        0        1859.17        0        
6181.41        0        1859.17        0        
6188.85        0        1859.17        0        
6196.28        0        1859.17        0        
6203.72        0        1859.17        0        
6211.16        0        1859.17        0        
6218.59        0        1859.17        0        
6226.03        0        1859.17        0        
6233.47        0        1859.17        0        
6240.9        0        1859.17        0        
6248.34        0        1859.17        0        
6255.78        0        1859.17        0        
6263.21        0        1859.17        0        
6270.65        0        1859.17        0        
6278.09        0        1859.17        0        
6285.52        0        1859.17        0        
6292.96        0        1859.17        0        
6300.4        0        1859.17        0        
6307.83        0        1859.17        0        
6315.27        0        1859.17        0        
6322.71        0        1859.17        0        
6330.14        0        1859.17        0        
6337.58        0        1859.17        0        
6345.02        0        1859.17        0        
6352.45        0        1859.17        0        
6359.89        0        1859.17        0        
6367.33        0        1859.17        0        
6374.76        0        1859.17        0        
6382.2        0        1859.17        0        
6389.64        0        1859.17        0        
6397.07        0        1859.17        0        
6404.51        0        1859.17        0        
6411.95        0        1859.17        0        
6419.38        0        1859.17        0        
6426.82        0        1859.17        0        
6434.26        0        1859.17        0        
6441.69        0        1859.17        0        
6449.13        0        1859.17        0        
6456.57        0        1859.17        0        
6464        0        1859.17        0        
6471.44        0        1859.17        0        
6478.88        0        1859.17        0        
6486.31        0        1859.17        0        
6493.75        0        1859.17        0        
6501.19        0        1859.17        0        
6508.63        0        1859.17        0        
6516.06        0        1859.17        0        
6523.5        0        1859.17        0        
6530.94        0        1859.17        0        
6538.37        0        1859.17        0        
6545.81        0        1859.17        0        
6553.25        0        1859.17        0        
6560.68        0        1859.17        0        
6568.12        0        1859.17        0        
6575.56        0        1859.17        0        
6582.99        0        1859.17        0        
6590.43        0        1859.17        0        
6597.87        0        1859.17        0        
6605.3        0        1859.17        0        
6612.74        0        1859.17        0        
6620.18        0        1859.17        0        
6627.61        0        1859.17        0        
6635.05        0        1859.17        0        
6642.49        0        1859.17        0        
6649.92        0        1859.17        0        
6657.36        0        1859.17        0        
6664.8        0        1859.17        0        
6672.23        0        1859.17        0        
6679.67        0        1859.17        0        
6687.11        0        1859.17        0        
6694.54        0        1859.17        0        
6701.98        0        1859.17        0        
6709.42        0        1859.17        0        
6716.85        0        1859.17        0        
6724.29        0        1859.17        0        
6731.73        0        1859.17        0        
6739.16        0        1859.17        0        
6746.6        0        1859.17        0        
6754.04        0        1859.17        0        
6761.47        0        1859.17        0        
6768.91        0        1859.17        0        
6776.35        0        1859.17        0        
6783.78        0        1859.17        0        
6791.22        0        1859.17        0        
6798.66        0        1859.17        0        
6806.09        0        1859.17        0        
6813.53        0        1859.17        0        
6820.97        0        1859.17        0        
6828.4        0        1859.17        0        
6835.84        0        1859.17        0        
6843.28        0        1859.17        0        
6850.71        0        1859.17        0        
6858.15        0        1859.17        0        
6865.59        0        1859.17        0        
6873.02        0        1859.17        0        
6880.46        0        1859.17        0        
6887.9        0        1859.17        0        
6895.33        0        1859.17        0        
6902.77        0        1859.17        0        
6910.21        0        1859.17        0        
6917.64        0        1859.17        0        
6925.08        0        1859.17        0        
6932.52        0        1859.17        0        
6939.95        0        1859.17        0        
6947.39        0        1859.17        0        
6954.83        0        1859.17        0        
6962.26        0        1859.17        0        
6969.7        0        1859.17        0        
6977.14        0        1859.17        0        
6984.57        0        1859.17        0        
6992.01        0        1859.17        0        
6999.45        0        1859.17        0        
7006.88        0        1859.17        0        
7014.32        0        1859.17        0        
7021.76        0        1859.17        0        
7029.19        0        1859.17        0        
7036.63        0        1859.17        0        
7044.07        0        1859.17        0        
7051.5        0        1859.17        0        
7058.94        0        1859.17        0        
7066.38        0        1859.17        0        
7073.81        0        1859.17        0        
7081.25        0        1859.17        0        
7088.69        0        1859.17        0        
7096.12        0        1859.17        0        
7103.56        0        1859.17        0        
7111        0        1859.17        0        
7118.43        0        1859.17        0        
7125.87        0        1859.17        0        
7133.31        0        1859.17        0        
7140.74        0        1859.17        0        
7148.18        0        1859.17        0        
7155.62        0        1859.17        0        
7163.05        0        1859.17        0        
7170.49        0        1859.17        0        
7177.93        0        1859.17        0        
7185.36        0        1859.17        0        
7192.8        0        1859.17        0        
7200.24        0        1859.17        0        
7207.67        0        1859.17        0        
7215.11        0        1859.17        0        
7222.55        0        1859.17        0        
7229.98        0        1859.17        0        
7237.42        0        1859.17        0        
7244.86        0        1859.17        0        
7252.29        0        1859.17        0        
7259.73        0        1859.17        0        
7267.17        0        1859.17        0        
7274.6        0        1859.17        0        
7282.04        0        1859.17        0        
7289.48        0        1859.17        0        
7296.91        0        1859.17        0        
7304.35        0        1859.17        0        
7311.79        0        1859.17        0        
7319.22        0        1859.17        0        
7326.66        0        1859.17        0        
7334.1        0        1859.17        0        
7341.53        0        1859.17        0        
7348.97        0        1859.17        0        
7356.41        0        1859.17        0        
7363.84        0        1859.17        0        
7371.28        0        1859.17        0        
7378.72        0        1859.17        0        
7386.15        0        1859.17        0        
7393.59        0        1859.17        0        
7401.03        0        1859.17        0        
7408.46        0        1859.17        0        
7415.9        0        1859.17        0        
7423.34        0        1859.17        0        
7430.77        0        1859.17        0        
7438.21        0        1859.17        0        
7445.65        0        1859.17        0        
7453.08        0        1859.17        0        
7460.52        0        1859.17        0        
7467.96        0        1859.17        0        
7475.39        0        1859.17        0        
7482.83        0        1859.17        0        
7490.27        0        1859.17        0        
7497.7        0        1859.17        0        
7505.14        0        1859.17        0        
7512.58        0        1859.17        0        
7520.01        0        1859.17        0        
7527.45        0        1859.17        0        
7534.89        0        1859.17        0        
7542.32        0        1859.17        0        
7549.76        0        1859.17        0        
7557.2        0        1859.17        0        
7564.63        0        1859.17        0        
7572.07        0        1859.17        0        
7579.51        0        1859.17        0        
7586.94        0        1859.17        0        
7594.38        0        1859.17        0        
7601.82        0        1859.17        0        
7609.25        0        1859.17        0        
7616.69        0        1859.17        0        
7624.13        0        1859.17        0        
7631.56        0        1859.17        0        
7639        0        1859.17        0        
7646.44        0        1859.17        0        
7653.87        0        1859.17        0        
7661.31        0        1859.17        0        
7668.75        0        1859.17        0        
7676.18        0        1859.17        0        
7683.62        0        1859.17        0        
7691.06        0        1859.17        0        
7698.49        0        1859.17        0        
7705.93        0        1859.17        0        
7713.37        0        1859.17        0        
7720.81        0        1859.17        0        
7728.24        0        1859.17        0        
7735.68        0        1859.17        0        
7743.12        0        1859.17        0        
7750.55        0        1859.17        0        
7757.99        0        1859.17        0        
7765.43        0        1859.17        0        
7772.86        0        1859.17        0        
7780.3        0        1859.17        0        
7787.74        0        1859.17        0        
7795.17        0        1859.17        0        
7802.61        0        1859.17        0        
7810.05        0        1859.17        0        
7817.48        0        1859.17        0        
7824.92        0        1859.17        0        
7832.36        0        1859.17        0        
7839.79        0        1859.17        0        
7847.23        0        1859.17        0        
7854.67        0        1859.17        0        
7862.1        0        1859.17        0        
7869.54        0        1859.17        0        
7876.98        0        1859.17        0        
7884.41        0        1859.17        0        
7891.85        0        1859.17        0        
7899.29        0        1859.17        0        
7906.72        0        1859.17        0        
7914.16        0        1859.17        0        
7921.6        0        1859.17        0        
7929.03        0        1859.17        0        
7936.47        0        1859.17        0        
7943.91        0        1859.17        0        
7951.34        0        1859.17        0        
7958.78        0        1859.17        0        
7966.22        0        1859.17        0        
7973.65        0        1859.17        0        
7981.09        0        1859.17        0        
7988.53        0        1859.17        0        
7995.96        0        1859.17        0        
8003.4        0        1859.17        0        
8010.84        0        1859.17        0        
8018.27        0        1859.17        0        
8025.71        0        1859.17        0        
8033.15        0        1859.17        0        
8040.58        0        1859.17        0        
8048.02        0        1859.17        0        
8055.46        0        1859.17        0        
8062.89        0        1859.17        0        
8070.33        0        1859.17        0        
8077.77        0        1859.17        0        
8085.2        0        1859.17        0        
8092.64        0        1859.17        0        
8100.08        0        1859.17        0        
8107.51        0        1859.17        0        
8114.95        0        1859.17        0        
8122.39        0        1859.17        0        
8129.82        0        1859.17        0        
8137.26        0        1859.17        0        
8144.7        0        1859.17        0        
8152.13        0        1859.17        0        
8159.57        0        1859.17        0        
8167.01        0        1859.17        0        
8174.44        0        1859.17        0        
8181.88        0        1859.17        0        
8189.32        0        1859.17        0        
8196.75        0        1859.17        0        
8204.19        0        1859.17        0        
8211.63        0        1859.17        0        
8219.06        0        1859.17        0        
8226.5        0        1859.17        0        
8233.94        0        1859.17        0        
8241.37        0        1859.17        0        
8248.81        0        1859.17        0        
8256.25        0        1859.17        0        
8263.68        0        1859.17        0        
8271.12        0        1859.17        0        
8278.56        0        1859.17        0        
8285.99        0        1859.17        0        
8293.43        0        1859.17        0        
8300.87        0        1859.17        0        
8308.3        0        1859.17        0        
8315.74        0        1859.17        0        
8323.18        0        1859.17        0        
8330.61        0        1859.17        0        
8338.05        0        1859.17        0        
8345.49        0        1859.17        0        
8352.92        0        1859.17        0        
8360.36        0        1859.17        0        
8367.8        0        1859.17        0        
8375.23        0        1859.17        0        
8382.67        0        1859.17        0        
8390.11        0        1859.17        0        
8397.54        0        1859.17        0        
8404.98        0        1859.17        0        
8412.42        0        1859.17        0        
8419.85        0        1859.17        0        
8427.29        0        1859.17        0        
8434.73        0        1859.17        0        
8442.16        0        1859.17        0        
8449.6        0        1859.17        0        
8457.04        0        1859.17        0        
8464.47        0        1859.17        0        
8471.91        0        1859.17        0        
8479.35        0        1859.17        0        
8486.78        0        1859.17        0        
8494.22        0        1859.17        0        
8501.66        0        1859.17        0        
8509.09        0        1859.17        0        
8516.53        0        1859.17        0        
8523.97        0        1859.17        0        
8531.4        0        1859.17        0        
8538.84        0        1859.17        0        
8546.28        0        1859.17        0        
8553.71        0        1859.17        0        
8561.15        0        1859.17        0        
8568.59        0        1859.17        0        
8576.02        0        1859.17        0        
8583.46        0        1859.17        0        
8590.9        0        1859.17        0        
8598.33        0        1859.17        0        
8605.77        0        1859.17        0        
8613.21        0        1859.17        0        
8620.64        0        1859.17        0        
8628.08        0        1859.17        0        
8635.52        0        1859.17        0        
8642.95        0        1859.17        0        
8650.39        0        1859.17        0        
8657.83        0        1859.17        0        
8665.26        0        1859.17        0        
8672.7        0        1859.17        0        
8680.14        0        1859.17        0        
8687.57        0        1859.17        0        
8695.01        0        1859.17        0        
8702.45        0        1859.17        0        
8709.88        0        1859.17        0        
8717.32        0        1859.17        0        
8724.76        0        1859.17        0        
8732.19        0        1859.17        0        
8739.63        0        1859.17        0        
8747.07        0        1859.17        0        
8754.5        0        1859.17        0        
8761.94        0        1859.17        0        
8769.38        0        1859.17        0        
8776.81        0        1859.17        0        
8784.25        0        1859.17        0        
8791.69        0        1859.17        0        
8799.12        0        1859.17        0        
8806.56        0        1859.17        0        
8814        0        1859.17        0        
8821.43        0        1859.17        0        
8828.87        0        1859.17        0        
8836.31        0        1859.17        0        
8843.74        0        1859.17        0        
8851.18        0        1859.17        0        
8858.62        0        1859.17        0        
8866.05        0        1859.17        0        
8873.49        0        1859.17        0        
8880.93        0        1859.17        0        
8888.36        0        1859.17        0        
8895.8        0        1859.17        0        
8903.24        0        1859.17        0        
8910.67        0        1859.17        0        
8918.11        0        1859.17        0        
8925.55        0        1859.17        0        
8932.99        0        1859.17        0        
8940.42        0        1859.17        0        
8947.86        0        1859.17        0        
8955.3        0        1859.17        0        
8962.73        0        1859.17        0        
8970.17        0        1859.17        0        
8977.61        0        1859.17        0        
8985.04        0        1859.17        0        
8992.48        0        1859.17        0        
8999.92        0        1859.17        0        
9007.35        0        1859.17        0        
9014.79        0        1859.17        0        
9022.23        0        1859.17        0        
9029.66        0        1859.17        0        
9037.1        0        1859.17        0        
9044.54        0        1859.17        0        
9051.97        0        1859.17        0        
9059.41        0        1859.17        0        
9066.85        0        1859.17        0        
9074.28        0        1859.17        0        
9081.72        0        1859.17        0        
9089.16        0        1859.17        0        
9096.59        0        1859.17        0        
9104.03        0        1859.17        0        
9111.47        0        1859.17        0        
9118.9        0        1859.17        0        
9126.34        0        1859.17        0        
9133.78        0        1859.17        0        
9141.21        0        1859.17        0        
9148.65        0        1859.17        0        
9156.09        0        1859.17        0        
9163.52        0        1859.17        0        
9170.96        0        1859.17        0        
9178.4        0        1859.17        0        
9185.83        0        1859.17        0        
9193.27        0        1859.17        0        
9200.71        0        1859.17        0        
9208.14        0        1859.17        0        
9215.58        0        1859.17        0        
9223.02        0        1859.17        0        
9230.45        0        1859.17        0        
9237.89        0        1859.17        0        
9245.33        0        1859.17        0        
9252.76        0        1859.17        0        
9260.2        0        1859.17        0        
9267.64        0        1859.17        0        
9275.07        0        1859.17        0        
9282.51        0        1859.17        0        
9289.95        0        1859.17        0        
9297.38        0        1859.17        0        
9304.82        0        1859.17        0        
9312.26        0        1859.17        0        
9319.69        0        1859.17        0        
9327.13        0        1859.17        0        
9334.57        0        1859.17        0        
9342        0        1859.17        0        
9349.44        0        1859.17        0        
9356.88        0        1859.17        0        
9364.31        0        1859.17        0        
9371.75        0        1859.17        0        
9379.19        0        1859.17        0        
9386.62        0        1859.17        0        
9394.06        0        1859.17        0        
9401.5        0        1859.17        0        
9408.93        0        1859.17        0        
9416.37        0        1859.17        0        
9423.81        0        1859.17        0        
9431.24        0        1859.17        0        
9438.68        0        1859.17        0        
9446.12        0        1859.17        0        
9453.55        0        1859.17        0        
9460.99        0        1859.17        0        
9468.43        0        1859.17        0        
9475.86        0        1859.17        0        
9483.3        0        1859.17        0        
9490.74        0        1859.17        0        
9498.17        0        1859.17        0        
9505.61        0        1859.17        0        
9513.05        0        1859.17        0        
9520.48        0        1859.17        0        
9527.92        0        1859.17        0        
9535.36        0        1859.17        0        
9542.79        0        1859.17        0        
9550.23        0        1859.17        0        
9557.67        0        1859.17        0        
9565.1        0        1859.17        0        
9572.54        0        1859.17        0        
9579.98        0        1859.17        0        
9587.41        0        1859.17        0        
9594.85        0        1859.17        0        
9602.29        0        1859.17        0        
9609.72        0        1859.17        0        
9617.16        0        1859.17        0        
9624.6        0        1859.17        0        
9632.03        0        1859.17        0        
9639.47        0        1859.17        0        
9646.91        0        1859.17        0        
9654.34        0        1859.17        0        
9661.78        0        1859.17        0        
9669.22        0        1859.17        0        
9676.65        0        1859.17        0        
9684.09        0        1859.17        0        
9691.53        0        1859.17        0        
9698.96        0        1859.17        0        
9706.4        0        1859.17        0        
9713.84        0        1859.17        0        
9721.27        0        1859.17        0        
9728.71        0        1859.17        0        
9736.15        0        1859.17        0        
9743.58        0        1859.17        0        
9751.02        0        1859.17        0        
9758.46        0        1859.17        0        
9765.89        0        1859.17        0        
9773.33        0        1859.17        0        
9780.77        0        1859.17        0        
9788.2        0        1859.17        0        
9795.64        0        1859.17        0        
9803.08        0        1859.17        0        
9810.51        0        1859.17        0        
9817.95        0        1859.17        0        
9825.39        0        1859.17        0        
9832.82        0        1859.17        0        
9840.26        0        1859.17        0        
9847.7        0        1859.17        0        
9855.13        0        1859.17        0        
9862.57        0        1859.17        0        
9870.01        0        1859.17        0        
9877.44        0        1859.17        0        
9884.88        0        1859.17        0        
9892.32        0        1859.17        0        
9899.75        0        1859.17        0        
9907.19        0        1859.17        0        
9914.63        0        1859.17        0        
9922.06        0        1859.17        0        
9929.5        0        1859.17        0        
9936.94        0        1859.17        0        
9944.37        0        1859.17        0        
9951.81        0        1859.17        0        
9959.25        0        1859.17        0        
9966.68        0        1859.17        0        
9974.12        0        1859.17        0        
9981.56        0        1859.17        0        
9988.99        0        1859.17        0        
9996.43        0        1859.17        0        
10003.9        0        1859.17        0        
10011.3        0        1859.17        0        
10018.7        0        1859.17        0        
10026.2        0        1859.17        0        
10033.6        0        1859.17        0        
10041.1        0        1859.17        0        
10048.5        0        1859.17        0        
10055.9        0        1859.17        0        
10063.4        0        1859.17        0        
10070.8        0        1859.17        0        
10078.2        0        1859.17        0        
10085.7        0        1859.17        0        
10093.1        0        1859.17        0        
10100.5        0        1859.17        0        
10108        0        1859.17        0        
10115.4        0        1859.17        0        
10122.9        0        1859.17        0        
10130.3        0        1859.17        0        
10137.7        0        1859.17        0        
10145.2        0        1859.17        0        
10152.6        0        1859.17        0        
10160        0        1859.17        0        
10167.5        0        1859.17        0        
10174.9        0        1859.17        0        
10182.3        0        1859.17        0        
10189.8        0        1859.17        0        
10197.2        0        1859.17        0        
10204.7        0        1859.17        0        
10212.1        0        1859.17        0        
10219.5        0        1859.17        0        
10227        0        1859.17        0        
10234.4        0        1859.17        0        
10241.8        0        1859.17        0        
10249.3        0        1859.17        0        
10256.7        0        1859.17        0        
10264.2        0        1859.17        0        
10271.6        0        1859.17        0        
10279        0        1859.17        0        
10286.5        0        1859.17        0        
10293.9        0        1859.17        0        
10301.3        0        1859.17        0        
10308.8        0        1859.17        0        
10316.2        0        1859.17        0        
10323.6        0        1859.17        0        
10331.1        0        1859.17        0        
10338.5        0        1859.17        0        
10346        0        1859.17        0        
10353.4        0        1859.17        0        
10360.8        0        1859.17        0        
10368.3        0        1859.17        0        
10375.7        0        1859.17        0        
10383.1        0        1859.17        0        
10390.6        0        1859.17        0        
10398        0        1859.17        0        
10405.4        0        1859.17        0        
10412.9        0        1859.17        0        
10420.3        0        1859.17        0        
10427.8        0        1859.17        0        
10435.2        0        1859.17        0        
10442.6        0        1859.17        0        
10450.1        0        1859.17        0        
10457.5        0        1859.17        0        
10464.9        0        1859.17        0        
10472.4        0        1859.17        0        
10479.8        0        1859.17        0        
10487.3        0        1859.17        0        
10494.7        0        1859.17        0        
10502.1        0        1859.17        0        
10509.6        0        1859.17        0        
10517        0        1859.17        0        
10524.4        0        1859.17        0        
10531.9        0        1859.17        0        
10539.3        0        1859.17        0        
10546.7        0        1859.17        0        
10554.2        0        1859.17        0        
10561.6        0        1859.17        0        
10569.1        0        1859.17        0        
10576.5        0        1859.17        0        
10583.9        0        1859.17        0        
10591.4        0        1859.17        0        
10598.8        0        1859.17        0        
10606.2        0        1859.17        0        
10613.7        0        1859.17        0        
10621.1        0        1859.17        0        
10628.5        0        1859.17        0        
10636        0        1859.17        0        
10643.4        0        1859.17        0        
10650.9        0        1859.17        0        
10658.3        0        1859.17        0        
10665.7        0        1859.17        0        
10673.2        0        1859.17        0        
10680.6        0        1859.17        0        
10688        0        1859.17        0        
10695.5        0        1859.17        0        
10702.9        0        1859.17        0        
10710.4        0        1859.17        0        
10717.8        0        1859.17        0        
10725.2        0        1859.17        0        
10732.7        0        1859.17        0        
10740.1        0        1859.17        0        
10747.5        0        1859.17        0        
10755        0        1859.17        0        
10762.4        0        1859.17        0        
10769.8        0        1859.17        0        
10777.3        0        1859.17        0        
10784.7        0        1859.17        0        
10792.2        0        1859.17        0        
10799.6        0        1859.17        0        
10807        0        1859.17        0        
10814.5        0        1859.17        0        
10821.9        0        1859.17        0        
10829.3        0        1859.17        0        
10836.8        0        1859.17        0        
10844.2        0        1859.17        0        
10851.7        0        1859.17        0        
10859.1        0        1859.17        0        
10866.5        0        1859.17        0        
10874        0        1859.17        0        
10881.4        0        1859.17        0        
10888.8        0        1859.17        0        
10896.3        0        1859.17        0        
10903.7        0        1859.17        0        
10911.1        0        1859.17        0        
10918.6        0        1859.17        0        
10926        0        1859.17        0        
10933.5        0        1859.17        0        
10940.9        0        1859.17        0        
10948.3        0        1859.17        0        
10955.8        0        1859.17        0        
10963.2        0        1859.17        0        
10970.6        0        1859.17        0        
10978.1        0        1859.17        0        
10985.5        0        1859.17        0        
10992.9        0        1859.17        0        
11000.4        0        1859.17        0        
11007.8        0        1859.17        0        
11015.3        0        1859.17        0        
11022.7        0        1859.17        0        
11030.1        0        1859.17        0        
11037.6        0        1859.17        0        
11045        0        1859.17        0        
11052.4        0        1859.17        0        
11059.9        0        1859.17        0        
11067.3        0        1859.17        0        
11074.8        0        1859.17        0        
11082.2        0        1859.17        0        
11089.6        0        1859.17        0        
11097.1        0        1859.17        0        
11104.5        0        1859.17        0        
11111.9        0        1859.17        0        
11119.4        0        1859.17        0        
11126.8        0        1859.17        0        
11134.2        0        1859.17        0        
11141.7        0        1859.17        0        
11149.1        0        1859.17        0        
11156.6        0        1859.17        0        
11164        0        1859.17        0        
11171.4        0        1859.17        0        
11178.9        0        1859.17        0        
11186.3        0        1859.17        0        
11193.7        0        1859.17        0        
11201.2        0        1859.17        0        
11208.6        0        1859.17        0        
11216        0        1859.17        0        
11223.5        0        1859.17        0        
11230.9        0        1859.17        0        
11238.4        0        1859.17        0        
11245.8        0        1859.17        0        
11253.2        0        1859.17        0        
11260.7        0        1859.17        0        
11268.1        0        1859.17        0        
11275.5        0        1859.17        0        
11283        0        1859.17        0        
11290.4        0        1859.17        0        
11297.9        0        1859.17        0        
11305.3        0        1859.17        0        
11312.7        0        1859.17        0        
11320.2        0        1859.17        0        
11327.6        0        1859.17        0        
11335        0        1859.17        0        
11342.5        0        1859.17        0        
11349.9        0        1859.17        0        
11357.3        0        1859.17        0        
11364.8        0        1859.17        0        
11372.2        0        1859.17        0        
11379.7        0        1859.17        0        
11387.1        0        1859.17        0        
11394.5        0        1859.17        0        
11402        0        1859.17        0        
11409.4        0        1859.17        0        
11416.8        0        1859.17        0        
11424.3        0        1859.17        0        
11431.7        0        1859.17        0        
11439.1        0        1859.17        0        
11446.6        0        1859.17        0        
11454        0        1859.17        0        
11461.5        0        1859.17        0        
11468.9        0        1859.17        0        
11476.3        0        1859.17        0        
11483.8        0        1859.17        0        
11491.2        0        1859.17        0        
11498.6        0        1859.17        0        
11506.1        0        1859.17        0        
11513.5        0        1859.17        0        
11521        0        1859.17        0        
11528.4        0        1859.17        0        
11535.8        0        1859.17        0        
11543.3        0        1859.17        0        
11550.7        0        1859.17        0        
11558.1        0        1859.17        0        
11565.6        0        1859.17        0        
11573        0        1859.17        0        
11580.4        0        1859.17        0        
11587.9        0        1859.17        0        
11595.3        0        1859.17        0        
11602.8        0        1859.17        0        
11610.2        0        1859.17        0        
11617.6        0        1859.17        0        
11625.1        0        1859.17        0        
11632.5        0        1859.17        0        
11639.9        0        1859.17        0        
11647.4        0        1859.17        0        
11654.8        0        1859.17        0        
11662.2        0        1859.17        0        
11669.7        0        1859.17        0        
11677.1        0        1859.17        0        
11684.6        0        1859.17        0        
11692        0        1859.17        0        
11699.4        0        1859.17        0        
11706.9        0        1859.17        0        
11714.3        0        1859.17        0        
11721.7        0        1859.17        0        
11729.2        0        1859.17        0        
11736.6        0        1859.17        0        
11744.1        0        1859.17        0        
11751.5        0        1859.17        0        
11758.9        0        1859.17        0        
11766.4        0        1859.17        0        
11773.8        0        1859.17        0        
11781.2        0        1859.17        0        
11788.7        0        1859.17        0        
11796.1        0        1859.17        0        
11803.5        0        1859.17        0        
11811        0        1859.17        0        
11818.4        0        1859.17        0        
11825.9        0        1859.17        0        
11833.3        0        1859.17        0        
11840.7        0        1859.17        0        
11848.2        0        1859.17        0        
11855.6        0        1859.17        0        
11863        0        1859.17        0        
11870.5        0        1859.17        0        
11877.9        0        1859.17        0        
11885.3        0        1859.17        0        
11892.8        0        1859.17        0        
11900.2        0        1859.17        0        
11907.7        0        1859.17        0        
11915.1        0        1859.17        0        
11922.5        0        1859.17        0        
11930        0        1859.17        0        
11937.4        0        1859.17        0        
11944.8        0        1859.17        0        
11952.3        0        1859.17        0        
11959.7        0        1859.17        0        
11967.2        0        1859.17        0        
11974.6        0        1859.17        0        
11982        0        1859.17        0        
11989.5        0        1859.17        0        
11996.9        0        1859.17        0        
12004.3        0        1859.17        0        
12011.8        0        1859.17        0        
12019.2        0        1859.17        0        
12026.6        0        1859.17        0        
12034.1        0        1859.17        0        
12041.5        0        1859.17        0        
12049        0        1859.17        0        
12056.4        0        1859.17        0        
12063.8        0        1859.17        0        
12071.3        0        1859.17        0        
12078.7        0        1859.17        0        
12086.1        0        1859.17        0        
12093.6        0        1859.17        0        
12101        0        1859.17        0        
12108.5        0        1859.17        0        
12115.9        0        1859.17        0        
12123.3        0        1859.17        0        
12130.8        0        1859.17        0        
12138.2        0        1859.17        0        
12145.6        0        1859.17        0        
12153.1        0        1859.17        0        
12160.5        0        1859.17        0        
12167.9        0        1859.17        0        
12175.4        0        1859.17        0        
12182.8        0        1859.17        0        
12190.3        0        1859.17        0        
12197.7        0        1859.17        0        
12205.1        0        1859.17        0        
12212.6        0        1859.17        0        
12220        0        1859.17        0        
12227.4        0        1859.17        0        
12234.9        0        1859.17        0        
12242.3        0        1859.17        0        
12249.7        0        1859.17        0        
12257.2        0        1859.17        0        
12264.6        0        1859.17        0        
12272.1        0        1859.17        0        
12279.5        0        1859.17        0        
12286.9        0        1859.17        0        
12294.4        0        1859.17        0        
12301.8        0        1859.17        0        
12309.2        0        1859.17        0        
12316.7        0        1859.17        0        
12324.1        0        1859.17        0        
12331.6        0        1859.17        0        
12339        0        1859.17        0        
12346.4        0        1859.17        0        
12353.9        0        1859.17        0        
12361.3        0        1859.17        0        
12368.7        0        1859.17        0        
12376.2        0        1859.17        0        
12383.6        0        1859.17        0        
12391        0        1859.17        0        
12398.5        0        1859.17        0        
12405.9        0        1859.17        0        
12413.4        0        1859.17        0        
12420.8        0        1859.17        0        
12428.2        0        1859.17        0        
12435.7        0        1859.17        0        
12443.1        0        1859.17        0        
12450.5        0        1859.17        0        
12458        0        1859.17        0        
12465.4        0        1859.17        0        
12472.8        0        1859.17        0        
12480.3        0        1859.17        0        
12487.7        0        1859.17        0        
12495.2        0        1859.17        0        
12502.6        0        1859.17        0        
12510        0        1859.17        0        
12517.5        0        1859.17        0        
12524.9        0        1859.17        0        
12532.3        0        1859.17        0        
12539.8        0        1859.17        0        
12547.2        0        1859.17        0        
12554.7        0        1859.17        0        
12562.1        0        1859.17        0        
12569.5        0        1859.17        0        
12577        0        1859.17        0        
12584.4        0        1859.17        0        
12591.8        0        1859.17        0        
12599.3        0        1859.17        0        
12606.7        0        1859.17        0        
12614.1        0        1859.17        0        
12621.6        0        1859.17        0        
12629        0        1859.17        0        
12636.5        0        1859.17        0        
12643.9        0        1859.17        0        
12651.3        0        1859.17        0        
12658.8        0        1859.17        0        
12666.2        0        1859.17        0        
12673.6        0        1859.17        0        
12681.1        0        1859.17        0        
12688.5        0        1859.17        0        
12695.9        0        1859.17        0        
12703.4        0        1859.17        0        
12710.8        0        1859.17        0        
12718.3        0        1859.17        0        
12725.7        0        1859.17        0        
12733.1        0        1859.17        0        
12740.6        0        1859.17        0        
12748        0        1859.17        0        
12755.4        0        1859.17        0        
12762.9        0        1859.17        0        
12770.3        0        1859.17        0        
12777.8        0        1859.17        0        
12785.2        0        1859.17        0        
12792.6        0        1859.17        0        
12800.1        0        1859.17        0        
12807.5        0        1859.17        0        
12814.9        0        1859.17        0        
12822.4        0        1859.17        0        
12829.8        0        1859.17        0        
12837.2        0        1859.17        0        
12844.7        0        1859.17        0        
12852.1        0        1859.17        0        
12859.6        0        1859.17        0        
12867        0        1859.17        0        
12874.4        0        1859.17        0        
12881.9        0        1859.17        0        
12889.3        0        1859.17        0        
12896.7        0        1859.17        0        
12904.2        0        1859.17        0        
12911.6        0        1859.17        0        
12919        0        1859.17        0        
12926.5        0        1859.17        0        
12933.9        0        1859.17        0        
12941.4        0        1859.17        0        
12948.8        0        1859.17        0        
12956.2        0        1859.17        0        
12963.7        0        1859.17        0        
12971.1        0        1859.17        0        
12978.5        0        1859.17        0        
12986        0        1859.17        0        
12993.4        0        1859.17        0        
13000.9        0        1859.17        0        
13008.3        0        1859.17        0        
13015.7        0        1859.17        0        
13023.2        0        1859.17        0        
13030.6        0        1859.17        0        
13038        0        1859.17        0        
13045.5        0        1859.17        0        
13052.9        0        1859.17        0        
13060.3        0        1859.17        0        
13067.8        0        1859.17        0        
13075.2        0        1859.17        0        
13082.7        0        1859.17        0        
13090.1        0        1859.17        0        
13097.5        0        1859.17        0        
13105        0        1859.17        0        
13112.4        0        1859.17        0        
13119.8        0        1859.17        0        
13127.3        0        1859.17        0        
13134.7        0        1859.17        0        
13142.1        0        1859.17        0        
13149.6        0        1859.17        0        
13157        0        1859.17        0        
13164.5        0        1859.17        0        
13171.9        0        1859.17        0        
13179.3        0        1859.17        0        
13186.8        0        1859.17        0        
13194.2        0        1859.17        0        
13201.6        0        1859.17        0        
13209.1        0        1859.17        0        
13216.5        0        1859.17        0        
13224        0        1859.17        0        
13231.4        0        1859.17        0        
13238.8        0        1859.17        0        
13246.3        0        1859.17        0        
13253.7        0        1859.17        0        
13261.1        0        1859.17        0        
13268.6        0        1859.17        0        
13276        0        1859.17        0        
13283.4        0        1859.17        0        
13290.9        0        1859.17        0        
13298.3        0        1859.17        0        
13305.8        0        1859.17        0        
13313.2        0        1859.17        0        
13320.6        0        1859.17        0        
13328.1        0        1859.17        0        
13335.5        0        1859.17        0        
13342.9        0        1859.17        0        
13350.4        0        1859.17        0        
13357.8        0        1859.17        0        
13365.3        0        1859.17        0        
13372.7        0        1859.17        0        
13380.1        0        1859.17        0        
13387.6        0        1859.17        0        
13395        0        1859.17        0        
13402.4        0        1859.17        0        
13409.9        0        1859.17        0        
13417.3        0        1859.17        0        
13424.7        0        1859.17        0        
13432.2        0        1859.17        0        
13439.6        0        1859.17        0        
13447.1        0        1859.17        0        
13454.5        0        1859.17        0        
13461.9        0        1859.17        0        
13469.4        0        1859.17        0        
13476.8        0        1859.17        0        
13484.2        0        1859.17        0        
13491.7        0        1859.17        0        
13499.1        0        1859.17        0        
13506.5        0        1859.17        0        
13514        0        1859.17        0        
13521.4        0        1859.17        0        
13528.9        0        1859.17        0        
13536.3        0        1859.17        0        
13543.7        0        1859.17        0        
13551.2        0        1859.17        0        
13558.6        0        1859.17        0        
13566        0        1859.17        0        
13573.5        0        1859.17        0        
13580.9        0        1859.17        0        
13588.4        0        1859.17        0        
13595.8        0        1859.17        0        
13603.2        0        1859.17        0        
13610.7        0        1859.17        0        
13618.1        0        1859.17        0        
13625.5        0        1859.17        0        
13633        0        1859.17        0        
13640.4        0        1859.17        0        
13647.8        0        1859.17        0        
13655.3        0        1859.17        0        
13662.7        0        1859.17        0        
13670.2        0        1859.17        0        
13677.6        0        1859.17        0        
13685        0        1859.17        0        
13692.5        0        1859.17        0        
13699.9        0        1859.17        0        
13707.3        0        1859.17        0        
13714.8        0        1859.17        0        
13722.2        0        1859.17        0        
13729.6        0        1859.17        0        
13737.1        0        1859.17        0        
13744.5        0        1859.17        0        
13752        0        1859.17        0        
13759.4        0        1859.17        0        
13766.8        0        1859.17        0        
13774.3        0        1859.17        0        
13781.7        0        1859.17        0        
13789.1        0        1859.17        0        
13796.6        0        1859.17        0        
13804        0        1859.17        0        
13811.5        0        1859.17        0        
13818.9        0        1859.17        0        
13826.3        0        1859.17        0        
13833.8        0        1859.17        0        
13841.2        0        1859.17        0        
13848.6        0        1859.17        0        
13856.1        0        1859.17        0        
13863.5        0        1859.17        0        
13870.9        0        1859.17        0        
13878.4        0        1859.17        0        
13885.8        0        1859.17        0        
13893.3        0        1859.17        0        
13900.7        0        1859.17        0        
13908.1        0        1859.17        0        
13915.6        0        1859.17        0        
13923        0        1859.17        0        
13930.4        0        1859.17        0        
13937.9        0        1859.17        0        
13945.3        0        1859.17        0        
13952.7        0        1859.17        0        
13960.2        0        1859.17        0        
13967.6        0        1859.17        0        
13975.1        0        1859.17        0        
13982.5        0        1859.17        0        
13989.9        0        1859.17        0        
13997.4        0        1859.17        0        
14004.8        0        1859.17        0        
14012.2        0        1859.17        0        
14019.7        0        1859.17        0        
14027.1        0        1859.17        0        
14034.6        0        1859.17        0        
14042        0        1859.17        0        
14049.4        0        1859.17        0        
14056.9        0        1859.17        0        
14064.3        0        1859.17        0        
14071.7        0        1859.17        0        
14079.2        0        1859.17        0        
14086.6        0        1859.17        0        
14094        0        1859.17        0        
14101.5        0        1859.17        0        
14108.9        0        1859.17        0        
14116.4        0        1859.17        0        
14123.8        0        1859.17        0        
14131.2        0        1859.17        0        
14138.7        0        1859.17        0        
14146.1        0        1859.17        0        
14153.5        0        1859.17        0        
14161        0        1859.17        0        
14168.4        0        1859.17        0        
14175.8        0        1859.17        0        
14183.3        0        1859.17        0        
14190.7        0        1859.17        0        
14198.2        0        1859.17        0        
14205.6        0        1859.17        0        
14213        0        1859.17        0        
14220.5        0        1859.17        0        
14227.9        0        1859.17        0        
14235.3        0        1859.17        0        
14242.8        0        1859.17        0        
14250.2        0        1859.17        0        
14257.7        0        1859.17        0        
14265.1        0        1859.17        0        
14272.5        0        1859.17        0        
14280        0        1859.17        0        
14287.4        0        1859.17        0        
14294.8        0        1859.17        0        
14302.3        0        1859.17        0        
14309.7        0        1859.17        0        
14317.1        0        1859.17        0        
14324.6        0        1859.17        0        
14332        0        1859.17        0        
14339.5        0        1859.17        0        
14346.9        0        1859.17        0        
14354.3        0        1859.17        0        
14361.8        0        1859.17        0        
14369.2        0        1859.17        0        
14376.6        0        1859.17        0        
14384.1        0        1859.17        0        
14391.5        0        1859.17        0        
14399        0        1859.17        0        
14406.4        0        1859.17        0        
14413.8        0        1859.17        0        
14421.3        0        1859.17        0        
14428.7        0        1859.17        0        
14436.1        0        1859.17        0        
14443.6        0        1859.17        0        
14451        0        1859.17        0        
14458.4        0        1859.17        0        
14465.9        0        1859.17        0        
14473.3        0        1859.17        0        
14480.8        0        1859.17        0        
14488.2        0        1859.17        0        
14495.6        0        1859.17        0        
14503.1        0        1859.17        0        
14510.5        0        1859.17        0        
14517.9        0        1859.17        0        
14525.4        0        1859.17        0        
14532.8        0        1859.17        0        
14540.2        0        1859.17        0        
14547.7        0        1859.17        0        
14555.1        0        1859.17        0        
14562.6        0        1859.17        0        
14570        0        1859.17        0        
14577.4        0        1859.17        0        
14584.9        0        1859.17        0        
14592.3        0        1859.17        0        
14599.7        0        1859.17        0        
14607.2        0        1859.17        0        
14614.6        0        1859.17        0        
14622.1        0        1859.17        0        
14629.5        0        1859.17        0        
14636.9        0        1859.17        0        
14644.4        0        1859.17        0        
14651.8        0        1859.17        0        
14659.2        0        1859.17        0        
14666.7        0        1859.17        0        
14674.1        0        1859.17        0        
14681.5        0        1859.17        0        
14689        0        1859.17        0        
14696.4        0        1859.17        0        
14703.9        0        1859.17        0        
14711.3        0        1859.17        0        
14718.7        0        1859.17        0        
14726.2        0        1859.17        0        
14733.6        0        1859.17        0        
14741        0        1859.17        0        
14748.5        0        1859.17        0        
14755.9        0        1859.17        0        
14763.3        0        1859.17        0        
14770.8        0        1859.17        0        
14778.2        0        1859.17        0        
14785.7        0        1859.17        0        
14793.1        0        1859.17        0        
14800.5        0        1859.17        0        
14808        0        1859.17        0        
14815.4        0        1859.17        0        
14822.8        0        1859.17        0        
14830.3        0        1859.17        0        
14837.7        0        1859.17        0        
14845.2        0        1859.17        0        
14852.6        0        1859.17        0        
14860        0        1859.17        0        
14867.5        0        1859.17        0        
