0        1649.75
0.004        1649.75
0.008        1649.75
0.012        1649.75
0.016        1649.75
0.02        1649.75
0.024        1649.75
0.028        1649.75
0.032        1649.75
0.036        1649.75
0.04        1649.75
0.044        1649.75
0.048        1649.75
0.052        1649.75
0.056        1649.75
0.06        1649.75
0.064        1649.75
0.068        1649.75
0.072        1649.75
0.076        1649.75
0.08        1649.75
0.084        1649.75
0.088        1649.75
0.092        1649.75
0.096        1649.75
0.1        1649.75
0.104        1649.75
0.108        1649.75
0.112        1649.75
0.116        1649.75
0.12        1649.75
0.124        1649.75
0.128        1649.75
0.132        1649.75
0.136        1649.75
0.14        1649.75
0.144        1649.75
0.148        1649.75
0.152        1649.75
0.156        1649.75
0.16        1649.75
0.164        1649.75
0.168        1649.75
0.172        1649.75
0.176        1649.75
0.18        1649.75
0.184        1649.75
0.188        1649.75
0.192        1649.75
0.196        1649.75
0.2        1649.75
0.204        1649.75
0.208        1649.75
0.212        1649.75
0.216        1649.75
0.22        1649.75
0.224        1649.75
0.228        1649.75
0.232        1649.75
0.236        1649.75
0.24        1649.75
0.244        1649.75
0.248        1649.75
0.252        1649.75
0.256        1649.75
0.26        1649.75
0.264        1649.75
0.268        1649.75
0.272        1649.75
0.276        1649.75
0.28        1649.75
0.284        1649.75
0.288        1649.75
0.292        1649.75
0.296        1649.75
0.3        1649.75
0.304        1649.75
0.308        1649.75
0.312        1649.75
0.316        1649.75
0.32        1649.75
0.324        1649.75
0.328        1649.75
0.332        1649.75
0.336        1649.75
0.34        1649.75
0.344        1649.75
0.348        1649.75
0.352        1649.75
0.356        1649.75
0.36        1649.75
0.364        1649.75
0.368        1649.75
0.372        1649.75
0.376        1649.75
0.38        1649.75
0.384        1649.75
0.388        1649.75
0.392        1649.75
0.396        1649.75
0.4        1649.75
0.404        1649.75
0.408        1649.75
0.412        1649.75
0.416        1649.75
0.42        1649.75
0.424        1649.75
0.428        1649.75
0.432        1649.75
0.436        1649.75
0.44        1649.75
0.444        1649.75
0.448        1649.75
0.452        1649.75
0.456        1649.75
0.46        1649.75
0.464        1649.75
0.468        1649.75
0.472        1649.75
0.476        1649.75
0.48        1649.75
0.484        1649.75
0.488        1649.75
0.492        1649.75
0.496        1649.75
0.5        1649.75
0.504        1649.75
0.508        1649.75
0.512        1649.75
0.516        1649.75
0.52        1649.75
0.524        1649.75
0.528        1649.75
0.532        1649.75
0.536        1649.75
0.54        1649.75
0.544        1649.75
0.548        1649.75
0.552        1649.75
0.556        1649.75
0.56        1649.75
0.564        1649.75
0.568        1649.75
0.572        1649.75
0.576        1649.75
0.58        1649.75
0.584        1649.75
0.588        1649.75
0.592        1649.75
0.596        1649.75
0.6        1649.75
0.604        1649.75
0.608        1649.75
0.612        1649.75
0.616        1649.75
0.62        1649.75
0.624        1649.75
0.628        1649.75
0.632        1649.75
0.636        1649.75
0.64        1649.75
0.644        1649.75
0.648        1649.75
0.652        1649.75
0.656        1649.75
0.66        1649.75
0.664        1649.75
0.668        1649.75
0.672        1649.75
0.676        1649.75
0.68        1649.75
0.684        1649.75
0.688        1649.75
0.692        1649.75
0.696        1649.75
0.7        1649.75
0.704        1649.75
0.708        1649.75
0.712        1649.75
0.716        1649.75
0.72        1649.75
0.724        1649.75
0.728        1649.75
0.732        1649.75
0.736        1649.75
0.74        1649.75
0.744        1649.75
0.748        1649.75
0.752        1649.75
0.756        1649.75
0.76        1649.75
0.764        1649.75
0.768        1649.75
0.772        1649.75
0.776        1649.75
0.78        1649.75
0.784        1649.75
0.788        1649.75
0.792        1649.75
0.796        1649.75
0.8        1649.75
0.804        1649.75
0.808        1649.75
0.812        1649.75
0.816        1649.75
0.82        1649.75
0.824        1649.75
0.828        1649.75
0.832        1649.75
0.836        1649.75
0.84        1649.75
0.844        1649.75
0.848        1649.75
0.852        1649.75
0.856        1649.75
0.86        1649.75
0.864        1649.75
0.868        1649.75
0.872        1649.75
0.876        1649.75
0.88        1649.75
0.884        1649.75
0.888        1649.75
0.892        1649.75
0.896        1649.75
0.9        1649.75
0.904        1649.75
0.908        1649.75
0.912        1649.75
0.916        1649.75
0.92        1649.75
0.924        1649.75
0.928        1649.75
0.932        1649.75
0.936        1649.75
0.94        1649.75
0.944        1649.75
0.948        1649.75
0.952        1649.75
0.956        1649.75
0.96        1649.75
0.964        1649.75
0.968        1649.75
0.972        1649.75
0.976        1649.75
0.98        1649.75
0.984        1649.75
0.988        1649.75
0.992        1649.75
0.996        1649.75
1        1649.75
1.004        1649.75
1.008        1649.75
1.012        1649.75
1.016        1649.75
1.02        1649.75
1.024        1649.75
1.028        1649.75
1.032        1649.75
1.036        1649.75
1.04        1649.75
1.044        1649.75
1.048        1649.75
1.052        1649.75
1.056        1649.75
1.06        1649.75
1.064        1649.75
1.068        1649.75
1.072        1649.75
1.076        1649.75
1.08        1649.75
1.084        1649.75
1.088        1649.75
1.092        1649.75
1.096        1649.75
1.1        1649.75
1.104        1649.75
1.108        1649.75
1.112        1649.75
1.116        1649.75
1.12        1649.75
1.124        1649.75
1.128        1649.75
1.132        1649.75
1.136        1649.75
1.14        1649.75
1.144        1649.75
1.148        1649.75
1.152        1649.75
1.156        1649.75
1.16        1649.75
1.164        1649.75
1.168        1649.75
1.172        1649.75
1.176        1649.75
1.18        1649.75
1.184        1649.75
1.188        1649.75
1.192        1649.75
1.196        1649.75
1.2        1649.75
1.204        1649.75
1.208        1649.75
1.212        1649.75
1.216        1649.75
1.22        1649.75
1.224        1649.75
1.228        1649.75
1.232        1649.75
1.236        1649.75
1.24        1649.75
1.244        1649.75
1.248        1649.75
1.252        1649.75
1.256        1649.75
1.26        1649.75
1.264        1649.75
1.268        1649.75
1.272        1649.75
1.276        1649.75
1.28        1649.75
1.284        1649.75
1.288        1649.75
1.292        1649.75
1.296        1649.75
1.3        1649.75
1.304        1649.75
1.308        1649.75
1.312        1649.75
1.316        1649.75
1.32        1649.75
1.324        1649.75
1.328        1649.75
1.332        1649.75
1.336        1649.75
1.34        1649.75
1.344        1649.75
1.348        1649.75
1.352        1649.75
1.356        1649.75
1.36        1649.75
1.364        1649.75
1.368        1649.75
1.372        1649.75
1.376        1649.75
1.38        1649.75
1.384        1649.75
1.388        1649.75
1.392        1649.75
1.396        1649.75
1.4        1649.75
1.404        1649.75
1.408        1649.75
1.412        1649.75
1.416        1649.75
1.42        1649.75
1.424        1649.75
1.428        1649.75
1.432        1649.75
1.436        1649.75
1.44        1649.75
1.444        1649.75
1.448        1649.75
1.452        1649.75
1.456        1649.75
1.46        1649.75
1.464        1649.75
1.468        1649.75
1.472        1649.75
1.476        1649.75
1.48        1649.75
1.484        1649.75
1.488        1649.75
1.492        1649.75
1.496        1649.75
1.5        1649.75
1.504        1649.75
1.508        1649.75
1.512        1649.75
1.516        1649.75
1.52        1649.75
1.524        1649.75
1.528        1649.75
1.532        1649.75
1.536        1649.75
1.54        1649.75
1.544        1649.75
1.548        1649.75
1.552        1649.75
1.556        1649.75
1.56        1649.75
1.564        1649.75
1.568        1649.75
1.572        1649.75
1.576        1649.75
1.58        1649.75
1.584        1649.75
1.588        1649.75
1.592        1649.75
1.596        1649.75
1.6        1649.75
1.604        1649.75
1.608        1649.75
1.612        1649.75
1.616        1649.75
1.62        1649.75
1.624        1649.75
1.628        1649.75
1.632        1649.75
1.636        1649.75
1.64        1649.75
1.644        1649.75
1.648        1649.75
1.652        1649.75
1.656        1649.75
1.66        1649.75
1.664        1649.75
1.668        1649.75
1.672        1649.75
1.676        1649.75
1.68        1649.75
1.684        1649.75
1.688        1649.75
1.692        1649.75
1.696        1649.75
1.7        1649.75
1.704        1649.75
1.708        1649.75
1.712        1649.75
1.716        1649.75
1.72        1649.75
1.724        1649.75
1.728        1649.75
1.732        1649.75
1.736        1649.75
1.74        1649.75
1.744        1649.75
1.748        1649.75
1.752        1649.75
1.756        1649.75
1.76        1649.75
1.764        1649.75
1.768        1649.75
1.772        1649.75
1.776        1649.75
1.78        1649.75
1.784        1649.75
1.788        1649.75
1.792        1649.75
1.796        1649.75
1.8        1649.75
1.804        1649.75
1.808        1649.75
1.812        1649.75
1.816        1649.75
1.82        1649.75
1.824        1649.75
1.828        1649.75
1.832        1649.75
1.836        1649.75
1.84        1649.75
1.844        1649.75
1.848        1649.75
1.852        1649.75
1.856        1649.75
1.86        1649.75
1.864        1649.75
1.868        1649.75
1.872        1649.75
1.876        1649.75
1.88        1649.75
1.884        1649.75
1.888        1649.75
1.892        1649.75
1.896        1649.75
1.9        1649.75
1.904        1649.75
1.908        1649.75
1.912        1649.75
1.916        1649.75
1.92        1649.75
1.924        1649.75
1.928        1649.75
1.932        1649.75
1.936        1649.75
1.94        1649.75
1.944        1649.75
1.948        1649.75
1.952        1649.75
1.956        1649.75
1.96        1649.75
1.964        1649.75
1.968        1649.75
1.972        1649.75
1.976        1649.75
1.98        1649.75
1.984        1649.75
1.988        1649.75
1.992        1649.75
1.996        1649.75
2        1649.75
2.004        1649.75
2.008        1649.75
2.012        1649.75
2.016        1649.75
2.02        1649.75
2.024        1649.75
2.028        1649.75
2.032        1649.75
2.036        1649.75
2.04        1649.75
2.044        1649.75
2.048        1649.75
2.052        1649.75
2.056        1649.75
2.06        1649.75
2.064        1649.75
2.068        1649.75
2.072        1649.75
2.076        1649.75
2.08        1649.75
2.084        1649.75
2.088        1649.75
2.092        1649.75
2.096        1649.75
2.1        1649.75
2.104        1649.75
2.108        1649.75
2.112        1649.75
2.116        1649.75
2.12        1649.75
2.124        1649.75
2.128        1649.75
2.132        1649.75
2.136        1649.75
2.14        1649.75
2.144        1649.75
2.148        1649.75
2.152        1649.75
2.156        1649.75
2.16        1649.75
2.164        1649.75
2.168        1649.75
2.172        1649.75
2.176        1649.75
2.18        1649.75
2.184        1649.75
2.188        1649.75
2.192        1649.75
2.196        1649.75
2.2        1649.75
2.204        1649.75
2.208        1649.75
2.212        1649.75
2.216        1649.75
2.22        1649.75
2.224        1649.75
2.228        1649.75
2.232        1649.75
2.236        1649.75
2.24        1649.75
2.244        1649.75
2.248        1649.75
2.252        1649.75
2.256        1649.75
2.26        1649.75
2.264        1649.75
2.268        1649.75
2.272        1649.75
2.276        1649.75
2.28        1649.75
2.284        1649.75
2.288        1649.75
2.292        1649.75
2.296        1649.75
2.3        1649.75
2.304        1649.75
2.308        1649.75
2.312        1649.75
2.316        1649.75
2.32        1649.75
2.324        1649.75
2.328        1649.75
2.332        1649.75
2.336        1649.75
2.34        1649.75
2.344        1649.75
2.348        1649.75
2.352        1649.75
2.356        1649.75
2.36        1649.75
2.364        1649.75
2.368        1649.75
2.372        1649.75
2.376        1649.75
2.38        1649.75
2.384        1649.75
2.388        1649.75
2.392        1649.75
2.396        1649.75
2.4        1649.75
2.404        1649.75
2.408        1649.75
2.412        1649.75
2.416        1649.75
2.42        1649.75
2.424        1649.75
2.428        1649.75
2.432        1649.75
2.436        1649.75
2.44        1649.75
2.444        1649.75
2.448        1649.75
2.452        1649.75
2.456        1649.75
2.46        1649.75
2.464        1649.75
2.468        1649.75
2.472        1649.75
2.476        1649.75
2.48        1649.75
2.484        1649.75
2.488        1649.75
2.492        1649.75
2.496        1649.75
2.5        1649.75
2.504        1649.75
2.508        1649.75
2.512        1649.75
2.516        1649.75
2.52        1649.75
2.524        1649.75
2.528        1649.75
2.532        1649.75
2.536        1649.75
2.54        1649.75
2.544        1649.75
2.548        1649.75
2.552        1649.75
2.556        1649.75
2.56        1649.75
2.564        1649.75
2.568        1649.75
2.572        1649.75
2.576        1649.75
2.58        1649.75
2.584        1649.75
2.588        1649.75
2.592        1649.75
2.596        1649.75
2.6        1649.75
2.604        1649.75
2.608        1649.75
2.612        1649.75
2.616        1649.75
2.62        1649.75
2.624        1649.75
2.628        1649.75
2.632        1649.75
2.636        1649.75
2.64        1649.75
2.644        1649.75
2.648        1649.75
2.652        1649.75
2.656        1649.75
2.66        1649.75
2.664        1649.75
2.668        1649.75
2.672        1649.75
2.676        1649.75
2.68        1649.75
2.684        1649.75
2.688        1649.75
2.692        1649.75
2.696        1649.75
2.7        1649.75
2.704        1649.75
2.708        1649.75
2.712        1649.75
2.716        1649.75
2.72        1649.75
2.724        1649.75
2.728        1649.75
2.732        1649.75
2.736        1649.75
2.74        1649.75
2.744        1649.75
2.748        1649.75
2.752        1649.75
2.756        1649.75
2.76        1649.75
2.764        1649.75
2.768        1649.75
2.772        1649.75
2.776        1649.75
2.78        1649.75
2.784        1649.75
2.788        1649.75
2.792        1649.75
2.796        1649.75
2.8        1649.75
2.804        1649.75
2.808        1649.75
2.812        1649.75
2.816        1649.75
2.82        1649.75
2.824        1649.75
2.828        1649.75
2.832        1649.75
2.836        1649.75
2.84        1649.75
2.844        1649.75
2.848        1649.75
2.852        1649.75
2.856        1649.75
2.86        1649.75
2.864        1649.75
2.868        1649.75
2.872        1649.75
2.876        1649.75
2.88        1649.75
2.884        1649.75
2.888        1649.75
2.892        1649.75
2.896        1649.75
2.9        1649.75
2.904        1649.75
2.908        1649.75
2.912        1649.75
2.916        1649.75
2.92        1649.75
2.924        1649.75
2.928        1649.75
2.932        1649.75
2.936        1649.75
2.94        1649.75
2.944        1649.75
2.948        1649.75
2.952        1649.75
2.956        1649.75
2.96        1649.75
2.964        1649.75
2.968        1649.75
2.972        1649.75
2.976        1649.75
2.98        1649.75
2.984        1649.75
2.988        1649.75
2.992        1649.75
2.996        1649.75
3        1649.75
3.004        1649.75
3.008        1649.75
3.012        1649.75
3.016        1649.75
3.02        1649.75
3.024        1649.75
3.028        1649.75
3.032        1649.75
3.036        1649.75
3.04        1649.75
3.044        1649.75
3.048        1649.75
3.052        1649.75
3.056        1649.75
3.06        1649.75
3.064        1649.75
3.068        1649.75
3.072        1649.75
3.076        1649.75
3.08        1649.75
3.084        1649.75
3.088        1649.75
3.092        1649.75
3.096        1649.75
3.1        1649.75
3.104        1649.75
3.108        1649.75
3.112        1649.75
3.116        1649.75
3.12        1649.75
3.124        1649.75
3.128        1649.75
3.132        1649.75
3.136        1649.75
3.14        1649.75
3.144        1649.75
3.148        1649.75
3.152        1649.75
3.156        1649.75
3.16        1649.75
3.164        1649.75
3.168        1649.75
3.172        1649.75
3.176        1649.75
3.18        1649.75
3.184        1649.75
3.188        1649.75
3.192        1649.75
3.196        1649.75
3.2        1649.75
3.204        1649.75
3.208        1649.75
3.212        1649.75
3.216        1649.75
3.22        1649.75
3.224        1649.75
3.228        1649.75
3.232        1649.75
3.236        1649.75
3.24        1649.75
3.244        1649.75
3.248        1649.75
3.252        1649.75
3.256        1649.75
3.26        1649.75
3.264        1649.75
3.268        1649.75
3.272        1649.75
3.276        1649.75
3.28        1649.75
3.284        1649.75
3.288        1649.75
3.292        1649.75
3.296        1649.75
3.3        1649.75
3.304        1649.75
3.308        1649.75
3.312        1649.75
3.316        1649.75
3.32        1649.75
3.324        1649.75
3.328        1649.75
3.332        1649.75
3.336        1649.75
3.34        1649.75
3.344        1649.75
3.348        1649.75
3.352        1649.75
3.356        1649.75
3.36        1649.75
3.364        1649.75
3.368        1649.75
3.372        1649.75
3.376        1649.75
3.38        1649.75
3.384        1649.75
3.388        1649.75
3.392        1649.75
3.396        1649.75
3.4        1649.75
3.404        1649.75
3.408        1649.75
3.412        1649.75
3.416        1649.75
3.42        1649.75
3.424        1649.75
3.428        1649.75
3.432        1649.75
3.436        1649.75
3.44        1649.75
3.444        1649.75
3.448        1649.75
3.452        1649.75
3.456        1649.75
3.46        1649.75
3.464        1649.75
3.468        1649.75
3.472        1649.75
3.476        1649.75
3.48        1649.75
3.484        1649.75
3.488        1649.75
3.492        1649.75
3.496        1649.75
3.5        1649.75
3.504        1649.75
3.508        1649.75
3.512        1649.75
3.516        1649.75
3.52        1649.75
3.524        1649.75
3.528        1649.75
3.532        1649.75
3.536        1649.75
3.54        1649.75
3.544        1649.75
3.548        1649.75
3.552        1649.75
3.556        1649.75
3.56        1649.75
3.564        1649.75
3.568        1649.75
3.572        1649.75
3.576        1649.75
3.58        1649.75
3.584        1649.75
3.588        1649.75
3.592        1649.75
3.596        1649.75
3.6        1649.75
3.604        1649.75
3.608        1649.75
3.612        1649.75
3.616        1649.75
3.62        1649.75
3.624        1649.75
3.628        1649.75
3.632        1649.75
3.636        1649.75
3.64        1649.75
3.644        1649.75
3.648        1649.75
3.652        1649.75
3.656        1649.75
3.66        1649.75
3.664        1649.75
3.668        1649.75
3.672        1649.75
3.676        1649.75
3.68        1649.75
3.684        1649.75
3.688        1649.75
3.692        1649.75
3.696        1649.75
3.7        1649.75
3.704        1649.75
3.708        1649.75
3.712        1649.75
3.716        1649.75
3.72        1649.75
3.724        1649.75
3.728        1649.75
3.732        1649.75
3.736        1649.75
3.74        1649.75
3.744        1649.75
3.748        1649.75
3.752        1649.75
3.756        1649.75
3.76        1649.75
3.764        1649.75
3.768        1649.75
3.772        1649.75
3.776        1649.75
3.78        1649.75
3.784        1649.75
3.788        1649.75
3.792        1649.75
3.796        1649.75
3.8        1649.75
3.804        1649.75
3.808        1649.75
3.812        1649.75
3.816        1649.75
3.82        1649.75
3.824        1649.75
3.828        1649.75
3.832        1649.75
3.836        1649.75
3.84        1649.75
3.844        1649.75
3.848        1649.75
3.852        1649.75
3.856        1649.75
3.86        1649.75
3.864        1649.75
3.868        1649.75
3.872        1649.75
3.876        1649.75
3.88        1649.75
3.884        1649.75
3.888        1649.75
3.892        1649.75
3.896        1649.75
3.9        1649.75
3.904        1649.75
3.908        1649.75
3.912        1649.75
3.916        1649.75
3.92        1649.75
3.924        1649.75
3.928        1649.75
3.932        1649.75
3.936        1649.75
3.94        1649.75
3.944        1649.75
3.948        1649.75
3.952        1649.75
3.956        1649.75
3.96        1649.75
3.964        1649.75
3.968        1649.75
3.972        1649.75
3.976        1649.75
3.98        1649.75
3.984        1649.75
3.988        1649.75
3.992        1649.75
3.996        1649.75
4        1649.75
4.004        1649.75
4.008        1649.75
4.012        1649.75
4.016        1649.75
4.02        1649.75
4.024        1649.75
4.028        1649.75
4.032        1649.75
4.036        1649.75
4.04        1649.75
4.044        1649.75
4.048        1649.75
4.052        1649.75
4.056        1649.75
4.06        1649.75
4.064        1649.75
4.068        1649.75
4.072        1649.75
4.076        1649.75
4.08        1649.75
4.084        1649.75
4.088        1649.75
4.092        1649.75
4.096        1649.75
4.1        1649.75
4.104        1649.75
4.108        1649.75
4.112        1649.75
4.116        1649.75
4.12        1649.75
4.124        1649.75
4.128        1649.75
4.132        1649.75
4.136        1649.75
4.14        1649.75
4.144        1649.75
4.148        1649.75
4.152        1649.75
4.156        1649.75
4.16        1649.75
4.164        1649.75
4.168        1649.75
4.172        1649.75
4.176        1649.75
4.18        1649.75
4.184        1649.75
4.188        1649.75
4.192        1649.75
4.196        1649.75
4.2        1649.75
4.204        1649.75
4.208        1649.75
4.212        1649.75
4.216        1649.75
4.22        1649.75
4.224        1649.75
4.228        1649.75
4.232        1649.75
4.236        1649.75
4.24        1649.75
4.244        1649.75
4.248        1649.75
4.252        1649.75
4.256        1649.75
4.26        1649.75
4.264        1649.75
4.268        1649.75
4.272        1649.75
4.276        1649.75
4.28        1649.75
4.284        1649.75
4.288        1649.75
4.292        1649.75
4.296        1649.75
4.3        1649.75
4.304        1649.75
4.308        1649.75
4.312        1649.75
4.316        1649.75
4.32        1649.75
4.324        1649.75
4.328        1649.75
4.332        1649.75
4.336        1649.75
4.34        1649.75
4.344        1649.75
4.348        1649.75
4.352        1649.75
4.356        1649.75
4.36        1649.75
4.364        1649.75
4.368        1649.75
4.372        1649.75
4.376        1649.75
4.38        1649.75
4.384        1649.75
4.388        1649.75
4.392        1649.75
4.396        1649.75
4.4        1649.75
4.404        1649.75
4.408        1649.75
4.412        1649.75
4.416        1649.75
4.42        1649.75
4.424        1649.75
4.428        1649.75
4.432        1649.75
4.436        1649.75
4.44        1649.75
4.444        1649.75
4.448        1649.75
4.452        1649.75
4.456        1649.75
4.46        1649.75
4.464        1649.75
4.468        1649.75
4.472        1649.75
4.476        1649.75
4.48        1649.75
4.484        1649.75
4.488        1649.75
4.492        1649.75
4.496        1649.75
4.5        1649.75
4.504        1649.75
4.508        1649.75
4.512        1649.75
4.516        1649.75
4.52        1649.75
4.524        1649.75
4.528        1649.75
4.532        1649.75
4.536        1649.75
4.54        1649.75
4.544        1649.75
4.548        1649.75
4.552        1649.75
4.556        1649.75
4.56        1649.75
4.564        1649.75
4.568        1649.75
4.572        1649.75
4.576        1649.75
4.58        1649.75
4.584        1649.75
4.588        1649.75
4.592        1649.75
4.596        1649.75
4.6        1649.75
4.604        1649.75
4.608        1649.75
4.612        1649.75
4.616        1649.75
4.62        1649.75
4.624        1649.75
4.628        1649.75
4.632        1649.75
4.636        1649.75
4.64        1649.75
4.644        1649.75
4.648        1649.75
4.652        1649.75
4.656        1649.75
4.66        1649.75
4.664        1649.75
4.668        1649.75
4.672        1649.75
4.676        1649.75
4.68        1649.75
4.684        1649.75
4.688        1649.75
4.692        1649.75
4.696        1649.75
4.7        1649.75
4.704        1649.75
4.708        1649.75
4.712        1649.75
4.716        1649.75
4.72        1649.75
4.724        1649.75
4.728        1649.75
4.732        1649.75
4.736        1649.75
4.74        1649.75
4.744        1649.75
4.748        1649.75
4.752        1649.75
4.756        1649.75
4.76        1649.75
4.764        1649.75
4.768        1649.75
4.772        1649.75
4.776        1649.75
4.78        1649.75
4.784        1649.75
4.788        1649.75
4.792        1649.75
4.796        1649.75
4.8        1649.75
4.804        1649.75
4.808        1649.75
4.812        1649.75
4.816        1649.75
4.82        1649.75
4.824        1649.75
4.828        1649.75
4.832        1649.75
4.836        1649.75
4.84        1649.75
4.844        1649.75
4.848        1649.75
4.852        1649.75
4.856        1649.75
4.86        1649.75
4.864        1649.75
4.868        1649.75
4.872        1649.75
4.876        1649.75
4.88        1649.75
4.884        1649.75
4.888        1649.75
4.892        1649.75
4.896        1649.75
4.9        1649.75
4.904        1649.75
4.908        1649.75
4.912        1649.75
4.916        1649.75
4.92        1649.75
4.924        1649.75
4.928        1649.75
4.932        1649.75
4.936        1649.75
4.94        1649.75
4.944        1649.75
4.948        1649.75
4.952        1649.75
4.956        1649.75
4.96        1649.75
4.964        1649.75
4.968        1649.75
4.972        1649.75
4.976        1649.75
4.98        1649.75
4.984        1649.75
4.988        1649.75
4.992        1649.75
4.996        1649.75
5        1649.75
5.004        1649.75
5.008        1649.75
5.012        1649.75
5.016        1649.75
5.02        1649.75
5.024        1649.75
5.028        1649.75
5.032        1649.75
5.036        1649.75
5.04        1649.75
5.044        1649.75
5.048        1649.75
5.052        1649.75
5.056        1649.75
5.06        1649.75
5.064        1649.75
5.068        1649.75
5.072        1649.75
5.076        1649.75
5.08        1649.75
5.084        1649.75
5.088        1649.75
5.092        1649.75
5.096        1649.75
5.1        1649.75
5.104        1649.75
5.108        1649.75
5.112        1649.75
5.116        1649.75
5.12        1649.75
5.124        1649.75
5.128        1649.75
5.132        1649.75
5.136        1649.75
5.14        1649.75
5.144        1649.75
5.148        1649.75
5.152        1649.75
5.156        1649.75
5.16        1649.75
5.164        1649.75
5.168        1649.75
5.172        1649.75
5.176        1649.75
5.18        1649.75
5.184        1649.75
5.188        1649.75
5.192        1649.75
5.196        1649.75
5.2        1649.75
5.204        1649.75
5.208        1649.75
5.212        1649.75
5.216        1649.75
5.22        1649.75
5.224        1649.75
5.228        1649.75
5.232        1649.75
5.236        1649.75
5.24        1649.75
5.244        1649.75
5.248        1649.75
5.252        1649.75
5.256        1649.75
5.26        1649.75
5.264        1649.75
5.268        1649.75
5.272        1649.75
5.276        1649.75
5.28        1649.75
5.284        1649.75
5.288        1649.75
5.292        1649.75
5.296        1649.75
5.3        1649.75
5.304        1649.75
5.308        1649.75
5.312        1649.75
5.316        1649.75
5.32        1649.75
5.324        1649.75
5.328        1649.75
5.332        1649.75
5.336        1649.75
5.34        1649.75
5.344        1649.75
5.348        1649.75
5.352        1649.75
5.356        1649.75
5.36        1649.75
5.364        1649.75
5.368        1649.75
5.372        1649.75
5.376        1649.75
5.38        1649.75
5.384        1649.75
5.388        1649.75
5.392        1649.75
5.396        1649.75
5.4        1649.75
5.404        1649.75
5.408        1649.75
5.412        1649.75
5.416        1649.75
5.42        1649.75
5.424        1649.75
5.428        1649.75
5.432        1649.75
5.436        1649.75
5.44        1649.75
5.444        1649.75
5.448        1649.75
5.452        1649.75
5.456        1649.75
5.46        1649.75
5.464        1649.75
5.468        1649.75
5.472        1649.75
5.476        1649.75
5.48        1649.75
5.484        1649.75
5.488        1649.75
5.492        1649.75
5.496        1649.75
5.5        1649.75
5.504        1649.75
5.508        1649.75
5.512        1649.75
5.516        1649.75
5.52        1649.75
5.524        1649.75
5.528        1649.75
5.532        1649.75
5.536        1649.75
5.54        1649.75
5.544        1649.75
5.548        1649.75
5.552        1649.75
5.556        1649.75
5.56        1649.75
5.564        1649.75
5.568        1649.75
5.572        1649.75
5.576        1649.75
5.58        1649.75
5.584        1649.75
5.588        1649.75
5.592        1649.75
5.596        1649.75
5.6        1649.75
5.604        1649.75
5.608        1649.75
5.612        1649.75
5.616        1649.75
5.62        1649.75
5.624        1649.75
5.628        1649.75
5.632        1649.75
5.636        1649.75
5.64        1649.75
5.644        1649.75
5.648        1649.75
5.652        1649.75
5.656        1649.75
5.66        1649.75
5.664        1649.75
5.668        1649.75
5.672        1649.75
5.676        1649.75
5.68        1649.75
5.684        1649.75
5.688        1649.75
5.692        1649.75
5.696        1649.75
5.7        1649.75
5.704        1649.75
5.708        1649.75
5.712        1649.75
5.716        1649.75
5.72        1649.75
5.724        1649.75
5.728        1649.75
5.732        1649.75
5.736        1649.75
5.74        1649.75
5.744        1649.75
5.748        1649.75
5.752        1649.75
5.756        1649.75
5.76        1649.75
5.764        1649.75
5.768        1649.75
5.772        1649.75
5.776        1649.75
5.78        1649.75
5.784        1649.75
5.788        1649.75
5.792        1649.75
5.796        1649.75
5.8        1649.75
5.804        1649.75
5.808        1649.75
5.812        1649.75
5.816        1649.75
5.82        1649.75
5.824        1649.75
5.828        1649.75
5.832        1649.75
5.836        1649.75
5.84        1649.75
5.844        1649.75
5.848        1649.75
5.852        1649.75
5.856        1649.75
5.86        1649.75
5.864        1649.75
5.868        1649.75
5.872        1649.75
5.876        1649.75
5.88        1649.75
5.884        1649.75
5.888        1649.75
5.892        1649.75
5.896        1649.75
5.9        1649.75
5.904        1649.75
5.908        1649.75
5.912        1649.75
5.916        1649.75
5.92        1649.75
5.924        1649.75
5.928        1649.75
5.932        1649.75
5.936        1649.75
5.94        1649.75
5.944        1649.75
5.948        1649.75
5.952        1649.75
5.956        1649.75
5.96        1649.75
5.964        1649.75
5.968        1649.75
5.972        1649.75
5.976        1649.75
5.98        1649.75
5.984        1649.75
5.988        1649.75
5.992        1649.75
5.996        1649.75
6        1649.75
6.004        1649.75
6.008        1649.75
6.012        1649.75
6.016        1649.75
6.02        1649.75
6.024        1649.75
6.028        1649.75
6.032        1649.75
6.036        1649.75
6.04        1649.75
6.044        1649.75
6.048        1649.75
6.052        1649.75
6.056        1649.75
6.06        1649.75
6.064        1649.75
6.068        1649.75
6.072        1649.75
6.076        1649.75
6.08        1649.75
6.084        1649.75
6.088        1649.75
6.092        1649.75
6.096        1649.75
6.1        1649.75
6.104        1649.75
6.108        1649.75
6.112        1649.75
6.116        1649.75
6.12        1649.75
6.124        1649.75
6.128        1649.75
6.132        1649.75
6.136        1649.75
6.14        1649.75
6.144        1649.75
6.148        1649.75
6.152        1649.75
6.156        1649.75
6.16        1649.75
6.164        1649.75
6.168        1649.75
6.172        1649.75
6.176        1649.75
6.18        1649.75
6.184        1649.75
6.188        1649.75
6.192        1649.75
6.196        1649.75
6.2        1649.75
6.204        1649.75
6.208        1649.75
6.212        1649.75
6.216        1649.75
6.22        1649.75
6.224        1649.75
6.228        1649.75
6.232        1649.75
6.236        1649.75
6.24        1649.75
6.244        1649.75
6.248        1649.75
6.252        1649.75
6.256        1649.75
6.26        1649.75
6.264        1649.75
6.268        1649.75
6.272        1649.75
6.276        1649.75
6.28        1649.75
6.284        1649.75
6.288        1649.75
6.292        1649.75
6.296        1649.75
6.3        1649.75
6.304        1649.75
6.308        1649.75
6.312        1649.75
6.316        1649.75
6.32        1649.75
6.324        1649.75
6.328        1649.75
6.332        1649.75
6.336        1649.75
6.34        1649.75
6.344        1649.75
6.348        1649.75
6.352        1649.75
6.356        1649.75
6.36        1649.75
6.364        1649.75
6.368        1649.75
6.372        1649.75
6.376        1649.75
6.38        1649.75
6.384        1649.75
6.388        1649.75
6.392        1649.75
6.396        1649.75
6.4        1649.75
6.404        1649.75
6.408        1649.75
6.412        1649.75
6.416        1649.75
6.42        1649.75
6.424        1649.75
6.428        1649.75
6.432        1649.75
6.436        1649.75
6.44        1649.75
6.444        1649.75
6.448        1649.75
6.452        1649.75
6.456        1649.75
6.46        1649.75
6.464        1649.75
6.468        1649.75
6.472        1649.75
6.476        1649.75
6.48        1649.75
6.484        1649.75
6.488        1649.75
6.492        1649.75
6.496        1649.75
6.5        1649.75
6.504        1649.75
6.508        1649.75
6.512        1649.75
6.516        1649.75
6.52        1649.75
6.524        1649.75
6.528        1649.75
6.532        1649.75
6.536        1649.75
6.54        1649.75
6.544        1649.75
6.548        1649.75
6.552        1649.75
6.556        1649.75
6.56        1649.75
6.564        1649.75
6.568        1649.75
6.572        1649.75
6.576        1649.75
6.58        1649.75
6.584        1649.75
6.588        1649.75
6.592        1649.75
6.596        1649.75
6.6        1649.75
6.604        1649.75
6.608        1649.75
6.612        1649.75
6.616        1649.75
6.62        1649.75
6.624        1649.75
6.628        1649.75
6.632        1649.75
6.636        1649.75
6.64        1649.75
6.644        1649.75
6.648        1649.75
6.652        1649.75
6.656        1649.75
6.66        1649.75
6.664        1649.75
6.668        1649.75
6.672        1649.75
6.676        1649.75
6.68        1649.75
6.684        1649.75
6.688        1649.75
6.692        1649.75
6.696        1649.75
6.7        1649.75
6.704        1649.75
6.708        1649.75
6.712        1649.75
6.716        1649.75
6.72        1649.75
6.724        1649.75
6.728        1649.75
6.732        1649.75
6.736        1649.75
6.74        1649.75
6.744        1649.75
6.748        1649.75
6.752        1649.75
6.756        1649.75
6.76        1649.75
6.764        1649.75
6.768        1649.75
6.772        1649.75
6.776        1649.75
6.78        1649.75
6.784        1649.75
6.788        1649.75
6.792        1649.75
6.796        1649.75
6.8        1649.75
6.804        1649.75
6.808        1649.75
6.812        1649.75
6.816        1649.75
6.82        1649.75
6.824        1649.75
6.828        1649.75
6.832        1649.75
6.836        1649.75
6.84        1649.75
6.844        1649.75
6.848        1649.75
6.852        1649.75
6.856        1649.75
6.86        1649.75
6.864        1649.75
6.868        1649.75
6.872        1649.75
6.876        1649.75
6.88        1649.75
6.884        1649.75
6.888        1649.75
6.892        1649.75
6.896        1649.75
6.9        1649.75
6.904        1649.75
6.908        1649.75
6.912        1649.75
6.916        1649.75
6.92        1649.75
6.924        1649.75
6.928        1649.75
6.932        1649.75
6.936        1649.75
6.94        1649.75
6.944        1649.75
6.948        1649.75
6.952        1649.75
6.956        1649.75
6.96        1649.75
6.964        1649.75
6.968        1649.75
6.972        1649.75
6.976        1649.75
6.98        1649.75
6.984        1649.75
6.988        1649.75
6.992        1649.75
6.996        1649.75
