0        2.81684e+28
0        2.5829e+28
0.00273973        2.52649e+28
0.00547945        2.5046e+28
0.00821918        2.49388e+28
0.0109589        2.48785e+28
0.0136986        2.48412e+28
0.0164384        2.48166e+28
0.0191781        2.47994e+28
0.0219178        2.4787e+28
0.0246575        2.47778e+28
0.0273973        2.47707e+28
0.030137        2.47652e+28
0.0328767        2.47608e+28
0.0356164        2.47572e+28
0.0383562        2.47542e+28
0.0410959        2.47518e+28
0.0438356        2.47497e+28
0.0465753        2.4748e+28
0.0493151        2.47465e+28
0.0520548        2.47452e+28
0.0547945        2.47441e+28
0.0575342        2.47431e+28
0.060274        2.47422e+28
0.0630137        2.47415e+28
0.0657534        2.47408e+28
0.0684932        2.47402e+28
0.0712329        2.47396e+28
0.0739726        2.47392e+28
0.0767123        2.47387e+28
0.0794521        2.47383e+28
0.0821918        2.4738e+28
0.0849315        2.47376e+28
0.0876712        2.47373e+28
0.090411        2.47371e+28
0.0931507        2.47368e+28
0.0958904        2.47366e+28
0.0986301        2.47364e+28
0.10137        2.47362e+28
0.10411        2.4736e+28
0.106849        2.47358e+28
0.109589        2.47356e+28
0.112329        2.47355e+28
0.115068        2.47354e+28
0.117808        2.47352e+28
0.120548        2.47351e+28
0.123288        2.4735e+28
0.126027        2.47349e+28
0.128767        2.47348e+28
0.131507        2.47347e+28
0.134247        2.47346e+28
0.136986        2.47345e+28
0.139726        2.47344e+28
0.142466        2.47344e+28
0.145205        2.47343e+28
0.147945        2.47342e+28
0.150685        2.47342e+28
0.153425        2.47341e+28
0.156164        2.47341e+28
0.158904        2.4734e+28
0.161644        2.47339e+28
0.164384        2.47339e+28
0.167123        2.47339e+28
0.169863        2.47338e+28
0.172603        2.47338e+28
0.175342        2.47337e+28
0.178082        2.47337e+28
0.180822        2.47336e+28
0.183562        2.47336e+28
0.186301        2.47336e+28
0.189041        2.47335e+28
0.191781        2.47335e+28
0.194521        2.47335e+28
0.19726        2.47335e+28
0.2        2.47334e+28
0.20274        2.47334e+28
0.205479        2.47334e+28
0.208219        2.47334e+28
0.210959        2.47333e+28
0.213699        2.47333e+28
0.216438        2.47333e+28
0.219178        2.47333e+28
0.221918        2.47332e+28
0.224658        2.47332e+28
0.227397        2.47332e+28
0.230137        2.47332e+28
0.232877        2.47332e+28
0.235616        2.47331e+28
0.238356        2.47331e+28
0.241096        2.47331e+28
0.243836        2.47331e+28
0.246575        2.47331e+28
0.249315        2.47331e+28
0.252055        2.47331e+28
0.254795        2.4733e+28
0.257534        2.4733e+28
0.260274        2.4733e+28
0.263014        2.4733e+28
0.265753        2.4733e+28
0.268493        2.4733e+28
0.271233        2.4733e+28
0.273973        2.4733e+28
0.276712        2.47329e+28
0.279452        2.47329e+28
0.282192        2.47329e+28
0.284932        2.47329e+28
0.287671        2.47329e+28
0.290411        2.47329e+28
0.293151        2.47329e+28
0.29589        2.47329e+28
0.29863        2.47329e+28
0.30137        2.47329e+28
0.30411        2.47329e+28
0.306849        2.47328e+28
0.309589        2.47328e+28
0.312329        2.47328e+28
0.315068        2.47328e+28
0.317808        2.47328e+28
0.320548        2.47328e+28
0.323288        2.47328e+28
0.326027        2.47328e+28
0.328767        2.47328e+28
0.331507        2.47328e+28
0.334247        2.47328e+28
0.336986        2.47328e+28
0.339726        2.47328e+28
0.342466        2.47328e+28
0.345205        2.47328e+28
0.347945        2.47328e+28
0.350685        2.47327e+28
0.353425        2.47327e+28
0.356164        2.47327e+28
0.358904        2.47327e+28
0.361644        2.47327e+28
0.364384        2.47327e+28
0.367123        2.47327e+28
0.369863        2.47327e+28
0.372603        2.47327e+28
0.375342        2.47327e+28
0.378082        2.47327e+28
0.380822        2.47327e+28
0.383562        2.47327e+28
0.386301        2.47327e+28
0.389041        2.47327e+28
0.391781        2.47327e+28
0.394521        2.47327e+28
0.39726        2.47327e+28
0.4        2.47327e+28
0.40274        2.47327e+28
0.405479        2.47327e+28
0.408219        2.47327e+28
0.410959        2.47327e+28
0.413699        2.47327e+28
0.416438        2.47326e+28
0.419178        2.47326e+28
0.421918        2.47326e+28
0.424658        2.47326e+28
0.427397        2.47326e+28
0.430137        2.47326e+28
0.432877        2.47326e+28
0.435616        2.47326e+28
0.438356        2.47326e+28
0.441096        2.47326e+28
0.443836        2.47326e+28
0.446575        2.47326e+28
0.449315        2.47326e+28
0.452055        2.47326e+28
0.454795        2.47326e+28
0.457534        2.47326e+28
0.460274        2.47326e+28
0.463014        2.47326e+28
0.465753        2.47326e+28
0.468493        2.47326e+28
0.471233        2.47326e+28
0.473973        2.47326e+28
0.476712        2.47326e+28
0.479452        2.47326e+28
0.482192        2.47326e+28
0.484932        2.47326e+28
0.487671        2.47326e+28
0.490411        2.47326e+28
0.493151        2.47326e+28
0.49589        2.47326e+28
0.49863        2.47326e+28
0.50137        2.47326e+28
0.50411        2.47326e+28
0.506849        2.47326e+28
0.509589        2.47326e+28
0.512329        2.47326e+28
0.515068        2.47326e+28
0.517808        2.47326e+28
0.520548        2.47326e+28
0.523288        2.47326e+28
0.526027        2.47326e+28
0.528767        2.47326e+28
0.531507        2.47326e+28
0.534247        2.47326e+28
0.536986        2.47326e+28
0.539726        2.47326e+28
0.542466        2.47325e+28
0.545205        2.47325e+28
0.547945        2.47325e+28
0.550685        2.47325e+28
0.553425        2.47325e+28
0.556164        2.47325e+28
0.558904        2.47325e+28
0.561644        2.47325e+28
0.564384        2.47325e+28
0.567123        2.47325e+28
0.569863        2.47325e+28
0.572603        2.47325e+28
0.575342        2.47325e+28
0.578082        2.47325e+28
0.580822        2.47325e+28
0.583562        2.47325e+28
0.586301        2.47325e+28
0.589041        2.47325e+28
0.591781        2.47325e+28
0.594521        2.47325e+28
0.59726        2.47325e+28
0.6        2.47325e+28
0.60274        2.47325e+28
0.605479        2.47325e+28
0.608219        2.47325e+28
0.610959        2.47325e+28
0.613699        2.47325e+28
0.616438        2.47325e+28
0.619178        2.47325e+28
0.621918        2.47325e+28
0.624658        2.47325e+28
0.627397        2.47325e+28
0.630137        2.47325e+28
0.632877        2.47325e+28
0.635616        2.47325e+28
0.638356        2.47325e+28
0.641096        2.47325e+28
0.643836        2.47325e+28
0.646575        2.47325e+28
0.649315        2.47325e+28
0.652055        2.47325e+28
0.654795        2.47325e+28
0.657534        2.47325e+28
0.660274        2.47325e+28
0.663014        2.47325e+28
0.665753        2.47325e+28
0.668493        2.47325e+28
0.671233        2.47325e+28
0.673973        2.47325e+28
0.676712        2.47325e+28
0.679452        2.47325e+28
0.682192        2.47325e+28
0.684932        2.47325e+28
0.687671        2.47325e+28
0.690411        2.47325e+28
0.693151        2.47325e+28
0.69589        2.47325e+28
0.69863        2.47325e+28
0.70137        2.47325e+28
0.70411        2.47325e+28
0.706849        2.47325e+28
0.709589        2.47325e+28
0.712329        2.47325e+28
0.715068        2.47325e+28
0.717808        2.47325e+28
0.720548        2.47325e+28
0.723288        2.47325e+28
0.726027        2.47325e+28
0.728767        2.47325e+28
0.731507        2.47325e+28
0.734247        2.47325e+28
0.736986        2.47325e+28
0.739726        2.47325e+28
0.742466        2.47325e+28
0.745205        2.47325e+28
0.747945        2.47325e+28
0.750685        2.47325e+28
0.753425        2.47325e+28
0.756164        2.47325e+28
0.758904        2.47325e+28
0.761644        2.47325e+28
0.764384        2.47325e+28
0.767123        2.47325e+28
0.769863        2.47325e+28
0.772603        2.47325e+28
0.775342        2.47325e+28
0.778082        2.47325e+28
0.780822        2.47325e+28
0.783562        2.47325e+28
0.786301        2.47325e+28
0.789041        2.47325e+28
0.791781        2.47325e+28
0.794521        2.47325e+28
0.79726        2.47325e+28
0.8        2.47325e+28
0.80274        2.47325e+28
0.805479        2.47325e+28
0.808219        2.47325e+28
0.810959        2.47325e+28
0.813699        2.47325e+28
0.816438        2.47325e+28
0.819178        2.47325e+28
0.821918        2.47325e+28
0.824658        2.47325e+28
0.827397        2.47325e+28
0.830137        2.47325e+28
0.832877        2.47325e+28
0.835616        2.47325e+28
0.838356        2.47325e+28
0.841096        2.47325e+28
0.843836        2.47325e+28
0.846575        2.47325e+28
0.849315        2.47325e+28
0.852055        2.47325e+28
0.854795        2.47325e+28
0.857534        2.47325e+28
0.860274        2.47325e+28
0.863014        2.47325e+28
0.865753        2.47325e+28
0.868493        2.47325e+28
0.871233        2.47325e+28
0.873973        2.47325e+28
0.876712        2.47325e+28
0.879452        2.47325e+28
0.882192        2.47325e+28
0.884932        2.47325e+28
0.887671        2.47325e+28
0.890411        2.47325e+28
0.893151        2.47325e+28
0.89589        2.47325e+28
0.89863        2.47325e+28
0.90137        2.47325e+28
0.90411        2.47325e+28
0.906849        2.47325e+28
0.909589        2.47325e+28
0.912329        2.47325e+28
0.915068        2.47325e+28
0.917808        2.47325e+28
0.920548        2.47325e+28
0.923288        2.47325e+28
0.926027        2.47325e+28
0.928767        2.47325e+28
0.931507        2.47325e+28
0.934247        2.47325e+28
0.936986        2.47325e+28
0.939726        2.47325e+28
0.942466        2.47325e+28
0.945205        2.47325e+28
0.947945        2.47325e+28
0.950685        2.47325e+28
0.953425        2.47325e+28
0.956164        2.47325e+28
0.958904        2.47325e+28
0.961644        2.47325e+28
0.964384        2.47325e+28
0.967123        2.47325e+28
0.969863        2.47325e+28
0.972603        2.47325e+28
0.975342        2.47325e+28
0.978082        2.47324e+28
0.980822        2.47324e+28
0.983562        2.47324e+28
0.986301        2.47324e+28
0.989041        2.47324e+28
0.991781        2.47324e+28
0.994521        2.47324e+28
0.99726        2.47324e+28
1        2.47324e+28
1.00274        2.47324e+28
1.00548        2.47324e+28
1.00822        2.47324e+28
1.01096        2.47324e+28
1.0137        2.47324e+28
1.01644        2.47324e+28
1.01918        2.47324e+28
1.02192        2.47324e+28
1.02466        2.47324e+28
1.0274        2.47324e+28
1.03014        2.47324e+28
1.03288        2.47324e+28
1.03562        2.47324e+28
1.03836        2.47324e+28
1.0411        2.47324e+28
1.04384        2.47324e+28
1.04658        2.47324e+28
1.04932        2.47324e+28
1.05205        2.47324e+28
1.05479        2.47324e+28
1.05753        2.47324e+28
1.06027        2.47324e+28
1.06301        2.47324e+28
1.06575        2.47324e+28
1.06849        2.47324e+28
1.07123        2.47324e+28
1.07397        2.47324e+28
1.07671        2.47324e+28
1.07945        2.47324e+28
1.08219        2.47324e+28
1.08493        2.47324e+28
1.08767        2.47324e+28
1.09041        2.47324e+28
1.09315        2.47324e+28
1.09589        2.47324e+28
1.09863        2.47324e+28
1.10137        2.47324e+28
1.10411        2.47324e+28
1.10685        2.47324e+28
1.10959        2.47324e+28
1.11233        2.47324e+28
1.11507        2.47324e+28
1.11781        2.47324e+28
1.12055        2.47324e+28
1.12329        2.47324e+28
1.12603        2.47324e+28
1.12877        2.47324e+28
1.13151        2.47324e+28
1.13425        2.47324e+28
1.13699        2.47324e+28
1.13973        2.47324e+28
1.14247        2.47324e+28
1.14521        2.47324e+28
1.14795        2.47324e+28
1.15068        2.47324e+28
1.15342        2.47324e+28
1.15616        2.47324e+28
1.1589        2.47324e+28
1.16164        2.47324e+28
1.16438        2.47324e+28
1.16712        2.47324e+28
1.16986        2.47324e+28
1.1726        2.47324e+28
1.17534        2.47324e+28
1.17808        2.47324e+28
1.18082        2.47324e+28
1.18356        2.47324e+28
1.1863        2.47324e+28
1.18904        2.47324e+28
1.19178        2.47324e+28
1.19452        2.47324e+28
1.19726        2.47324e+28
1.2        2.47324e+28
1.20274        2.47324e+28
1.20548        2.47324e+28
1.20822        2.47324e+28
1.21096        2.47324e+28
1.2137        2.47324e+28
1.21644        2.47324e+28
1.21918        2.47324e+28
1.22192        2.47324e+28
1.22466        2.47324e+28
1.2274        2.47324e+28
1.23014        2.47324e+28
1.23288        2.47324e+28
1.23562        2.47324e+28
1.23836        2.47324e+28
1.2411        2.47324e+28
1.24384        2.47324e+28
1.24658        2.47324e+28
1.24932        2.47324e+28
1.25205        2.47324e+28
1.25479        2.47324e+28
1.25753        2.47324e+28
1.26027        2.47324e+28
1.26301        2.47324e+28
1.26575        2.47324e+28
1.26849        2.47324e+28
1.27123        2.47324e+28
1.27397        2.47324e+28
1.27671        2.47324e+28
1.27945        2.47324e+28
1.28219        2.47324e+28
1.28493        2.47324e+28
1.28767        2.47324e+28
1.29041        2.47324e+28
1.29315        2.47324e+28
1.29589        2.47324e+28
1.29863        2.47324e+28
1.30137        2.47324e+28
1.30411        2.47324e+28
1.30685        2.47324e+28
1.30959        2.47324e+28
1.31233        2.47324e+28
1.31507        2.47324e+28
1.31781        2.47324e+28
1.32055        2.47324e+28
1.32329        2.47324e+28
1.32603        2.47324e+28
1.32877        2.47324e+28
1.33151        2.47324e+28
1.33425        2.47324e+28
1.33699        2.47324e+28
1.33973        2.47324e+28
1.34247        2.47324e+28
1.34521        2.47324e+28
1.34795        2.47324e+28
1.35068        2.47324e+28
1.35342        2.47324e+28
1.35616        2.47324e+28
1.3589        2.47324e+28
1.36164        2.47324e+28
1.36438        2.47324e+28
1.36712        2.47324e+28
1.36986        2.47324e+28
1.3726        2.47324e+28
1.37534        2.47324e+28
1.37808        2.47324e+28
1.38082        2.47324e+28
1.38356        2.47324e+28
1.3863        2.47324e+28
1.38904        2.47324e+28
1.39178        2.47324e+28
1.39452        2.47324e+28
1.39726        2.47324e+28
1.4        2.47324e+28
1.40274        2.47324e+28
1.40548        2.47324e+28
1.40822        2.47324e+28
1.41096        2.47324e+28
1.4137        2.47324e+28
1.41644        2.47324e+28
1.41918        2.47324e+28
1.42192        2.47324e+28
1.42466        2.47324e+28
1.4274        2.47324e+28
1.43014        2.47324e+28
1.43288        2.47324e+28
1.43562        2.47324e+28
1.43836        2.47324e+28
1.4411        2.47324e+28
1.44384        2.47324e+28
1.44658        2.47324e+28
1.44932        2.47324e+28
1.45205        2.47324e+28
1.45479        2.47324e+28
1.45753        2.47324e+28
1.46027        2.47324e+28
1.46301        2.47324e+28
1.46575        2.47324e+28
1.46849        2.47324e+28
1.47123        2.47324e+28
1.47397        2.47324e+28
1.47671        2.47324e+28
1.47945        2.47324e+28
1.48219        2.47324e+28
1.48493        2.47324e+28
1.48767        2.47324e+28
1.49041        2.47324e+28
1.49315        2.47324e+28
1.49589        2.47324e+28
1.49863        2.47324e+28
1.50137        2.47324e+28
1.50411        2.47324e+28
1.50685        2.47324e+28
1.50959        2.47324e+28
1.51233        2.47324e+28
1.51507        2.47324e+28
1.51781        2.47324e+28
1.52055        2.47324e+28
1.52329        2.47324e+28
1.52603        2.47324e+28
1.52877        2.47324e+28
1.53151        2.47324e+28
1.53425        2.47324e+28
1.53699        2.47324e+28
1.53973        2.47324e+28
1.54247        2.47324e+28
1.54521        2.47324e+28
1.54795        2.47324e+28
1.55068        2.47324e+28
1.55342        2.47324e+28
1.55616        2.47324e+28
1.5589        2.47324e+28
1.56164        2.47324e+28
1.56438        2.47324e+28
1.56712        2.47324e+28
1.56986        2.47324e+28
1.5726        2.47324e+28
1.57534        2.47324e+28
1.57808        2.47324e+28
1.58082        2.47324e+28
1.58356        2.47324e+28
1.5863        2.47324e+28
1.58904        2.47324e+28
1.59178        2.47324e+28
1.59452        2.47324e+28
1.59726        2.47324e+28
1.6        2.47324e+28
1.60274        2.47324e+28
1.60548        2.47324e+28
1.60822        2.47324e+28
1.61096        2.47324e+28
1.6137        2.47324e+28
1.61644        2.47324e+28
1.61918        2.47324e+28
1.62192        2.47324e+28
1.62466        2.47324e+28
1.6274        2.47324e+28
1.63014        2.47324e+28
1.63288        2.47324e+28
1.63562        2.47324e+28
1.63836        2.47324e+28
1.6411        2.47324e+28
1.64384        2.47324e+28
1.64658        2.47324e+28
1.64932        2.47324e+28
1.65205        2.47324e+28
1.65479        2.47324e+28
1.65753        2.47324e+28
1.66027        2.47324e+28
1.66301        2.47324e+28
1.66575        2.47324e+28
1.66849        2.47324e+28
1.67123        2.47324e+28
1.67397        2.47324e+28
1.67671        2.47324e+28
1.67945        2.47324e+28
1.68219        2.47324e+28
1.68493        2.47324e+28
1.68767        2.47324e+28
1.69041        2.47324e+28
1.69315        2.47324e+28
1.69589        2.47324e+28
1.69863        2.47324e+28
1.70137        2.47324e+28
1.70411        2.47324e+28
1.70685        2.47324e+28
1.70959        2.47324e+28
1.71233        2.47324e+28
1.71507        2.47324e+28
1.71781        2.47324e+28
1.72055        2.47324e+28
1.72329        2.47324e+28
1.72603        2.47324e+28
1.72877        2.47324e+28
1.73151        2.47324e+28
1.73425        2.47324e+28
1.73699        2.47324e+28
1.73973        2.47324e+28
1.74247        2.47324e+28
1.74521        2.47324e+28
1.74795        2.47324e+28
1.75068        2.47324e+28
1.75342        2.47324e+28
1.75616        2.47324e+28
1.7589        2.47324e+28
1.76164        2.47324e+28
1.76438        2.47324e+28
1.76712        2.47324e+28
1.76986        2.47324e+28
1.7726        2.47324e+28
1.77534        2.47324e+28
1.77808        2.47324e+28
1.78082        2.47324e+28
1.78356        2.47324e+28
1.7863        2.47324e+28
1.78904        2.47324e+28
1.79178        2.47324e+28
1.79452        2.47324e+28
1.79726        2.47324e+28
1.8        2.47324e+28
1.80274        2.47324e+28
1.80548        2.47324e+28
1.80822        2.47324e+28
1.81096        2.47324e+28
1.8137        2.47324e+28
1.81644        2.47324e+28
1.81918        2.47324e+28
1.82192        2.47324e+28
1.82466        2.47324e+28
1.8274        2.47324e+28
1.83014        2.47324e+28
1.83288        2.47324e+28
1.83562        2.47324e+28
1.83836        2.47324e+28
1.8411        2.47324e+28
1.84384        2.47324e+28
1.84658        2.47324e+28
1.84932        2.47324e+28
1.85205        2.47324e+28
1.85479        2.47324e+28
1.85753        2.47324e+28
1.86027        2.47324e+28
1.86301        2.47324e+28
1.86575        2.47324e+28
1.86849        2.47324e+28
1.87123        2.47324e+28
1.87397        2.47324e+28
1.87671        2.47324e+28
1.87945        2.47324e+28
1.88219        2.47324e+28
1.88493        2.47324e+28
1.88767        2.47324e+28
1.89041        2.47324e+28
1.89315        2.47324e+28
1.89589        2.47324e+28
1.89863        2.47324e+28
1.90137        2.47324e+28
1.90411        2.47324e+28
1.90685        2.47324e+28
1.90959        2.47324e+28
1.91233        2.47324e+28
1.91507        2.47324e+28
1.91781        2.47324e+28
1.92055        2.47324e+28
1.92329        2.47324e+28
1.92603        2.47324e+28
1.92877        2.47324e+28
1.93151        2.47324e+28
1.93425        2.47324e+28
1.93699        2.47324e+28
1.93973        2.47324e+28
1.94247        2.47324e+28
1.94521        2.47324e+28
1.94795        2.47324e+28
1.95068        2.47324e+28
1.95342        2.47324e+28
1.95616        2.47324e+28
1.9589        2.47324e+28
1.96164        2.47324e+28
1.96438        2.47324e+28
1.96712        2.47324e+28
1.96986        2.47324e+28
1.9726        2.47324e+28
1.97534        2.47324e+28
1.97808        2.47324e+28
1.98082        2.47324e+28
1.98356        2.47324e+28
1.9863        2.47324e+28
1.98904        2.47324e+28
1.99178        2.47324e+28
1.99452        2.47324e+28
1.99726        2.47324e+28
2        2.47324e+28
2.00274        2.47324e+28
2.00548        2.47324e+28
2.00822        2.47324e+28
2.01096        2.47324e+28
2.0137        2.47324e+28
2.01644        2.47324e+28
2.01918        2.47324e+28
2.02192        2.47324e+28
2.02466        2.47324e+28
2.0274        2.47324e+28
2.03014        2.47324e+28
2.03288        2.47324e+28
2.03562        2.47324e+28
2.03836        2.47324e+28
2.0411        2.47324e+28
2.04384        2.47324e+28
2.04658        2.47324e+28
2.04932        2.47324e+28
2.05205        2.47324e+28
2.05479        2.47324e+28
2.05753        2.47324e+28
2.06027        2.47324e+28
2.06301        2.47324e+28
2.06575        2.47324e+28
2.06849        2.47324e+28
2.07123        2.47324e+28
2.07397        2.47324e+28
2.07671        2.47324e+28
2.07945        2.47324e+28
2.08219        2.47324e+28
2.08493        2.47324e+28
2.08767        2.47324e+28
2.09041        2.47324e+28
2.09315        2.47324e+28
2.09589        2.47324e+28
2.09863        2.47324e+28
2.10137        2.47324e+28
2.10411        2.47324e+28
2.10685        2.47324e+28
2.10959        2.47324e+28
2.11233        2.47324e+28
2.11507        2.47324e+28
2.11781        2.47324e+28
2.12055        2.47324e+28
2.12329        2.47324e+28
2.12603        2.47324e+28
2.12877        2.47324e+28
2.13151        2.47324e+28
2.13425        2.47324e+28
2.13699        2.47324e+28
2.13973        2.47324e+28
2.14247        2.47324e+28
2.14521        2.47324e+28
2.14795        2.47324e+28
2.15068        2.47324e+28
2.15342        2.47324e+28
2.15616        2.47324e+28
2.1589        2.47324e+28
2.16164        2.47324e+28
2.16438        2.47324e+28
2.16712        2.47324e+28
2.16986        2.47324e+28
2.1726        2.47324e+28
2.17534        2.47324e+28
2.17808        2.47324e+28
2.18082        2.47324e+28
2.18356        2.47324e+28
2.1863        2.47324e+28
2.18904        2.47324e+28
2.19178        2.47324e+28
2.19452        2.47324e+28
2.19726        2.47324e+28
2.2        2.47324e+28
2.20274        2.47324e+28
2.20548        2.47324e+28
2.20822        2.47324e+28
2.21096        2.47324e+28
2.2137        2.47324e+28
2.21644        2.47324e+28
2.21918        2.47324e+28
2.22192        2.47324e+28
2.22466        2.47324e+28
2.2274        2.47324e+28
2.23014        2.47324e+28
2.23288        2.47324e+28
2.23562        2.47324e+28
2.23836        2.47324e+28
2.2411        2.47324e+28
2.24384        2.47324e+28
2.24658        2.47324e+28
2.24932        2.47324e+28
2.25205        2.47324e+28
2.25479        2.47324e+28
2.25753        2.47324e+28
2.26027        2.47324e+28
2.26301        2.47324e+28
2.26575        2.47324e+28
2.26849        2.47324e+28
2.27123        2.47324e+28
2.27397        2.47324e+28
2.27671        2.47324e+28
2.27945        2.47324e+28
2.28219        2.47324e+28
2.28493        2.47324e+28
2.28767        2.47324e+28
2.29041        2.47324e+28
2.29315        2.47324e+28
2.29589        2.47324e+28
2.29863        2.47324e+28
2.30137        2.47324e+28
2.30411        2.47324e+28
2.30685        2.47324e+28
2.30959        2.47324e+28
2.31233        2.47324e+28
2.31507        2.47324e+28
2.31781        2.47324e+28
2.32055        2.47324e+28
2.32329        2.47324e+28
2.32603        2.47324e+28
2.32877        2.47324e+28
2.33151        2.47324e+28
2.33425        2.47324e+28
2.33699        2.47324e+28
2.33973        2.47324e+28
2.34247        2.47324e+28
2.34521        2.47324e+28
2.34795        2.47324e+28
2.35068        2.47324e+28
2.35342        2.47324e+28
2.35616        2.47324e+28
2.3589        2.47324e+28
2.36164        2.47324e+28
2.36438        2.47324e+28
2.36712        2.47324e+28
2.36986        2.47324e+28
2.3726        2.47324e+28
2.37534        2.47324e+28
2.37808        2.47324e+28
2.38082        2.47324e+28
2.38356        2.47324e+28
2.3863        2.47324e+28
2.38904        2.47324e+28
2.39178        2.47324e+28
2.39452        2.47324e+28
2.39726        2.47324e+28
2.4        2.47324e+28
2.40274        2.47324e+28
2.40548        2.47324e+28
2.40822        2.47324e+28
2.41096        2.47324e+28
2.4137        2.47324e+28
2.41644        2.47324e+28
2.41918        2.47324e+28
2.42192        2.47324e+28
2.42466        2.47324e+28
2.4274        2.47324e+28
2.43014        2.47324e+28
2.43288        2.47324e+28
2.43562        2.47324e+28
2.43836        2.47324e+28
2.4411        2.47324e+28
2.44384        2.47324e+28
2.44658        2.47324e+28
2.44932        2.47324e+28
2.45205        2.47324e+28
2.45479        2.47324e+28
2.45753        2.47324e+28
2.46027        2.47324e+28
2.46301        2.47324e+28
2.46575        2.47324e+28
2.46849        2.47324e+28
2.47123        2.47324e+28
2.47397        2.47324e+28
2.47671        2.47324e+28
2.47945        2.47324e+28
2.48219        2.47324e+28
2.48493        2.47324e+28
2.48767        2.47324e+28
2.49041        2.47324e+28
2.49315        2.47324e+28
2.49589        2.47324e+28
2.49863        2.47324e+28
2.50137        2.47324e+28
2.50411        2.47324e+28
2.50685        2.47324e+28
2.50959        2.47324e+28
2.51233        2.47324e+28
2.51507        2.47324e+28
2.51781        2.47324e+28
2.52055        2.47324e+28
2.52329        2.47324e+28
2.52603        2.47324e+28
2.52877        2.47324e+28
2.53151        2.47324e+28
2.53425        2.47324e+28
2.53699        2.47324e+28
2.53973        2.47324e+28
2.54247        2.47324e+28
2.54521        2.47324e+28
2.54795        2.47324e+28
2.55068        2.47324e+28
2.55342        2.47324e+28
2.55616        2.47324e+28
2.5589        2.47324e+28
2.56164        2.47324e+28
2.56438        2.47324e+28
2.56712        2.47324e+28
2.56986        2.47324e+28
2.5726        2.47324e+28
2.57534        2.47324e+28
2.57808        2.47324e+28
2.58082        2.47324e+28
2.58356        2.47324e+28
2.5863        2.47324e+28
2.58904        2.47324e+28
2.59178        2.47324e+28
2.59452        2.47324e+28
2.59726        2.47324e+28
2.6        2.47324e+28
2.60274        2.47324e+28
2.60548        2.47324e+28
2.60822        2.47324e+28
2.61096        2.47324e+28
2.6137        2.47324e+28
2.61644        2.47324e+28
2.61918        2.47324e+28
2.62192        2.47324e+28
2.62466        2.47324e+28
2.6274        2.47324e+28
2.63014        2.47324e+28
2.63288        2.47324e+28
2.63562        2.47324e+28
2.63836        2.47324e+28
2.6411        2.47324e+28
2.64384        2.47324e+28
2.64658        2.47324e+28
2.64932        2.47324e+28
2.65205        2.47324e+28
2.65479        2.47324e+28
2.65753        2.47324e+28
2.66027        2.47324e+28
2.66301        2.47324e+28
2.66575        2.47324e+28
2.66849        2.47324e+28
2.67123        2.47324e+28
2.67397        2.47324e+28
2.67671        2.47324e+28
2.67945        2.47324e+28
2.68219        2.47324e+28
2.68493        2.47324e+28
2.68767        2.47324e+28
2.69041        2.47324e+28
2.69315        2.47324e+28
2.69589        2.47324e+28
2.69863        2.47324e+28
2.70137        2.47324e+28
2.70411        2.47324e+28
2.70685        2.47324e+28
2.70959        2.47324e+28
2.71233        2.47324e+28
2.71507        2.47324e+28
2.71781        2.47324e+28
2.72055        2.47324e+28
2.72329        2.47324e+28
2.72603        2.47324e+28
2.72877        2.47324e+28
2.73151        2.47324e+28
2.73425        2.47324e+28
2.73699        2.47324e+28
2.73973        2.47324e+28
2.74247        2.47324e+28
2.74521        2.47324e+28
2.74795        2.47324e+28
2.75068        2.47324e+28
2.75342        2.47324e+28
2.75616        2.47324e+28
2.7589        2.47324e+28
2.76164        2.47324e+28
2.76438        2.47324e+28
2.76712        2.47324e+28
2.76986        2.47324e+28
2.7726        2.47324e+28
2.77534        2.47324e+28
2.77808        2.47324e+28
2.78082        2.47324e+28
2.78356        2.47324e+28
2.7863        2.47324e+28
2.78904        2.47324e+28
2.79178        2.47324e+28
2.79452        2.47324e+28
2.79726        2.47324e+28
2.8        2.47324e+28
2.80274        2.47324e+28
2.80548        2.47324e+28
2.80822        2.47324e+28
2.81096        2.47324e+28
2.8137        2.47324e+28
2.81644        2.47324e+28
2.81918        2.47324e+28
2.82192        2.47324e+28
2.82466        2.47324e+28
2.8274        2.47324e+28
2.83014        2.47324e+28
2.83288        2.47324e+28
2.83562        2.47324e+28
2.83836        2.47324e+28
2.8411        2.47324e+28
2.84384        2.47324e+28
2.84658        2.47324e+28
2.84932        2.47324e+28
2.85205        2.47324e+28
2.85479        2.47324e+28
2.85753        2.47324e+28
2.86027        2.47324e+28
2.86301        2.47324e+28
2.86575        2.47324e+28
2.86849        2.47324e+28
2.87123        2.47324e+28
2.87397        2.47324e+28
2.87671        2.47324e+28
2.87945        2.47324e+28
2.88219        2.47324e+28
2.88493        2.47324e+28
2.88767        2.47324e+28
2.89041        2.47324e+28
2.89315        2.47324e+28
2.89589        2.47324e+28
2.89863        2.47324e+28
2.90137        2.47324e+28
2.90411        2.47324e+28
2.90685        2.47324e+28
2.90959        2.47324e+28
2.91233        2.47324e+28
2.91507        2.47324e+28
2.91781        2.47324e+28
2.92055        2.47324e+28
2.92329        2.47324e+28
2.92603        2.47324e+28
2.92877        2.47324e+28
2.93151        2.47324e+28
2.93425        2.47324e+28
2.93699        2.47324e+28
2.93973        2.47324e+28
2.94247        2.47324e+28
2.94521        2.47324e+28
2.94795        2.47324e+28
2.95068        2.47324e+28
2.95342        2.47324e+28
2.95616        2.47324e+28
2.9589        2.47324e+28
2.96164        2.47324e+28
2.96438        2.47324e+28
2.96712        2.47324e+28
2.96986        2.47324e+28
2.9726        2.47324e+28
2.97534        2.47324e+28
2.97808        2.47324e+28
2.98082        2.47324e+28
2.98356        2.47324e+28
2.9863        2.47324e+28
2.98904        2.47324e+28
2.99178        2.47324e+28
2.99452        2.47324e+28
2.99726        2.47324e+28
3        2.47324e+28
3.00274        2.47324e+28
3.00548        2.47324e+28
3.00822        2.47324e+28
3.01096        2.47324e+28
3.0137        2.47324e+28
3.01644        2.47324e+28
3.01918        2.47324e+28
3.02192        2.47324e+28
3.02466        2.47324e+28
3.0274        2.47324e+28
3.03014        2.47324e+28
3.03288        2.47324e+28
3.03562        2.47324e+28
3.03836        2.47324e+28
3.0411        2.47324e+28
3.04384        2.47324e+28
3.04658        2.47324e+28
3.04932        2.47324e+28
3.05205        2.47324e+28
3.05479        2.47324e+28
3.05753        2.47324e+28
3.06027        2.47324e+28
3.06301        2.47324e+28
3.06575        2.47324e+28
3.06849        2.47324e+28
3.07123        2.47324e+28
3.07397        2.47324e+28
3.07671        2.47324e+28
3.07945        2.47324e+28
3.08219        2.47324e+28
3.08493        2.47324e+28
3.08767        2.47324e+28
3.09041        2.47324e+28
3.09315        2.47324e+28
3.09589        2.47324e+28
3.09863        2.47324e+28
3.10137        2.47324e+28
3.10411        2.47324e+28
3.10685        2.47324e+28
3.10959        2.47324e+28
3.11233        2.47324e+28
3.11507        2.47324e+28
3.11781        2.47324e+28
3.12055        2.47324e+28
3.12329        2.47324e+28
3.12603        2.47324e+28
3.12877        2.47324e+28
3.13151        2.47324e+28
3.13425        2.47324e+28
3.13699        2.47324e+28
3.13973        2.47324e+28
3.14247        2.47324e+28
3.14521        2.47324e+28
3.14795        2.47324e+28
3.15068        2.47324e+28
3.15342        2.47324e+28
3.15616        2.47324e+28
3.1589        2.47324e+28
3.16164        2.47324e+28
3.16438        2.47324e+28
3.16712        2.47324e+28
3.16986        2.47324e+28
3.1726        2.47324e+28
3.17534        2.47324e+28
3.17808        2.47324e+28
3.18082        2.47324e+28
3.18356        2.47324e+28
3.1863        2.47324e+28
3.18904        2.47324e+28
3.19178        2.47324e+28
3.19452        2.47324e+28
3.19726        2.47324e+28
3.2        2.47324e+28
3.20274        2.47324e+28
3.20548        2.47324e+28
3.20822        2.47324e+28
3.21096        2.47324e+28
3.2137        2.47324e+28
3.21644        2.47324e+28
3.21918        2.47324e+28
3.22192        2.47324e+28
3.22466        2.47324e+28
3.2274        2.47324e+28
3.23014        2.47324e+28
3.23288        2.47324e+28
3.23562        2.47324e+28
3.23836        2.47324e+28
3.2411        2.47324e+28
3.24384        2.47324e+28
3.24658        2.47324e+28
3.24932        2.47324e+28
3.25205        2.47324e+28
3.25479        2.47324e+28
3.25753        2.47324e+28
3.26027        2.47324e+28
3.26301        2.47324e+28
3.26575        2.47324e+28
3.26849        2.47324e+28
3.27123        2.47324e+28
3.27397        2.47324e+28
3.27671        2.47324e+28
3.27945        2.47324e+28
3.28219        2.47324e+28
3.28493        2.47324e+28
3.28767        2.47324e+28
3.29041        2.47324e+28
3.29315        2.47324e+28
3.29589        2.47324e+28
3.29863        2.47324e+28
3.30137        2.47324e+28
3.30411        2.47324e+28
3.30685        2.47324e+28
3.30959        2.47324e+28
3.31233        2.47324e+28
3.31507        2.47324e+28
3.31781        2.47324e+28
3.32055        2.47324e+28
3.32329        2.47324e+28
3.32603        2.47324e+28
3.32877        2.47324e+28
3.33151        2.47324e+28
3.33425        2.47324e+28
3.33699        2.47324e+28
3.33973        2.47324e+28
3.34247        2.47324e+28
3.34521        2.47324e+28
3.34795        2.47324e+28
3.35068        2.47324e+28
3.35342        2.47324e+28
3.35616        2.47324e+28
3.3589        2.47324e+28
3.36164        2.47324e+28
3.36438        2.47324e+28
3.36712        2.47324e+28
3.36986        2.47324e+28
3.3726        2.47324e+28
3.37534        2.47324e+28
3.37808        2.47324e+28
3.38082        2.47324e+28
3.38356        2.47324e+28
3.3863        2.47324e+28
3.38904        2.47324e+28
3.39178        2.47324e+28
3.39452        2.47324e+28
3.39726        2.47324e+28
3.4        2.47324e+28
3.40274        2.47324e+28
3.40548        2.47324e+28
3.40822        2.47324e+28
3.41096        2.47324e+28
3.4137        2.47324e+28
3.41644        2.47324e+28
3.41918        2.47324e+28
3.42192        2.47324e+28
3.42466        2.47324e+28
3.4274        2.47324e+28
3.43014        2.47324e+28
3.43288        2.47324e+28
3.43562        2.47324e+28
3.43836        2.47324e+28
3.4411        2.47324e+28
3.44384        2.47324e+28
3.44658        2.47324e+28
3.44932        2.47324e+28
3.45205        2.47324e+28
3.45479        2.47324e+28
3.45753        2.47324e+28
3.46027        2.47324e+28
3.46301        2.47324e+28
3.46575        2.47324e+28
3.46849        2.47324e+28
3.47123        2.47324e+28
3.47397        2.47324e+28
3.47671        2.47324e+28
3.47945        2.47324e+28
3.48219        2.47324e+28
3.48493        2.47324e+28
3.48767        2.47324e+28
3.49041        2.47324e+28
3.49315        2.47324e+28
3.49589        2.47324e+28
3.49863        2.47324e+28
3.50137        2.47324e+28
3.50411        2.47324e+28
3.50685        2.47324e+28
3.50959        2.47324e+28
3.51233        2.47324e+28
3.51507        2.47324e+28
3.51781        2.47324e+28
3.52055        2.47324e+28
3.52329        2.47324e+28
3.52603        2.47324e+28
3.52877        2.47324e+28
3.53151        2.47324e+28
3.53425        2.47324e+28
3.53699        2.47324e+28
3.53973        2.47324e+28
3.54247        2.47324e+28
3.54521        2.47324e+28
3.54795        2.47324e+28
3.55068        2.47324e+28
3.55342        2.47324e+28
3.55616        2.47324e+28
3.5589        2.47324e+28
3.56164        2.47324e+28
3.56438        2.47324e+28
3.56712        2.47324e+28
3.56986        2.47324e+28
3.5726        2.47324e+28
3.57534        2.47324e+28
3.57808        2.47324e+28
3.58082        2.47324e+28
3.58356        2.47324e+28
3.5863        2.47324e+28
3.58904        2.47324e+28
3.59178        2.47324e+28
3.59452        2.47324e+28
3.59726        2.47324e+28
3.6        2.47324e+28
3.60274        2.47324e+28
3.60548        2.47324e+28
3.60822        2.47324e+28
3.61096        2.47324e+28
3.6137        2.47324e+28
3.61644        2.47324e+28
3.61918        2.47324e+28
3.62192        2.47324e+28
3.62466        2.47324e+28
3.6274        2.47324e+28
3.63014        2.47324e+28
3.63288        2.47324e+28
3.63562        2.47324e+28
3.63836        2.47324e+28
3.6411        2.47324e+28
3.64384        2.47324e+28
3.64658        2.47324e+28
3.64932        2.47324e+28
3.65205        2.47324e+28
3.65479        2.47324e+28
3.65753        2.47324e+28
3.66027        2.47324e+28
3.66301        2.47324e+28
3.66575        2.47324e+28
3.66849        2.47324e+28
3.67123        2.47324e+28
3.67397        2.47324e+28
3.67671        2.47324e+28
3.67945        2.47324e+28
3.68219        2.47324e+28
3.68493        2.47324e+28
3.68767        2.47324e+28
3.69041        2.47324e+28
3.69315        2.47324e+28
3.69589        2.47324e+28
3.69863        2.47324e+28
3.70137        2.47324e+28
3.70411        2.47324e+28
3.70685        2.47324e+28
3.70959        2.47324e+28
3.71233        2.47324e+28
3.71507        2.47324e+28
3.71781        2.47324e+28
3.72055        2.47324e+28
3.72329        2.47324e+28
3.72603        2.47324e+28
3.72877        2.47324e+28
3.73151        2.47324e+28
3.73425        2.47324e+28
3.73699        2.47324e+28
3.73973        2.47324e+28
3.74247        2.47324e+28
3.74521        2.47324e+28
3.74795        2.47324e+28
3.75068        2.47324e+28
3.75342        2.47324e+28
3.75616        2.47324e+28
3.7589        2.47324e+28
3.76164        2.47324e+28
3.76438        2.47324e+28
3.76712        2.47324e+28
3.76986        2.47324e+28
3.7726        2.47324e+28
3.77534        2.47324e+28
3.77808        2.47324e+28
3.78082        2.47324e+28
3.78356        2.47324e+28
3.7863        2.47324e+28
3.78904        2.47324e+28
3.79178        2.47324e+28
3.79452        2.47324e+28
3.79726        2.47324e+28
3.8        2.47324e+28
3.80274        2.47324e+28
3.80548        2.47324e+28
3.80822        2.47324e+28
3.81096        2.47324e+28
3.8137        2.47324e+28
3.81644        2.47324e+28
3.81918        2.47324e+28
3.82192        2.47324e+28
3.82466        2.47324e+28
3.8274        2.47324e+28
3.83014        2.47324e+28
3.83288        2.47324e+28
3.83562        2.47324e+28
3.83836        2.47324e+28
3.8411        2.47324e+28
3.84384        2.47324e+28
3.84658        2.47324e+28
3.84932        2.47324e+28
3.85205        2.47324e+28
3.85479        2.47324e+28
3.85753        2.47324e+28
3.86027        2.47324e+28
3.86301        2.47324e+28
3.86575        2.47324e+28
3.86849        2.47324e+28
3.87123        2.47324e+28
3.87397        2.47324e+28
3.87671        2.47324e+28
3.87945        2.47324e+28
3.88219        2.47324e+28
3.88493        2.47324e+28
3.88767        2.47324e+28
3.89041        2.47324e+28
3.89315        2.47324e+28
3.89589        2.47324e+28
3.89863        2.47324e+28
3.90137        2.47324e+28
3.90411        2.47324e+28
3.90685        2.47324e+28
3.90959        2.47324e+28
3.91233        2.47324e+28
3.91507        2.47324e+28
3.91781        2.47324e+28
3.92055        2.47324e+28
3.92329        2.47324e+28
3.92603        2.47324e+28
3.92877        2.47324e+28
3.93151        2.47324e+28
3.93425        2.47324e+28
3.93699        2.47324e+28
3.93973        2.47324e+28
3.94247        2.47324e+28
3.94521        2.47324e+28
3.94795        2.47324e+28
3.95068        2.47324e+28
3.95342        2.47324e+28
3.95616        2.47324e+28
3.9589        2.47324e+28
3.96164        2.47324e+28
3.96438        2.47324e+28
3.96712        2.47324e+28
3.96986        2.47324e+28
3.9726        2.47324e+28
3.97534        2.47324e+28
3.97808        2.47324e+28
3.98082        2.47324e+28
3.98356        2.47324e+28
3.9863        2.47324e+28
3.98904        2.47324e+28
3.99178        2.47324e+28
3.99452        2.47324e+28
3.99726        2.47324e+28
4        2.47324e+28
4.00274        2.47324e+28
4.00548        2.47324e+28
4.00822        2.47324e+28
4.01096        2.47324e+28
4.0137        2.47324e+28
4.01644        2.47324e+28
4.01918        2.47324e+28
4.02192        2.47324e+28
4.02466        2.47324e+28
4.0274        2.47324e+28
4.03014        2.47324e+28
4.03288        2.47324e+28
4.03562        2.47324e+28
4.03836        2.47324e+28
4.0411        2.47324e+28
4.04384        2.47324e+28
4.04658        2.47324e+28
4.04932        2.47324e+28
4.05205        2.47324e+28
4.05479        2.47324e+28
4.05753        2.47324e+28
4.06027        2.47324e+28
4.06301        2.47324e+28
4.06575        2.47324e+28
4.06849        2.47324e+28
4.07123        2.47324e+28
4.07397        2.47324e+28
4.07671        2.47324e+28
4.07945        2.47324e+28
4.08219        2.47324e+28
4.08493        2.47324e+28
4.08767        2.47324e+28
4.09041        2.47324e+28
4.09315        2.47324e+28
4.09589        2.47324e+28
4.09863        2.47324e+28
4.10137        2.47324e+28
4.10411        2.47324e+28
4.10685        2.47324e+28
4.10959        2.47324e+28
4.11233        2.47324e+28
4.11507        2.47324e+28
4.11781        2.47324e+28
4.12055        2.47324e+28
4.12329        2.47324e+28
4.12603        2.47324e+28
4.12877        2.47324e+28
4.13151        2.47324e+28
4.13425        2.47324e+28
4.13699        2.47324e+28
4.13973        2.47324e+28
4.14247        2.47324e+28
4.14521        2.47324e+28
4.14795        2.47324e+28
4.15068        2.47324e+28
4.15342        2.47324e+28
4.15616        2.47324e+28
4.1589        2.47324e+28
4.16164        2.47324e+28
4.16438        2.47324e+28
4.16712        2.47324e+28
4.16986        2.47324e+28
4.1726        2.47324e+28
4.17534        2.47324e+28
4.17808        2.47324e+28
4.18082        2.47324e+28
4.18356        2.47324e+28
4.1863        2.47324e+28
4.18904        2.47324e+28
4.19178        2.47324e+28
4.19452        2.47324e+28
4.19726        2.47324e+28
4.2        2.47324e+28
4.20274        2.47324e+28
4.20548        2.47324e+28
4.20822        2.47324e+28
4.21096        2.47324e+28
4.2137        2.47324e+28
4.21644        2.47324e+28
4.21918        2.47324e+28
4.22192        2.47324e+28
4.22466        2.47324e+28
4.2274        2.47324e+28
4.23014        2.47324e+28
4.23288        2.47324e+28
4.23562        2.47324e+28
4.23836        2.47324e+28
4.2411        2.47324e+28
4.24384        2.47324e+28
4.24658        2.47324e+28
4.24932        2.47324e+28
4.25205        2.47324e+28
4.25479        2.47324e+28
4.25753        2.47324e+28
4.26027        2.47324e+28
4.26301        2.47324e+28
4.26575        2.47324e+28
4.26849        2.47324e+28
4.27123        2.47324e+28
4.27397        2.47324e+28
4.27671        2.47324e+28
4.27945        2.47324e+28
4.28219        2.47324e+28
4.28493        2.47324e+28
4.28767        2.47324e+28
4.29041        2.47324e+28
4.29315        2.47324e+28
4.29589        2.47324e+28
4.29863        2.47324e+28
4.30137        2.47324e+28
4.30411        2.47324e+28
4.30685        2.47324e+28
4.30959        2.47324e+28
4.31233        2.47324e+28
4.31507        2.47324e+28
4.31781        2.47324e+28
4.32055        2.47324e+28
4.32329        2.47324e+28
4.32603        2.47324e+28
4.32877        2.47324e+28
4.33151        2.47324e+28
4.33425        2.47324e+28
4.33699        2.47324e+28
4.33973        2.47324e+28
4.34247        2.47324e+28
4.34521        2.47324e+28
4.34795        2.47324e+28
4.35068        2.47324e+28
4.35342        2.47324e+28
4.35616        2.47324e+28
4.3589        2.47324e+28
4.36164        2.47324e+28
4.36438        2.47324e+28
4.36712        2.47324e+28
4.36986        2.47324e+28
4.3726        2.47324e+28
4.37534        2.47324e+28
4.37808        2.47324e+28
4.38082        2.47324e+28
4.38356        2.47324e+28
4.3863        2.47324e+28
4.38904        2.47324e+28
4.39178        2.47324e+28
4.39452        2.47324e+28
4.39726        2.47324e+28
4.4        2.47324e+28
4.40274        2.47324e+28
4.40548        2.47324e+28
4.40822        2.47324e+28
4.41096        2.47324e+28
4.4137        2.47324e+28
4.41644        2.47324e+28
4.41918        2.47324e+28
4.42192        2.47324e+28
4.42466        2.47324e+28
4.4274        2.47324e+28
4.43014        2.47324e+28
4.43288        2.47324e+28
4.43562        2.47324e+28
4.43836        2.47324e+28
4.4411        2.47324e+28
4.44384        2.47324e+28
4.44658        2.47324e+28
4.44932        2.47324e+28
4.45205        2.47324e+28
4.45479        2.47324e+28
4.45753        2.47324e+28
4.46027        2.47324e+28
4.46301        2.47324e+28
4.46575        2.47324e+28
4.46849        2.47324e+28
4.47123        2.47324e+28
4.47397        2.47324e+28
4.47671        2.47324e+28
4.47945        2.47324e+28
4.48219        2.47324e+28
4.48493        2.47324e+28
4.48767        2.47324e+28
4.49041        2.47324e+28
4.49315        2.47324e+28
4.49589        2.47324e+28
4.49863        2.47324e+28
4.50137        2.47324e+28
4.50411        2.47324e+28
4.50685        2.47324e+28
4.50959        2.47324e+28
4.51233        2.47324e+28
4.51507        2.47324e+28
4.51781        2.47324e+28
4.52055        2.47324e+28
4.52329        2.47324e+28
4.52603        2.47324e+28
4.52877        2.47324e+28
4.53151        2.47324e+28
4.53425        2.47324e+28
4.53699        2.47324e+28
4.53973        2.47324e+28
4.54247        2.47324e+28
4.54521        2.47324e+28
4.54795        2.47324e+28
4.55068        2.47324e+28
4.55342        2.47324e+28
4.55616        2.47324e+28
4.5589        2.47324e+28
4.56164        2.47324e+28
4.56438        2.47324e+28
4.56712        2.47324e+28
4.56986        2.47324e+28
4.5726        2.47324e+28
4.57534        2.47324e+28
4.57808        2.47324e+28
4.58082        2.47324e+28
4.58356        2.47324e+28
4.5863        2.47324e+28
4.58904        2.47324e+28
4.59178        2.47324e+28
4.59452        2.47324e+28
4.59726        2.47324e+28
4.6        2.47324e+28
4.60274        2.47324e+28
4.60548        2.47324e+28
4.60822        2.47324e+28
4.61096        2.47324e+28
4.6137        2.47324e+28
4.61644        2.47324e+28
4.61918        2.47324e+28
4.62192        2.47324e+28
4.62466        2.47324e+28
4.6274        2.47324e+28
4.63014        2.47324e+28
4.63288        2.47324e+28
4.63562        2.47324e+28
4.63836        2.47324e+28
4.6411        2.47324e+28
4.64384        2.47324e+28
4.64658        2.47324e+28
4.64932        2.47324e+28
4.65205        2.47324e+28
4.65479        2.47324e+28
4.65753        2.47324e+28
4.66027        2.47324e+28
4.66301        2.47324e+28
4.66575        2.47324e+28
4.66849        2.47324e+28
4.67123        2.47324e+28
4.67397        2.47324e+28
4.67671        2.47324e+28
4.67945        2.47324e+28
4.68219        2.47324e+28
4.68493        2.47324e+28
4.68767        2.47324e+28
4.69041        2.47324e+28
4.69315        2.47324e+28
4.69589        2.47324e+28
4.69863        2.47324e+28
4.70137        2.47324e+28
4.70411        2.47324e+28
4.70685        2.47324e+28
4.70959        2.47324e+28
4.71233        2.47324e+28
4.71507        2.47324e+28
4.71781        2.47324e+28
4.72055        2.47324e+28
4.72329        2.47324e+28
4.72603        2.47324e+28
4.72877        2.47324e+28
4.73151        2.47324e+28
4.73425        2.47324e+28
4.73699        2.47324e+28
4.73973        2.47324e+28
4.74247        2.47324e+28
4.74521        2.47324e+28
4.74795        2.47324e+28
4.75068        2.47324e+28
4.75342        2.47324e+28
4.75616        2.47324e+28
4.7589        2.47324e+28
4.76164        2.47324e+28
4.76438        2.47324e+28
4.76712        2.47324e+28
4.76986        2.47324e+28
4.7726        2.47324e+28
4.77534        2.47324e+28
4.77808        2.47324e+28
4.78082        2.47324e+28
4.78356        2.47324e+28
4.7863        2.47324e+28
4.78904        2.47324e+28
4.79178        2.47324e+28
4.79452        2.47324e+28
4.79726        2.47324e+28
4.8        2.47324e+28
4.80274        2.47324e+28
4.80548        2.47324e+28
4.80822        2.47324e+28
4.81096        2.47324e+28
4.8137        2.47324e+28
4.81644        2.47324e+28
4.81918        2.47324e+28
4.82192        2.47324e+28
4.82466        2.47324e+28
4.8274        2.47324e+28
4.83014        2.47324e+28
4.83288        2.47324e+28
4.83562        2.47324e+28
4.83836        2.47324e+28
4.8411        2.47324e+28
4.84384        2.47324e+28
4.84658        2.47324e+28
4.84932        2.47324e+28
4.85205        2.47324e+28
4.85479        2.47324e+28
4.85753        2.47324e+28
4.86027        2.47324e+28
4.86301        2.47324e+28
4.86575        2.47324e+28
4.86849        2.47324e+28
4.87123        2.47324e+28
4.87397        2.47324e+28
4.87671        2.47324e+28
4.87945        2.47324e+28
4.88219        2.47324e+28
4.88493        2.47324e+28
4.88767        2.47324e+28
4.89041        2.47324e+28
4.89315        2.47324e+28
4.89589        2.47324e+28
4.89863        2.47324e+28
4.90137        2.47324e+28
4.90411        2.47324e+28
4.90685        2.47324e+28
4.90959        2.47324e+28
4.91233        2.47324e+28
4.91507        2.47324e+28
4.91781        2.47324e+28
4.92055        2.47324e+28
4.92329        2.47324e+28
4.92603        2.47324e+28
4.92877        2.47324e+28
4.93151        2.47324e+28
4.93425        2.47324e+28
4.93699        2.47324e+28
4.93973        2.47324e+28
4.94247        2.47324e+28
4.94521        2.47324e+28
4.94795        2.47324e+28
4.95068        2.47324e+28
4.95342        2.47324e+28
4.95616        2.47324e+28
4.9589        2.47324e+28
4.96164        2.47324e+28
4.96438        2.47324e+28
4.96712        2.47324e+28
4.96986        2.47324e+28
4.9726        2.47324e+28
4.97534        2.47324e+28
4.97808        2.47324e+28
4.98082        2.47324e+28
4.98356        2.47324e+28
4.9863        2.47324e+28
4.98904        2.47324e+28
4.99178        2.47324e+28
4.99452        2.47324e+28
4.99726        2.47324e+28
5        2.47324e+28
5.00274        2.47324e+28
5.00548        2.47324e+28
5.00822        2.47324e+28
5.01096        2.47324e+28
5.0137        2.47324e+28
5.01644        2.47324e+28
5.01918        2.47324e+28
5.02192        2.47324e+28
5.02466        2.47324e+28
5.0274        2.47324e+28
5.03014        2.47324e+28
5.03288        2.47324e+28
5.03562        2.47324e+28
5.03836        2.47324e+28
5.0411        2.47324e+28
5.04384        2.47324e+28
5.04658        2.47324e+28
5.04932        2.47324e+28
5.05205        2.47324e+28
5.05479        2.47324e+28
5.05753        2.47324e+28
5.06027        2.47324e+28
5.06301        2.47324e+28
5.06575        2.47324e+28
5.06849        2.47324e+28
5.07123        2.47324e+28
5.07397        2.47324e+28
5.07671        2.47324e+28
5.07945        2.47324e+28
5.08219        2.47324e+28
5.08493        2.47324e+28
5.08767        2.47324e+28
5.09041        2.47324e+28
5.09315        2.47324e+28
5.09589        2.47324e+28
5.09863        2.47324e+28
5.10137        2.47324e+28
5.10411        2.47324e+28
5.10685        2.47324e+28
5.10959        2.47324e+28
5.11233        2.47324e+28
5.11507        2.47324e+28
5.11781        2.47324e+28
5.12055        2.47324e+28
5.12329        2.47324e+28
5.12603        2.47324e+28
5.12877        2.47324e+28
5.13151        2.47324e+28
5.13425        2.47324e+28
5.13699        2.47324e+28
5.13973        2.47324e+28
5.14247        2.47324e+28
5.14521        2.47324e+28
5.14795        2.47324e+28
5.15068        2.47324e+28
5.15342        2.47324e+28
5.15616        2.47324e+28
5.1589        2.47324e+28
5.16164        2.47324e+28
5.16438        2.47324e+28
5.16712        2.47324e+28
5.16986        2.47324e+28
5.1726        2.47324e+28
5.17534        2.47324e+28
5.17808        2.47324e+28
5.18082        2.47324e+28
5.18356        2.47324e+28
5.1863        2.47324e+28
5.18904        2.47324e+28
5.19178        2.47324e+28
5.19452        2.47324e+28
5.19726        2.47324e+28
5.2        2.47324e+28
5.20274        2.47324e+28
5.20548        2.47324e+28
5.20822        2.47324e+28
5.21096        2.47324e+28
5.2137        2.47324e+28
5.21644        2.47324e+28
5.21918        2.47324e+28
5.22192        2.47324e+28
5.22466        2.47324e+28
5.2274        2.47324e+28
5.23014        2.47324e+28
5.23288        2.47324e+28
5.23562        2.47324e+28
5.23836        2.47324e+28
5.2411        2.47324e+28
5.24384        2.47324e+28
5.24658        2.47324e+28
5.24932        2.47324e+28
5.25205        2.47324e+28
5.25479        2.47324e+28
5.25753        2.47324e+28
5.26027        2.47324e+28
5.26301        2.47324e+28
5.26575        2.47324e+28
5.26849        2.47324e+28
5.27123        2.47324e+28
5.27397        2.47324e+28
5.27671        2.47324e+28
5.27945        2.47324e+28
5.28219        2.47324e+28
5.28493        2.47324e+28
5.28767        2.47324e+28
5.29041        2.47324e+28
5.29315        2.47324e+28
5.29589        2.47324e+28
5.29863        2.47324e+28
5.30137        2.47324e+28
5.30411        2.47324e+28
5.30685        2.47324e+28
5.30959        2.47324e+28
5.31233        2.47324e+28
5.31507        2.47324e+28
5.31781        2.47324e+28
5.32055        2.47324e+28
5.32329        2.47324e+28
5.32603        2.47324e+28
5.32877        2.47324e+28
5.33151        2.47324e+28
5.33425        2.47324e+28
5.33699        2.47324e+28
5.33973        2.47324e+28
5.34247        2.47324e+28
5.34521        2.47324e+28
5.34795        2.47324e+28
5.35068        2.47324e+28
5.35342        2.47324e+28
5.35616        2.47324e+28
5.3589        2.47324e+28
5.36164        2.47324e+28
5.36438        2.47324e+28
5.36712        2.47324e+28
5.36986        2.47324e+28
5.3726        2.47324e+28
5.37534        2.47324e+28
5.37808        2.47324e+28
5.38082        2.47324e+28
5.38356        2.47324e+28
5.3863        2.47324e+28
5.38904        2.47324e+28
5.39178        2.47324e+28
5.39452        2.47324e+28
5.39726        2.47324e+28
5.4        2.47324e+28
5.40274        2.47324e+28
5.40548        2.47324e+28
5.40822        2.47324e+28
5.41096        2.47324e+28
5.4137        2.47324e+28
5.41644        2.47324e+28
5.41918        2.47324e+28
5.42192        2.47324e+28
5.42466        2.47324e+28
5.4274        2.47324e+28
5.43014        2.47324e+28
5.43288        2.47324e+28
5.43562        2.47324e+28
5.43836        2.47324e+28
5.4411        2.47324e+28
5.44384        2.47324e+28
5.44658        2.47324e+28
5.44932        2.47324e+28
5.45205        2.47324e+28
5.45479        2.47324e+28
5.45753        2.47324e+28
5.46027        2.47324e+28
5.46301        2.47324e+28
5.46575        2.47324e+28
5.46849        2.47324e+28
5.47123        2.47324e+28
5.47397        2.47324e+28
5.47671        2.47324e+28
5.47945        2.47324e+28
5.48219        2.47324e+28
5.48493        2.47324e+28
5.48767        2.47324e+28
5.49041        2.47324e+28
5.49315        2.47324e+28
5.49589        2.47324e+28
5.49863        2.47324e+28
5.50137        2.47324e+28
5.50411        2.47324e+28
5.50685        2.47324e+28
5.50959        2.47324e+28
5.51233        2.47324e+28
5.51507        2.47324e+28
5.51781        2.47324e+28
5.52055        2.47324e+28
5.52329        2.47324e+28
5.52603        2.47324e+28
5.52877        2.47324e+28
5.53151        2.47324e+28
5.53425        2.47324e+28
5.53699        2.47324e+28
5.53973        2.47324e+28
5.54247        2.47324e+28
5.54521        2.47324e+28
5.54795        2.47324e+28
5.55068        2.47324e+28
5.55342        2.47324e+28
5.55616        2.47324e+28
5.5589        2.47324e+28
5.56164        2.47324e+28
5.56438        2.47324e+28
5.56712        2.47324e+28
5.56986        2.47324e+28
5.5726        2.47324e+28
5.57534        2.47324e+28
5.57808        2.47324e+28
5.58082        2.47324e+28
5.58356        2.47324e+28
5.5863        2.47324e+28
5.58904        2.47324e+28
5.59178        2.47324e+28
5.59452        2.47324e+28
5.59726        2.47324e+28
5.6        2.47324e+28
5.60274        2.47324e+28
5.60548        2.47324e+28
5.60822        2.47324e+28
5.61096        2.47324e+28
5.6137        2.47324e+28
5.61644        2.47324e+28
5.61918        2.47324e+28
5.62192        2.47324e+28
5.62466        2.47324e+28
5.6274        2.47324e+28
5.63014        2.47324e+28
5.63288        2.47324e+28
5.63562        2.47324e+28
5.63836        2.47324e+28
5.6411        2.47324e+28
5.64384        2.47324e+28
5.64658        2.47324e+28
5.64932        2.47324e+28
5.65205        2.47324e+28
5.65479        2.47324e+28
5.65753        2.47324e+28
5.66027        2.47324e+28
5.66301        2.47324e+28
5.66575        2.47324e+28
5.66849        2.47324e+28
5.67123        2.47324e+28
5.67397        2.47324e+28
5.67671        2.47324e+28
5.67945        2.47324e+28
5.68219        2.47324e+28
5.68493        2.47324e+28
5.68767        2.47324e+28
5.69041        2.47324e+28
5.69315        2.47324e+28
5.69589        2.47324e+28
5.69863        2.47324e+28
5.70137        2.47324e+28
5.70411        2.47324e+28
5.70685        2.47324e+28
5.70959        2.47324e+28
5.71233        2.47324e+28
5.71507        2.47324e+28
5.71781        2.47324e+28
5.72055        2.47324e+28
5.72329        2.47324e+28
5.72603        2.47324e+28
5.72877        2.47324e+28
5.73151        2.47324e+28
5.73425        2.47324e+28
5.73699        2.47324e+28
5.73973        2.47324e+28
5.74247        2.47324e+28
5.74521        2.47324e+28
5.74795        2.47324e+28
5.75068        2.47324e+28
5.75342        2.47324e+28
5.75616        2.47324e+28
5.7589        2.47324e+28
5.76164        2.47324e+28
5.76438        2.47324e+28
5.76712        2.47324e+28
5.76986        2.47324e+28
5.7726        2.47324e+28
5.77534        2.47324e+28
5.77808        2.47324e+28
5.78082        2.47324e+28
5.78356        2.47324e+28
5.7863        2.47324e+28
5.78904        2.47324e+28
5.79178        2.47324e+28
5.79452        2.47324e+28
5.79726        2.47324e+28
5.8        2.47324e+28
5.80274        2.47324e+28
5.80548        2.47324e+28
5.80822        2.47324e+28
5.81096        2.47324e+28
5.8137        2.47324e+28
5.81644        2.47324e+28
5.81918        2.47324e+28
5.82192        2.47324e+28
5.82466        2.47324e+28
5.8274        2.47324e+28
5.83014        2.47324e+28
5.83288        2.47324e+28
5.83562        2.47324e+28
5.83836        2.47324e+28
5.8411        2.47324e+28
5.84384        2.47324e+28
5.84658        2.47324e+28
5.84932        2.47324e+28
5.85205        2.47324e+28
5.85479        2.47324e+28
5.85753        2.47324e+28
5.86027        2.47324e+28
5.86301        2.47324e+28
5.86575        2.47324e+28
5.86849        2.47324e+28
5.87123        2.47324e+28
5.87397        2.47324e+28
5.87671        2.47324e+28
5.87945        2.47324e+28
5.88219        2.47324e+28
5.88493        2.47324e+28
5.88767        2.47324e+28
5.89041        2.47324e+28
5.89315        2.47324e+28
5.89589        2.47324e+28
5.89863        2.47324e+28
5.90137        2.47324e+28
5.90411        2.47324e+28
5.90685        2.47324e+28
5.90959        2.47324e+28
5.91233        2.47324e+28
5.91507        2.47324e+28
5.91781        2.47324e+28
5.92055        2.47324e+28
5.92329        2.47324e+28
5.92603        2.47324e+28
5.92877        2.47324e+28
5.93151        2.47324e+28
5.93425        2.47324e+28
5.93699        2.47324e+28
5.93973        2.47324e+28
5.94247        2.47324e+28
5.94521        2.47324e+28
5.94795        2.47324e+28
5.95068        2.47324e+28
5.95342        2.47324e+28
5.95616        2.47324e+28
5.9589        2.47324e+28
5.96164        2.47324e+28
5.96438        2.47324e+28
5.96712        2.47324e+28
5.96986        2.47324e+28
5.9726        2.47324e+28
5.97534        2.47324e+28
5.97808        2.47324e+28
5.98082        2.47324e+28
5.98356        2.47324e+28
5.9863        2.47324e+28
5.98904        2.47324e+28
5.99178        2.47324e+28
5.99452        2.47324e+28
5.99726        2.47324e+28
6        2.47324e+28
6.00274        2.47324e+28
6.00548        2.47324e+28
6.00822        2.47324e+28
6.01096        2.47324e+28
6.0137        2.47324e+28
6.01644        2.47324e+28
6.01918        2.47324e+28
6.02192        2.47324e+28
6.02466        2.47324e+28
6.0274        2.47324e+28
6.03014        2.47324e+28
6.03288        2.47324e+28
6.03562        2.47324e+28
6.03836        2.47324e+28
6.0411        2.47324e+28
6.04384        2.47324e+28
6.04658        2.47324e+28
6.04932        2.47324e+28
6.05205        2.47324e+28
6.05479        2.47324e+28
6.05753        2.47324e+28
6.06027        2.47324e+28
6.06301        2.47324e+28
6.06575        2.47324e+28
6.06849        2.47324e+28
6.07123        2.47324e+28
6.07397        2.47324e+28
6.07671        2.47324e+28
6.07945        2.47324e+28
6.08219        2.47324e+28
6.08493        2.47324e+28
6.08767        2.47324e+28
6.09041        2.47324e+28
6.09315        2.47324e+28
6.09589        2.47324e+28
6.09863        2.47324e+28
6.10137        2.47324e+28
6.10411        2.47324e+28
6.10685        2.47324e+28
6.10959        2.47324e+28
6.11233        2.47324e+28
6.11507        2.47324e+28
6.11781        2.47324e+28
6.12055        2.47324e+28
6.12329        2.47324e+28
6.12603        2.47324e+28
6.12877        2.47324e+28
6.13151        2.47324e+28
6.13425        2.47324e+28
6.13699        2.47324e+28
6.13973        2.47324e+28
6.14247        2.47324e+28
6.14521        2.47324e+28
6.14795        2.47324e+28
6.15068        2.47324e+28
6.15342        2.47324e+28
6.15616        2.47324e+28
6.1589        2.47324e+28
6.16164        2.47324e+28
6.16438        2.47324e+28
6.16712        2.47324e+28
6.16986        2.47324e+28
6.1726        2.47324e+28
6.17534        2.47324e+28
6.17808        2.47324e+28
6.18082        2.47324e+28
6.18356        2.47324e+28
6.1863        2.47324e+28
6.18904        2.47324e+28
6.19178        2.47324e+28
6.19452        2.47324e+28
6.19726        2.47324e+28
6.2        2.47324e+28
6.20274        2.47324e+28
6.20548        2.47324e+28
6.20822        2.47324e+28
6.21096        2.47324e+28
6.2137        2.47324e+28
6.21644        2.47324e+28
6.21918        2.47324e+28
6.22192        2.47324e+28
6.22466        2.47324e+28
6.2274        2.47324e+28
6.23014        2.47324e+28
6.23288        2.47324e+28
6.23562        2.47324e+28
6.23836        2.47324e+28
6.2411        2.47324e+28
6.24384        2.47324e+28
6.24658        2.47324e+28
6.24932        2.47324e+28
6.25205        2.47324e+28
6.25479        2.47324e+28
6.25753        2.47324e+28
6.26027        2.47324e+28
6.26301        2.47324e+28
6.26575        2.47324e+28
6.26849        2.47324e+28
6.27123        2.47324e+28
6.27397        2.47324e+28
6.27671        2.47324e+28
6.27945        2.47324e+28
6.28219        2.47324e+28
6.28493        2.47324e+28
6.28767        2.47324e+28
6.29041        2.47324e+28
6.29315        2.47324e+28
6.29589        2.47324e+28
6.29863        2.47324e+28
6.30137        2.47324e+28
6.30411        2.47324e+28
6.30685        2.47324e+28
6.30959        2.47324e+28
6.31233        2.47324e+28
6.31507        2.47324e+28
6.31781        2.47324e+28
6.32055        2.47324e+28
6.32329        2.47324e+28
6.32603        2.47324e+28
6.32877        2.47324e+28
6.33151        2.47324e+28
6.33425        2.47324e+28
6.33699        2.47324e+28
6.33973        2.47324e+28
6.34247        2.47324e+28
6.34521        2.47324e+28
6.34795        2.47324e+28
6.35068        2.47324e+28
6.35342        2.47324e+28
6.35616        2.47324e+28
6.3589        2.47324e+28
6.36164        2.47324e+28
6.36438        2.47324e+28
6.36712        2.47324e+28
6.36986        2.47324e+28
6.3726        2.47324e+28
6.37534        2.47324e+28
6.37808        2.47324e+28
6.38082        2.47324e+28
6.38356        2.47324e+28
6.3863        2.47324e+28
6.38904        2.47324e+28
6.39178        2.47324e+28
6.39452        2.47324e+28
6.39726        2.47324e+28
6.4        2.47324e+28
6.40274        2.47324e+28
6.40548        2.47324e+28
6.40822        2.47324e+28
6.41096        2.47324e+28
6.4137        2.47324e+28
6.41644        2.47324e+28
6.41918        2.47324e+28
6.42192        2.47324e+28
6.42466        2.47324e+28
6.4274        2.47324e+28
6.43014        2.47324e+28
6.43288        2.47324e+28
6.43562        2.47324e+28
6.43836        2.47324e+28
6.4411        2.47324e+28
6.44384        2.47324e+28
6.44658        2.47324e+28
6.44932        2.47324e+28
6.45205        2.47324e+28
6.45479        2.47324e+28
6.45753        2.47324e+28
6.46027        2.47324e+28
6.46301        2.47324e+28
6.46575        2.47324e+28
6.46849        2.47324e+28
6.47123        2.47324e+28
6.47397        2.47324e+28
6.47671        2.47324e+28
6.47945        2.47324e+28
6.48219        2.47324e+28
6.48493        2.47324e+28
6.48767        2.47324e+28
6.49041        2.47324e+28
6.49315        2.47324e+28
6.49589        2.47324e+28
6.49863        2.47324e+28
6.50137        2.47324e+28
6.50411        2.47324e+28
6.50685        2.47324e+28
6.50959        2.47324e+28
6.51233        2.47324e+28
6.51507        2.47324e+28
6.51781        2.47324e+28
6.52055        2.47324e+28
6.52329        2.47324e+28
6.52603        2.47324e+28
6.52877        2.47324e+28
6.53151        2.47324e+28
6.53425        2.47324e+28
6.53699        2.47324e+28
6.53973        2.47324e+28
6.54247        2.47324e+28
6.54521        2.47324e+28
6.54795        2.47324e+28
6.55068        2.47324e+28
6.55342        2.47324e+28
6.55616        2.47324e+28
6.5589        2.47324e+28
6.56164        2.47324e+28
6.56438        2.47324e+28
6.56712        2.47324e+28
6.56986        2.47324e+28
6.5726        2.47324e+28
6.57534        2.47324e+28
6.57808        2.47324e+28
6.58082        2.47324e+28
6.58356        2.47324e+28
6.5863        2.47324e+28
6.58904        2.47324e+28
6.59178        2.47324e+28
6.59452        2.47324e+28
6.59726        2.47324e+28
6.6        2.47324e+28
6.60274        2.47324e+28
6.60548        2.47324e+28
6.60822        2.47324e+28
6.61096        2.47324e+28
6.6137        2.47324e+28
6.61644        2.47324e+28
6.61918        2.47324e+28
6.62192        2.47324e+28
6.62466        2.47324e+28
6.6274        2.47324e+28
6.63014        2.47324e+28
6.63288        2.47324e+28
6.63562        2.47324e+28
6.63836        2.47324e+28
6.6411        2.47324e+28
6.64384        2.47324e+28
6.64658        2.47324e+28
6.64932        2.47324e+28
6.65205        2.47324e+28
6.65479        2.47324e+28
6.65753        2.47324e+28
6.66027        2.47324e+28
6.66301        2.47324e+28
6.66575        2.47324e+28
6.66849        2.47324e+28
6.67123        2.47324e+28
6.67397        2.47324e+28
6.67671        2.47324e+28
6.67945        2.47324e+28
6.68219        2.47324e+28
6.68493        2.47324e+28
6.68767        2.47324e+28
6.69041        2.47324e+28
6.69315        2.47324e+28
6.69589        2.47324e+28
6.69863        2.47324e+28
6.70137        2.47324e+28
6.70411        2.47324e+28
6.70685        2.47324e+28
6.70959        2.47324e+28
6.71233        2.47324e+28
6.71507        2.47324e+28
6.71781        2.47324e+28
6.72055        2.47324e+28
6.72329        2.47324e+28
6.72603        2.47324e+28
6.72877        2.47324e+28
6.73151        2.47324e+28
6.73425        2.47324e+28
6.73699        2.47324e+28
6.73973        2.47324e+28
6.74247        2.47324e+28
6.74521        2.47324e+28
6.74795        2.47324e+28
6.75068        2.47324e+28
6.75342        2.47324e+28
6.75616        2.47324e+28
6.7589        2.47324e+28
6.76164        2.47324e+28
6.76438        2.47324e+28
6.76712        2.47324e+28
6.76986        2.47324e+28
6.7726        2.47324e+28
6.77534        2.47324e+28
6.77808        2.47324e+28
6.78082        2.47324e+28
6.78356        2.47324e+28
6.7863        2.47324e+28
6.78904        2.47324e+28
6.79178        2.47324e+28
6.79452        2.47324e+28
6.79726        2.47324e+28
6.8        2.47324e+28
6.80274        2.47324e+28
6.80548        2.47324e+28
6.80822        2.47324e+28
6.81096        2.47324e+28
6.8137        2.47324e+28
6.81644        2.47324e+28
6.81918        2.47324e+28
6.82192        2.47324e+28
6.82466        2.47324e+28
6.8274        2.47324e+28
6.83014        2.47324e+28
6.83288        2.47324e+28
6.83562        2.47324e+28
6.83836        2.47324e+28
6.8411        2.47324e+28
6.84384        2.47324e+28
6.84658        2.47324e+28
6.84932        2.47324e+28
6.85205        2.47324e+28
6.85479        2.47324e+28
6.85753        2.47324e+28
6.86027        2.47324e+28
6.86301        2.47324e+28
6.86575        2.47324e+28
6.86849        2.47324e+28
6.87123        2.47324e+28
6.87397        2.47324e+28
6.87671        2.47324e+28
6.87945        2.47324e+28
6.88219        2.47324e+28
6.88493        2.47324e+28
6.88767        2.47324e+28
6.89041        2.47324e+28
6.89315        2.47324e+28
6.89589        2.47324e+28
6.89863        2.47324e+28
6.90137        2.47324e+28
6.90411        2.47324e+28
6.90685        2.47324e+28
6.90959        2.47324e+28
6.91233        2.47324e+28
6.91507        2.47324e+28
6.91781        2.47324e+28
6.92055        2.47324e+28
6.92329        2.47324e+28
6.92603        2.47324e+28
6.92877        2.47324e+28
6.93151        2.47324e+28
6.93425        2.47324e+28
6.93699        2.47324e+28
6.93973        2.47324e+28
6.94247        2.47324e+28
6.94521        2.47324e+28
6.94795        2.47324e+28
6.95068        2.47324e+28
6.95342        2.47324e+28
6.95616        2.47324e+28
6.9589        2.47324e+28
6.96164        2.47324e+28
6.96438        2.47324e+28
6.96712        2.47324e+28
6.96986        2.47324e+28
6.9726        2.47324e+28
6.97534        2.47324e+28
6.97808        2.47324e+28
6.98082        2.47324e+28
6.98356        2.47324e+28
6.9863        2.47324e+28
6.98904        2.47324e+28
6.99178        2.47324e+28
6.99452        2.47324e+28
6.99726        2.47324e+28
7        2.47324e+28
7.00274        2.47324e+28
7.00548        2.47324e+28
7.00822        2.47324e+28
7.01096        2.47324e+28
7.0137        2.47324e+28
7.01644        2.47324e+28
7.01918        2.47324e+28
7.02192        2.47324e+28
7.02466        2.47324e+28
7.0274        2.47324e+28
7.03014        2.47324e+28
7.03288        2.47324e+28
7.03562        2.47324e+28
7.03836        2.47324e+28
7.0411        2.47324e+28
7.04384        2.47324e+28
7.04658        2.47324e+28
7.04932        2.47324e+28
7.05205        2.47324e+28
7.05479        2.47324e+28
7.05753        2.47324e+28
7.06027        2.47324e+28
7.06301        2.47324e+28
7.06575        2.47324e+28
7.06849        2.47324e+28
7.07123        2.47324e+28
7.07397        2.47324e+28
7.07671        2.47324e+28
7.07945        2.47324e+28
7.08219        2.47324e+28
7.08493        2.47324e+28
7.08767        2.47324e+28
7.09041        2.47324e+28
7.09315        2.47324e+28
7.09589        2.47324e+28
7.09863        2.47324e+28
7.10137        2.47324e+28
7.10411        2.47324e+28
7.10685        2.47324e+28
7.10959        2.47324e+28
7.11233        2.47324e+28
7.11507        2.47324e+28
7.11781        2.47324e+28
7.12055        2.47324e+28
7.12329        2.47324e+28
7.12603        2.47324e+28
7.12877        2.47324e+28
7.13151        2.47324e+28
7.13425        2.47324e+28
7.13699        2.47324e+28
7.13973        2.47324e+28
7.14247        2.47324e+28
7.14521        2.47324e+28
7.14795        2.47324e+28
7.15068        2.47324e+28
7.15342        2.47324e+28
7.15616        2.47324e+28
7.1589        2.47324e+28
7.16164        2.47324e+28
7.16438        2.47324e+28
7.16712        2.47324e+28
7.16986        2.47324e+28
7.1726        2.47324e+28
7.17534        2.47324e+28
7.17808        2.47324e+28
7.18082        2.47324e+28
7.18356        2.47324e+28
7.1863        2.47324e+28
7.18904        2.47324e+28
7.19178        2.47324e+28
7.19452        2.47324e+28
7.19726        2.47324e+28
7.2        2.47324e+28
7.20274        2.47324e+28
7.20548        2.47324e+28
7.20822        2.47324e+28
7.21096        2.47324e+28
7.2137        2.47324e+28
7.21644        2.47324e+28
7.21918        2.47324e+28
7.22192        2.47324e+28
7.22466        2.47324e+28
7.2274        2.47324e+28
7.23014        2.47324e+28
7.23288        2.47324e+28
7.23562        2.47324e+28
7.23836        2.47324e+28
7.2411        2.47324e+28
7.24384        2.47324e+28
7.24658        2.47324e+28
7.24932        2.47324e+28
7.25205        2.47324e+28
7.25479        2.47324e+28
7.25753        2.47324e+28
7.26027        2.47324e+28
7.26301        2.47324e+28
7.26575        2.47324e+28
7.26849        2.47324e+28
7.27123        2.47324e+28
7.27397        2.47324e+28
7.27671        2.47324e+28
7.27945        2.47324e+28
7.28219        2.47324e+28
7.28493        2.47324e+28
7.28767        2.47324e+28
7.29041        2.47324e+28
7.29315        2.47324e+28
7.29589        2.47324e+28
7.29863        2.47324e+28
7.30137        2.47324e+28
7.30411        2.47324e+28
7.30685        2.47324e+28
7.30959        2.47324e+28
7.31233        2.47324e+28
7.31507        2.47324e+28
7.31781        2.47324e+28
7.32055        2.47324e+28
7.32329        2.47324e+28
7.32603        2.47324e+28
7.32877        2.47324e+28
7.33151        2.47324e+28
7.33425        2.47324e+28
7.33699        2.47324e+28
7.33973        2.47324e+28
7.34247        2.47324e+28
7.34521        2.47324e+28
7.34795        2.47324e+28
7.35068        2.47324e+28
7.35342        2.47324e+28
7.35616        2.47324e+28
7.3589        2.47324e+28
7.36164        2.47324e+28
7.36438        2.47324e+28
7.36712        2.47324e+28
7.36986        2.47324e+28
7.3726        2.47324e+28
7.37534        2.47324e+28
7.37808        2.47324e+28
7.38082        2.47324e+28
7.38356        2.47324e+28
7.3863        2.47324e+28
7.38904        2.47324e+28
7.39178        2.47324e+28
7.39452        2.47324e+28
7.39726        2.47324e+28
7.4        2.47324e+28
7.40274        2.47324e+28
7.40548        2.47324e+28
7.40822        2.47324e+28
7.41096        2.47324e+28
7.4137        2.47324e+28
7.41644        2.47324e+28
7.41918        2.47324e+28
7.42192        2.47324e+28
7.42466        2.47324e+28
7.4274        2.47324e+28
7.43014        2.47324e+28
7.43288        2.47324e+28
7.43562        2.47324e+28
7.43836        2.47324e+28
7.4411        2.47324e+28
7.44384        2.47324e+28
7.44658        2.47324e+28
7.44932        2.47324e+28
7.45205        2.47324e+28
7.45479        2.47324e+28
7.45753        2.47324e+28
7.46027        2.47324e+28
7.46301        2.47324e+28
7.46575        2.47324e+28
7.46849        2.47324e+28
7.47123        2.47324e+28
7.47397        2.47324e+28
7.47671        2.47324e+28
7.47945        2.47324e+28
7.48219        2.47324e+28
7.48493        2.47324e+28
7.48767        2.47324e+28
7.49041        2.47324e+28
7.49315        2.47324e+28
7.49589        2.47324e+28
7.49863        2.47324e+28
7.50137        2.47324e+28
7.50411        2.47324e+28
7.50685        2.47324e+28
7.50959        2.47324e+28
7.51233        2.47324e+28
7.51507        2.47324e+28
7.51781        2.47324e+28
7.52055        2.47324e+28
7.52329        2.47324e+28
7.52603        2.47324e+28
7.52877        2.47324e+28
7.53151        2.47324e+28
7.53425        2.47324e+28
7.53699        2.47324e+28
7.53973        2.47324e+28
7.54247        2.47324e+28
7.54521        2.47324e+28
7.54795        2.47324e+28
7.55068        2.47324e+28
7.55342        2.47324e+28
7.55616        2.47324e+28
7.5589        2.47324e+28
7.56164        2.47324e+28
7.56438        2.47324e+28
7.56712        2.47324e+28
7.56986        2.47324e+28
7.5726        2.47324e+28
7.57534        2.47324e+28
7.57808        2.47324e+28
7.58082        2.47324e+28
7.58356        2.47324e+28
7.5863        2.47324e+28
7.58904        2.47324e+28
7.59178        2.47324e+28
7.59452        2.47324e+28
7.59726        2.47324e+28
7.6        2.47324e+28
7.60274        2.47324e+28
7.60548        2.47324e+28
7.60822        2.47324e+28
7.61096        2.47324e+28
7.6137        2.47324e+28
7.61644        2.47324e+28
7.61918        2.47324e+28
7.62192        2.47324e+28
7.62466        2.47324e+28
7.6274        2.47324e+28
7.63014        2.47324e+28
7.63288        2.47324e+28
7.63562        2.47324e+28
7.63836        2.47324e+28
7.6411        2.47324e+28
7.64384        2.47324e+28
7.64658        2.47324e+28
7.64932        2.47324e+28
7.65205        2.47324e+28
7.65479        2.47324e+28
7.65753        2.47324e+28
7.66027        2.47324e+28
7.66301        2.47324e+28
7.66575        2.47324e+28
7.66849        2.47324e+28
7.67123        2.47324e+28
7.67397        2.47324e+28
7.67671        2.47324e+28
7.67945        2.47324e+28
7.68219        2.47324e+28
7.68493        2.47324e+28
7.68767        2.47324e+28
7.69041        2.47324e+28
7.69315        2.47324e+28
7.69589        2.47324e+28
7.69863        2.47324e+28
7.70137        2.47324e+28
7.70411        2.47324e+28
7.70685        2.47324e+28
7.70959        2.47324e+28
7.71233        2.47324e+28
7.71507        2.47324e+28
7.71781        2.47324e+28
7.72055        2.47324e+28
7.72329        2.47324e+28
7.72603        2.47324e+28
7.72877        2.47324e+28
7.73151        2.47324e+28
7.73425        2.47324e+28
7.73699        2.47324e+28
7.73973        2.47324e+28
7.74247        2.47324e+28
7.74521        2.47324e+28
7.74795        2.47324e+28
7.75068        2.47324e+28
7.75342        2.47324e+28
7.75616        2.47324e+28
7.7589        2.47324e+28
7.76164        2.47324e+28
7.76438        2.47324e+28
7.76712        2.47324e+28
7.76986        2.47324e+28
7.7726        2.47324e+28
7.77534        2.47324e+28
7.77808        2.47324e+28
7.78082        2.47324e+28
7.78356        2.47324e+28
7.7863        2.47324e+28
7.78904        2.47324e+28
7.79178        2.47324e+28
7.79452        2.47324e+28
7.79726        2.47324e+28
7.8        2.47324e+28
7.80274        2.47324e+28
7.80548        2.47324e+28
7.80822        2.47324e+28
7.81096        2.47324e+28
7.8137        2.47324e+28
7.81644        2.47324e+28
7.81918        2.47324e+28
7.82192        2.47324e+28
7.82466        2.47324e+28
7.8274        2.47324e+28
7.83014        2.47324e+28
7.83288        2.47324e+28
7.83562        2.47324e+28
7.83836        2.47324e+28
7.8411        2.47324e+28
7.84384        2.47324e+28
7.84658        2.47324e+28
7.84932        2.47324e+28
7.85205        2.47324e+28
7.85479        2.47324e+28
7.85753        2.47324e+28
7.86027        2.47324e+28
7.86301        2.47324e+28
7.86575        2.47324e+28
7.86849        2.47324e+28
7.87123        2.47324e+28
7.87397        2.47324e+28
7.87671        2.47324e+28
7.87945        2.47324e+28
7.88219        2.47324e+28
7.88493        2.47324e+28
7.88767        2.47324e+28
7.89041        2.47324e+28
7.89315        2.47324e+28
7.89589        2.47324e+28
7.89863        2.47324e+28
7.90137        2.47324e+28
7.90411        2.47324e+28
7.90685        2.47324e+28
7.90959        2.47324e+28
7.91233        2.47324e+28
7.91507        2.47324e+28
7.91781        2.47324e+28
7.92055        2.47324e+28
7.92329        2.47324e+28
7.92603        2.47324e+28
7.92877        2.47324e+28
7.93151        2.47324e+28
7.93425        2.47324e+28
7.93699        2.47324e+28
7.93973        2.47324e+28
7.94247        2.47324e+28
7.94521        2.47324e+28
7.94795        2.47324e+28
7.95068        2.47324e+28
7.95342        2.47324e+28
7.95616        2.47324e+28
7.9589        2.47324e+28
7.96164        2.47324e+28
7.96438        2.47324e+28
7.96712        2.47324e+28
7.96986        2.47324e+28
7.9726        2.47324e+28
7.97534        2.47324e+28
7.97808        2.47324e+28
7.98082        2.47324e+28
7.98356        2.47324e+28
7.9863        2.47324e+28
7.98904        2.47324e+28
7.99178        2.47324e+28
7.99452        2.47324e+28
7.99726        2.47324e+28
