Velocity-Verlet algorithm (2D)
earth (x, y, vx, vy)
Timestep: 30 years

0.830758        0.554645        -3.57651        5.21651        
0.816451        0.575511        -3.64201        5.17068        
0.801621        0.59601        -3.77184        5.07735        
0.786277        0.61613        -3.89928        4.98074        
0.770427        0.635856        -4.02423        4.8809        
0.754083        0.655177        -4.14662        4.7779        
0.737254        0.67408        -4.26637        4.67181        
0.719952        0.692551        -4.38338        4.56268        
0.702187        0.710581        -4.49759        4.4506        
0.683971        0.728156        -4.60892        4.33564        
0.665316        0.745266        -4.7173        4.21786        
0.646233        0.761899        -4.82265        4.09736        
0.626735        0.778045        -4.9249        3.97419        
0.606834        0.793693        -5.02399        3.84846        
0.586543        0.808833        -5.11985        3.72023        
0.565875        0.823455        -5.21241        3.5896        
0.544843        0.837549        -5.30162        3.45665        
0.523462        0.851108        -5.38742        3.32146        
0.501744        0.864121        -5.46974        3.18412        
0.479704        0.876581        -5.54854        3.04474        
0.457356        0.888479        -5.62376        2.90338        
0.434714        0.899808        -5.69536        2.76016        
0.411793        0.91056        -5.76328        2.61516        
0.388608        0.920729        -5.82748        2.46849        
0.365173        0.930308        -5.88792        2.32022        
0.341504        0.939291        -5.94456        2.17048        
0.317617        0.947672        -5.99736        2.01934        
0.293525        0.955446        -6.0463        1.86692        
0.269246        0.962607        -6.09133        1.71332        
0.244795        0.969152        -6.13243        1.55862        
0.220187        0.975076        -6.16957        1.40295        
0.195438        0.980376        -6.20274        1.24639        
0.170565        0.985048        -6.2319        1.08906        
0.145583        0.989088        -6.25704        0.931052        
0.120508        0.992496        -6.27815        0.772475        
0.0953577        0.995268        -6.29522        0.613433        
0.0701467        0.997403        -6.30822        0.45403        
0.0448919        0.9989        -6.31717        0.294372        
0.0196094        0.999758        -6.32205        0.134562        
-0.0056845        0.999977        -6.32286        -0.0252941        
-0.0309735        0.999556        -6.3196        -0.185092        
-0.0562413        0.998496        -6.31228        -0.344726        
-0.0814717        0.996798        -6.30091        -0.504093        
-0.106649        0.994463        -6.28549        -0.663088        
-0.131756        0.991493        -6.26604        -0.821607        
-0.156777        0.987891        -6.24257        -0.979548        
-0.181696        0.983657        -6.2151        -1.13681        
-0.206498        0.978796        -6.18366        -1.29328        
-0.231166        0.973311        -6.14825        -1.44887        
-0.255684        0.967205        -6.10892        -1.60348        
-0.280037        0.960483        -6.06568        -1.757        
-0.304209        0.953149        -6.01858        -1.90933        
-0.328185        0.945208        -5.96763        -2.06038        
-0.35195        0.936666        -5.91289        -2.21005        
-0.375489        0.927528        -5.85438        -2.35825        
-0.398785        0.9178        -5.79216        -2.50487        
-0.421826        0.907489        -5.72625        -2.64983        
-0.444595        0.896601        -5.65671        -2.79303        
-0.46708        0.885145        -5.58359        -2.93438        
-0.489264        0.873126        -5.50694        -3.0738        
-0.511135        0.860554        -5.4268        -3.21118        
-0.532679        0.847437        -5.34324        -3.34646        
-0.553881        0.833783        -5.25631        -3.47953        
-0.574729        0.819601        -5.16607        -3.61032        
-0.59521        0.8049        -5.07258        -3.73875        
-0.61531        0.789691        -4.9759        -3.86473        
-0.635017        0.773982        -4.87611        -3.98819        
-0.654319        0.757785        -4.77326        -4.10905        
-0.673203        0.74111        -4.66743        -4.22723        
-0.691658        0.723967        -4.55869        -4.34267        
-0.709672        0.706368        -4.4471        -4.45529        
-0.727235        0.688325        -4.33275        -4.56502        
-0.744334        0.669848        -4.21571        -4.67179        
-0.76096        0.650951        -4.09605        -4.77554        
-0.777103        0.631644        -3.97386        -4.87621        
-0.792751        0.611941        -3.84921        -4.97374        
-0.807896        0.591854        -3.7222        -5.06806        
-0.822529        0.571396        -3.59289        -5.15912        
-0.83664        0.550581        -3.46138        -5.24687        
-0.85022        0.529421        -3.32775        -5.33125        
-0.863262        0.507931        -3.19209        -5.41222        
-0.875757        0.486124        -3.05449        -5.48972        
-0.887698        0.464013        -2.91503        -5.56372        
-0.899077        0.441614        -2.77381        -5.63416        
-0.909888        0.41894        -2.63091        -5.70101        
-0.920124        0.396006        -2.48643        -5.76423        
-0.929779        0.372826        -2.34046        -5.82378        
-0.938848        0.349416        -2.19309        -5.87963        
-0.947324        0.325789        -2.04443        -5.93175        
-0.955203        0.301962        -1.89455        -5.98011        
-0.962481        0.277948        -1.74356        -6.02469        
-0.969152        0.253764        -1.59156        -6.06545        
-0.975213        0.229425        -1.43863        -6.10238        
-0.980661        0.204945        -1.28488        -6.13546        
-0.985492        0.180341        -1.13041        -6.16467        
-0.989704        0.155628        -0.975298        -6.19        
-0.993295        0.130821        -0.819657        -6.21143        
-0.996261        0.105936        -0.66358        -6.22896        
-0.998603        0.0809894        -0.507165        -6.24258        
-1.00032        0.0559957        -0.35051        -6.25229        
-1.00141        0.0309711        -0.19371        -6.25807        
-1.00187        0.0059311        -0.0368648        -6.25994        
-1.0017        -0.0191085        0.11993        -6.2579        
-1.00091        -0.0441321        0.276576        -6.25194        
-0.99949        -0.069124        0.432978        -6.24208        
-0.997445        -0.0940687        0.589039        -6.22833        
-0.994777        -0.118951        0.744663        -6.21069        
-0.991488        -0.143754        0.899755        -6.18919        
-0.987579        -0.168464        1.05422        -6.16384        
-0.983054        -0.193065        1.20796        -6.13465        
-0.977916        -0.217541        1.36089        -6.10166        
-0.972167        -0.241878        1.5129        -6.06488        
-0.965812        -0.26606        1.66392        -6.02433        
-0.958856        -0.290073        1.81384        -5.98005        
-0.951302        -0.313901        1.96257        -5.93207        
-0.943155        -0.337529        2.11004        -5.88041        
-0.934421        -0.360944        2.25613        -5.82512        
-0.925106        -0.38413        2.40078        -5.76622        
-0.915215        -0.407074        2.54388        -5.70377        
-0.904755        -0.429761        2.68535        -5.63778        
-0.893732        -0.452176        