Velocity-Verlet algorithm (2D)
jupiter (x, y, vx, vy)
Timestep: 30 years

-4.54463        -2.98089        1.47933        -2.17373        
-4.53871        -2.98958        1.48156        -2.17226        
-4.53278        -2.99827        1.48601        -2.16932        
-4.52683        -3.00694        1.49046        -2.16637        
-4.52086        -3.0156        1.4949        -2.16341        
-4.51487        -3.02424        1.49934        -2.16044        
-4.50886        -3.03288        1.50377        -2.15747        
-4.50284        -3.0415        1.50819        -2.15448        
-4.49679        -3.05012        1.51261        -2.15148        
-4.49074        -3.05872        1.51703        -2.14848        
-4.48466        -3.0673        1.52143        -2.14547        
-4.47856        -3.07588        1.52584        -2.14245        
-4.47245        -3.08444        1.53023        -2.13942        
-4.46632        -3.09299        1.53463        -2.13638        
-4.46018        -3.10153        1.53901        -2.13333        
-4.45401        -3.11006        1.54339        -2.13028        
-4.44783        -3.11858        1.54777        -2.12721        
-4.44163        -3.12708        1.55214        -2.12414        
-4.43541        -3.13557        1.5565        -2.12106        
-4.42918        -3.14405        1.56086        -2.11797        
-4.42292        -3.15251        1.56521        -2.11487        
-4.41665        -3.16097        1.56955        -2.11176        
-4.41037        -3.16941        1.57389        -2.10864        
-4.40406        -3.17784        1.57823        -2.10552        
-4.39774        -3.18625        1.58256        -2.10238        
-4.3914        -3.19465        1.58688        -2.09924        
-4.38505        -3.20305        1.5912        -2.09609        
-4.37867        -3.21142        1.59551        -2.09293        
-4.37228        -3.21979        1.59982        -2.08976        
-4.36587        -3.22814        1.60412        -2.08659        
-4.35945        -3.23648        1.60841        -2.0834        
-4.35301        -3.24481        1.6127        -2.08021        
-4.34655        -3.25312        1.61698        -2.07701        
-4.34007        -3.26142        1.62126        -2.0738        
-4.33358        -3.26971        1.62553        -2.07058        
-4.32707        -3.27799        1.62979        -2.06735        
-4.32054        -3.28625        1.63405        -2.06411        
-4.31399        -3.2945        1.6383        -2.06087        
-4.30743        -3.30274        1.64255        -2.05761        
-4.30085        -3.31096        1.64679        -2.05435        
-4.29426        -3.31917        1.65102        -2.05108        
-4.28765        -3.32737        1.65525        -2.0478        
-4.28102        -3.33556        1.65947        -2.04452        
-4.27437        -3.34373        1.66369        -2.04122        
-4.26771        -3.35189        1.6679        -2.03792        
-4.26103        -3.36003        1.6721        -2.03461        
-4.25433        -3.36816        1.6763        -2.03129        
-4.24762        -3.37628        1.68049        -2.02796        
-4.24089        -3.38439        1.68468        -2.02462        
-4.23414        -3.39248        1.68886        -2.02127        
-4.22738        -3.40056        1.69303        -2.01792        
-4.2206        -3.40862        1.6972        -2.01456        
-4.2138        -3.41667        1.70136        -2.01119        
-4.20698        -3.42471        1.70552        -2.00781        
-4.20015        -3.43274        1.70966        -2.00442        
-4.19331        -3.44075        1.71381        -2.00102        
-4.18644        -3.44874        1.71794        -1.99762        
-4.17956        -3.45673        1.72207        -1.99421        
-4.17267        -3.4647        1.7262        -1.99079        
-4.16575        -3.47265        1.73031        -1.98736        
-4.15882        -3.4806        1.73442        -1.98392        
-4.15188        -3.48853        1.73853        -1.98047        
-4.14492        -3.49644        1.74263        -1.97702        
-4.13794        -3.50434        1.74672        -1.97356        
-4.13094        -3.51223        1.7508        -1.97009        
-4.12393        -3.5201        1.75488        -1.96661        
-4.1169        -3.52796        1.75895        -1.96312        
-4.10986        -3.53581        1.76302        -1.95963        
-4.1028        -3.54364        1.76708        -1.95613        
-4.09572        -3.55146        1.77113        -1.95261        
-4.08863        -3.55926        1.77518        -1.94909        
-4.08152        -3.56705        1.77922        -1.94557        
-4.0744        -3.57482        1.78325        -1.94203        
-4.06726        -3.58259        1.78728        -1.93849        
-4.0601        -3.59033        1.7913        -1.93494        
-4.05293        -3.59806        1.79531        -1.93138        
-4.04574        -3.60578        1.79932        -1.92781        
-4.03853        -3.61349        1.80332        -1.92423        
-4.03131        -3.62118        1.80731        -1.92065        
-4.02407        -3.62885        1.8113        -1.91705        
-4.01682        -3.63651        1.81528        -1.91345        
-4.00955        -3.64416        1.81926        -1.90984        
-4.00226        -3.65179        1.82322        -1.90623        
-3.99496        -3.65941        1.82718        -1.9026        
-3.98765        -3.66701        1.83114        -1.89897        
-3.98031        -3.6746        1.83508        -1.89533        
-3.97297        -3.68218        1.83902        -1.89168        
-3.9656        -3.68974        1.84296        -1.88802        
-3.95822        -3.69728        1.84689        -1.88436        
-3.95083        -3.70481        1.85081        -1.88069        
-3.94342        -3.71233        1.85472        -1.87701        
-3.93599        -3.71983        1.85863        -1.87332        
-3.92855        -3.72731        1.86252        -1.86962        
-3.92109        -3.73478        1.86642        -1.86592        
-3.91362        -3.74224        1.8703        -1.8622        
-3.90613        -3.74968        1.87418        -1.85848        
-3.89862        -3.75711        1.87805        -1.85476        
-3.8911        -3.76452        1.88192        -1.85102        
-3.88357        -3.77192        1.88578        -1.84728        
-3.87602        -3.7793        1.88963        -1.84352        
-3.86845        -3.78666        1.89347        -1.83976        
-3.86087        -3.79401        1.89731        -1.836        
-3.85327        -3.80135        1.90114        -1.83222        
-3.84566        -3.80867        1.90497        -1.82844        
-3.83803        -3.81598        1.90878        -1.82465        
-3.83039        -3.82327        1.91259        -1.82085        
-3.82273        -3.83055        1.91639        -1.81704        
-3.81506        -3.83781        1.92019        -1.81323        
-3.80737        -3.84505        1.92398        -1.8094        
-3.79967        -3.85228        1.92776        -1.80557        
-3.79195        -3.8595        1.93153        -1.80174        
-3.78421        -3.8667        1.9353        -1.79789        
-3.77647        -3.87388        1.93906        -1.79404        
-3.7687        -3.88105        1.94281        -1.79018        
-3.76092        -3.8882        1.94656        -1.78631        
-3.75313        -3.89534        1.95029        -1.78243        
-3.74532        -3.90246        1.95403        -1.77855        
-3.7375        -3.90957        1.95775        -1.77466        
-3.72966        -3.91666        1.96147        -1.77076        
-3.72181        -3.92373        1.96517        -1.76685        
-3.71394        -3.93079        1.96888        -1.76294        
