Velocity-Verlet algorithm (2D)
mars (x, y, vx, vy)
Timestep: 30 years

-1.60064        0.451266        -1.17934        -4.48585        
-1.60535        0.433323        -1.15176        -4.49319        
-1.60985        0.415321        -1.09653        -4.50755        
-1.61413        0.397263        -1.04112        -4.52131        
-1.61818        0.37915        -0.985548        -4.53445        
-1.62201        0.360987        -0.929817        -4.54697        
-1.62562        0.342775        -0.873933        -4.55887        
-1.629        0.324516        -0.817901        -4.57015        
-1.63216        0.306214        -0.761725        -4.5808        
-1.6351        0.28787        -0.705413        -4.59084        
-1.6378        0.269487        -0.648968        -4.60024        
-1.64029        0.251068        -0.592397        -4.60902        
-1.64254        0.232615        -0.535705        -4.61716        
-1.64457        0.21413        -0.478898        -4.62468        
-1.64638        0.195617        -0.42198        -4.63156        
-1.64795        0.177078        -0.364959        -4.6378        
-1.64929        0.158515        -0.307839        -4.64341        
-1.65041        0.139931        -0.250626        -4.64838        
-1.6513        0.121328        -0.193325        -4.65271        
-1.65196        0.102709        -0.135943        -4.6564        
-1.65239        0.0840765        -0.0784853        -4.65945        
-1.65259        0.0654333        -0.020957        -4.66185        
-1.65256        0.0467818        0.0366358        -4.6636        
-1.65229        0.0281245        0.0942872        -4.6647        
-1.6518        0.00946417        0.151991        -4.66516        
-1.65108        -0.00919671        0.209743        -4.66496        
-1.65012        -0.0278555        0.267535        -4.66411        
-1.64894        -0.0465096        0.325362        -4.6626        
-1.64752        -0.0651563        0.383218        -4.66044        
-1.64587        -0.0837931        0.441098        -4.65762        
-1.64399        -0.102417        0.498994        -4.65414        
-1.64188        -0.121026        0.556902        -4.65        
-1.63954        -0.139617        0.614814        -4.6452        
-1.63696        -0.158188        0.672725        -4.63974        
-1.63415        -0.176735        0.730629        -4.63361        
-1.63112        -0.195257        0.788519        -4.62681        
-1.62785        -0.21375        0.846388        -4.61935        
-1.62434        -0.232212        0.904231        -4.61122        
-1.62061        -0.250639        0.962041        -4.60242        
-1.61665        -0.269031        1.01981        -4.59294        
-1.61245        -0.287383        1.07754        -4.5828        
-1.60803        -0.305693        1.13521        -4.57198        
-1.60337        -0.323959        1.19282        -4.56048        
-1.59849        -0.342177        1.25037        -4.54831        
-1.59337        -0.360345        1.30785        -4.53546        
-1.58802        -0.378461        1.36524        -4.52193        
-1.58245        -0.396521        1.42256        -4.50772        
-1.57664        -0.414523        1.47977        -4.49283        
-1.57061        -0.432463        1.53689        -4.47726        
-1.56435        -0.450341        1.5939        -4.46101        
-1.55786        -0.468151        1.6508        -4.44407        
-1.55114        -0.485893        1.70758        -4.42645        
-1.5442        -0.503563        1.76423        -4.40814        
-1.53703        -0.521158        1.82075        -4.38914        
-1.52963        -0.538676        1.87712        -4.36946        
-1.52201        -0.556114        1.93334        -4.34909        
-1.51416        -0.573469        1.98941        -4.32803        
-1.50609        -0.590738        2.04531        -4.30628        
-1.4978        -0.607919        2.10104        -4.28385        
-1.48929        -0.625009        2.15659        -4.26072        
-1.48055        -0.642005        2.21195        -4.2369        
-1.47159        -0.658904        2.26712        -4.21239        
-1.46241        -0.675704        2.32208        -4.18719        
-1.45301        -0.692402        2.37683        -4.1613        
-1.4434        -0.708994        2.43137        -4.13471        
-1.43356        -0.725479        2.48568        -4.10743        
-1.42351        -0.741854        2.53975        -4.07946        
-1.41325        -0.758115        2.59358        -4.0508        
-1.40276        -0.77426        2.64716        -4.02144        
-1.39207        -0.790287        2.70048        -3.99139        
-1.38116        -0.806191        2.75354        -3.96065        
-1.37004        -0.821972        2.80631        -3.92921        
-1.35871        -0.837625        2.85881        -3.89709        
-1.34717        -0.853148        2.91101        -3.86427        
-1.33542        -0.868539        2.96291        -3.83076        
-1.32347        -0.883795        3.01449        -3.79656        
-1.31131        -0.898912        3.06576        -3.76167        
-1.29894        -0.913888        3.1167        -3.72609        
-1.28637        -0.92872        3.16731        -3.68983        
-1.2736        -0.943407        3.21756        -3.65287        
-1.26063        -0.957943        3.26746        -3.61523        
-1.24746        -0.972328        3.317        -3.57691        
-1.23409        -0.986559        3.36617        -3.5379        
-1.22053        -1.00063        3.41495        -3.4982        
-1.20678        -1.01454        3.46334        -3.45783        
-1.19283        -1.02829        3.51133        -3.41677        
-1.17868        -1.04188        3.55891        -3.37504        
-1.16435        -1.05529        3.60606        -3.33263        
-1.14984        -1.06854        3.65279        -3.28955        
-1.13513        -1.08161        3.69908        -3.24579        
-1.12024        -1.09451        3.74491        -3.20136        
-1.10517        -1.10722        3.79029        -3.15627        
-1.08992        -1.11976        3.8352        -3.11051        
-1.07449        -1.13211        3.87963        -3.06409        
-1.05888        -1.14427        3.92357        -3.017        
-1.0431        -1.15624        3.96701        -2.96926        
-1.02715        -1.16802        4.00994        -2.92086        
-1.01102        -1.17961        4.05235        -2.87181        
-0.994729        -1.191        4.09423        -2.82212        
-0.978269        -1.20219        4.13557        -2.77178        
-0.961645        -1.21317        4.17636        -2.72079        
-0.944858        -1.22395        4.21659        -2.66917        
-0.927912        -1.23452        4.25624        -2.61692        
-0.910808        -1.24489        4.29531        -2.56404        
-0.89355        -1.25504        4.33379        -2.51053        
-0.876138        -1.26497        4.37167        -2.4564        
-0.858576        -1.27469        4.40893        -2.40165        
-0.840867        -1.28418        4.44557        -2.3463        
-0.823012        -1.29346        4.48157        -2.29033        
-0.805014        -1.30251        4.51692        -2.23377        
-0.786876        -1.31133        4.55162        -2.17661        
-0.768601        -1.31992        4.58564        -2.11886        
-0.750191        -1.32828        4.61899        -2.06053        
-0.731649        -1.3364        4.65165        -2.00162        
-0.712978        -1.34429        4.68361        -1.94213        
-0.69418        -1.35194        4.71485        -1.88208        
-0.675259        -1.35935        4.74537        -1.82147        
-0.656217        -1.36651        4.77516        -1.76031        
-0.637058        -1.37343        4.8042        -1.69861        
-0.617784        -1.3801        4.83249        -1.63636        
-0.598398        -1.38652        4.86001        -1.57359        
