Velocity-Verlet algorithm (2D)
mercury (x, y, vx, vy)
Timestep: 30 years

-0.153726        -0.432651        7.6154        -2.93164        
-0.123264        -0.444377        7.71244        -2.58336        
-0.0920262        -0.453318        7.88171        -1.88297        
-0.0602104        -0.459441        8.00154        -1.1757        
-0.0280139        -0.462723        8.07215        -0.463115        
0.00436678        -0.463146        8.09346        0.253311        
0.0367338        -0.460697        8.06507        0.972094        
0.0688873        -0.455369        7.9863        1.69171        
0.100624        -0.447163        7.85616        2.41051        
0.131737        -0.436085        7.67334        3.12668        
0.162011        -0.42215        7.43622        3.83817        
0.191226        -0.40538        7.14286        4.54257        
0.219154        -0.385809        6.79102        5.23707        
0.245555        -0.363483        6.37815        5.91831        
0.270179        -0.338463        5.90145        6.58229        
0.292766        -0.310825        5.3579        7.22417        
0.313042        -0.280669        4.74436        7.83814        
0.330721        -0.24812        4.05764        8.41722        
0.345503        -0.213332        3.29474        8.95299        
0.357079        -0.176496        2.45309        9.43541        
0.365128        -0.137848        1.53092        9.85257        
0.369326        -0.0976755        0.527738        10.1904        
0.36935        -0.0563248        -0.554938        10.4328        
0.364887        -0.0142133        -1.71275        10.5611        
0.355648        0.0281639        -2.93741        10.5549        
0.341387        0.070226        -4.21546        10.3924        
0.321924        0.111303        -5.52697        10.0517        
0.297172        0.150639        -6.84442        9.5124        
0.267169        0.187403        -8.13207        8.75889        
0.232115        0.22071        -9.34634        7.78314        
0.192398        0.249668        -10.4377        6.58866        
0.148613        0.27342        -11.3544        5.19353        
0.101563        0.291216        -12.0479        3.63208        
0.05223        0.302476        -12.4792        1.95391        
0.00172918        0.306847        -12.6245        0.220043        
-0.0487661        0.304237        -12.479        -1.50352        
-0.0981032        0.294819        -12.0574        -3.15326        
-0.145226        0.279011        -11.3909        -4.67489        
-0.18923        0.25742        -10.5217        -6.02788        
-0.2294        0.230788        -9.4978        -7.18702        
-0.265212        0.199924        -8.36656        -8.1416        
-0.296332        0.165655        -7.17138        -8.89276        
-0.322583        0.128782        -5.94919        -9.45024        
-0.343925        0.0900529        -4.72967        -9.82924        
-0.360421        0.0501478        -3.53547        -10.0477        
-0.372209        0.00967092        -2.38306        -10.1245        
-0.379485        -0.0308486        -1.28373        -10.0779        
-0.382479        -0.0709527        -0.244741        -9.92498        
-0.381443        -0.110248        0.729721        -9.68097        
-0.376641        -0.1484        1.63773        -9.35945        
-0.368341        -0.185124        2.47893        -8.97217        
-0.35681        -0.220178        3.25405        -8.52918        
-0.342309        -0.253357        3.96449        -8.03908        
-0.325094        -0.28449        4.61204        -7.50912        
-0.305413        -0.31343        5.19869        -6.94544        
-0.283504        -0.340054        5.72645        -6.35321        
-0.259601        -0.364256        6.19728        -5.73677        
-0.233926        -0.385948        6.61297        -5.09981        
-0.206697        -0.405055        6.97515        -4.44543        
-0.178125        -0.421512        7.28522        -3.77629        
-0.148415        -0.435265        7.5443        -3.09468        
-0.117771        -0.446269        7.75329        -2.40257        
-0.0863891        -0.454485        7.9128        -1.70174        
-0.0544682        -0.459883        8.02314        -0.993798        
-0.022204        -0.462436        8.08436        -0.280262        
0.0102067        -0.462125        8.0962        0.437401        
0.0425656        -0.458937        8.05809        1.15771        
0.0746715        -0.452863        7.96917        1.8791        
0.106319        -0.443904        7.82827        2.59988        
0.137298        -0.432064        7.63387        3.31815        
0.16739        -0.417359        7.38416        4.03175        
0.196371        -0.39981        7.07699        4.73811        
0.224006        -0.379454        6.70993        5.43424        
0.25005        -0.356336        6.28021        6.11653        
0.274248        -0.330522        5.78484        6.78065        
0.296329        -0.302091        5.22061        7.42138        
0.316012        -0.27115        4.58421        8.03243        
0.333003        -0.237832        3.87237        8.60621        
0.346991        -0.202301        3.08208        9.13362        
0.357659        -0.164763        2.21085        9.60378        
0.364678        -0.125471        1.25723        10.0038        
0.367717        -0.0847325        0.221287        10.3186        
0.366449        -0.042922        -0.894556        10.5307        
0.360561        -0.000486865        -2.08457        10.6206        
0.349772        0.0420426        -3.33856        10.5667        
0.333852        0.084047        -4.64054        10.3468        
0.312648        0.124817        -5.96744        9.93882        
0.286113        0.163558        -7.28816        9.32381        
0.254342        0.199407        -8.56328        8.4885        
0.217606        0.231466        -9.74606        7.42908        
0.176374        0.25884        -10.7851        6.15478        
0.131325        0.280704        -11.629        4.69046        
0.0833419        0.296364        -12.2321        3.07725        
0.0334683        0.305322        -12.5612        1.3703        
-0.0171474        0.307326        -12.5999        -0.366373        
-0.0673312        0.302391        -12.352        -2.06695        
-0.115963        0.29079        -11.8392        -3.67122        
-0.162045        0.273021        -11.098        -5.13043        
-0.204747        0.249747        -10.1735        -6.41054        
-0.243433        0.221737        -9.11356        -7.49266        
-0.277656        0.189806        -7.96387        -8.37126        
-0.307144        0.154767        -6.76501        -9.05127        
-0.331776        0.117395        -5.55066        -9.54477        
-0.35155        0.0784084        -4.34736        -9.86805        
-0.366555        0.038451        -3.17499        -10.0393        
-0.376949        -0.00190594        -2.04776        -10.0769        
-0.382937        -0.0421642        -0.975224        -9.99844        
-0.384751        -0.0818934        0.0366303        -9.82001        
-0.382644        -0.120724        0.984516        -9.55603        
-0.376875        -0.158342        1.86709        -9.21911        
-0.367707        -0.194477        2.68435        -8.82016        
-0.3554        -0.228903        3.4372        -8.36854        
-0.34021        -0.261425        4.1271        -7.87219        
-0.322384        -0.29188        4.75583        -7.33784        
-0.302163        -0.320128        5.32528        -6.77117        
-0.279781        -0.34605        5.83736        -6.17699        
-0.255464        -0.369544        6.29386        -5.55933        
-0.22943        -0.390524        6.69644        -4.92161        
-0.201893        -0.408917        7.04655        -4.26675        
-0.173058        -0.424658        7.34542        -3.59723        
-0.143129        -0.437695        7.59401        -2.9152        
