Velocity-Verlet algorithm (2D)
neptune (x, y, vx, vy)
Timestep: 30 years

28.6229        -8.79115        0.329121        1.103        
28.6242        -8.78674        0.329037        1.10303        
28.6255        -8.78233        0.328868        1.10308        
28.6268        -8.77791        0.328699        1.10313        
28.6281        -8.7735        0.328531        1.10318        
28.6294        -8.76909        0.328362        1.10323        
28.6308        -8.76468        0.328194        1.10328        
28.6321        -8.76026        0.328025        1.10334        
28.6334        -8.75585        0.327856        1.10339        
28.6347        -8.75144        0.327688        1.10344        
28.636        -8.74702        0.327519        1.10349        
28.6373        -8.74261        0.32735        1.10354        
28.6386        -8.73819        0.327182        1.10359        
28.6399        -8.73378        0.327013        1.10365        
28.6412        -8.72936        0.326845        1.1037        
28.6425        -8.72495        0.326676        1.10375        
28.6438        -8.72053        0.326507        1.1038        
28.6452        -8.71612        0.326338        1.10385        
28.6465        -8.7117        0.32617        1.1039        
28.6478        -8.70729        0.326001        1.10395        
28.6491        -8.70287        0.325832        1.10401        
28.6504        -8.69846        0.325664        1.10406        
28.6517        -8.69404        0.325495        1.10411        
28.653        -8.68962        0.325326        1.10416        
28.6543        -8.68521        0.325157        1.10421        
28.6556        -8.68079        0.324989        1.10426        
28.6569        -8.67637        0.32482        1.10431        
28.6582        -8.67196        0.324651        1.10436        
28.6595        -8.66754        0.324482        1.10441        
28.6608        -8.66312        0.324313        1.10447        
28.6621        -8.6587        0.324145        1.10452        
28.6634        -8.65428        0.323976        1.10457        
28.6647        -8.64987        0.323807        1.10462        
28.666        -8.64545        0.323638        1.10467        
28.6672        -8.64103        0.323469        1.10472        
28.6685        -8.63661        0.323301        1.10477        
28.6698        -8.63219        0.323132        1.10482        
28.6711        -8.62777        0.322963        1.10487        
28.6724        -8.62335        0.322794        1.10492        
28.6737        -8.61893        0.322625        1.10497        
28.675        -8.61451        0.322456        1.10503        
28.6763        -8.61009        0.322287        1.10508        
28.6776        -8.60567        0.322118        1.10513        
28.6789        -8.60125        0.321949        1.10518        
28.6802        -8.59683        0.321781        1.10523        
28.6814        -8.59241        0.321612        1.10528        
28.6827        -8.58799        0.321443        1.10533        
28.684        -8.58357        0.321274        1.10538        
28.6853        -8.57914        0.321105        1.10543        
28.6866        -8.57472        0.320936        1.10548        
28.6879        -8.5703        0.320767        1.10553        
28.6891        -8.56588        0.320598        1.10558        
28.6904        -8.56146        0.320429        1.10563        
28.6917        -8.55703        0.32026        1.10568        
28.693        -8.55261        0.320091        1.10573        
28.6943        -8.54819        0.319922        1.10578        
28.6955        -8.54376        0.319753        1.10583        
28.6968        -8.53934        0.319584        1.10588        
28.6981        -8.53492        0.319415        1.10593        
28.6994        -8.53049        0.319246        1.10599        
28.7007        -8.52607        0.319077        1.10604        
28.7019        -8.52164        0.318908        1.10609        
28.7032        -8.51722        0.318739        1.10614        
28.7045        -8.5128        0.31857        1.10619        
28.7058        -8.50837        0.318401        1.10624        
28.707        -8.50395        0.318231        1.10629        
28.7083        -8.49952        0.318062        1.10634        
28.7096        -8.49509        0.317893        1.10639        
28.7108        -8.49067        0.317724        1.10644        
28.7121        -8.48624        0.317555        1.10649        
28.7134        -8.48182        0.317386        1.10654        
28.7147        -8.47739        0.317217        1.10659        
28.7159        -8.47296        0.317048        1.10664        
28.7172        -8.46854        0.316878        1.10669        
28.7185        -8.46411        0.316709        1.10674        
28.7197        -8.45968        0.31654        1.10679        
28.721        -8.45526        0.316371        1.10684        
28.7223        -8.45083        0.316202        1.10689        
28.7235        -8.4464        0.316033        1.10694        
28.7248        -8.44197        0.315863        1.10699        
28.726        -8.43755        0.315694        1.10703        
28.7273        -8.43312        0.315525        1.10708        
28.7286        -8.42869        0.315356        1.10713        
28.7298        -8.42426        0.315186        1.10718        
28.7311        -8.41983        0.315017        1.10723        
28.7324        -8.4154        0.314848        1.10728        
28.7336        -8.41097        0.314679        1.10733        
28.7349        -8.40654        0.314509        1.10738        
28.7361        -8.40211        0.31434        1.10743        
28.7374        -8.39768        0.314171        1.10748        
28.7386        -8.39325        0.314002        1.10753        
28.7399        -8.38882        0.313832        1.10758        
28.7412        -8.38439        0.313663        1.10763        
28.7424        -8.37996        0.313494        1.10768        
28.7437        -8.37553        0.313324        1.10773        
28.7449        -8.3711        0.313155        1.10778        
28.7462        -8.36667        0.312986        1.10783        
28.7474        -8.36224        0.312816        1.10788        
28.7487        -8.35781        0.312647        1.10793        
28.7499        -8.35338        0.312478        1.10797        
28.7512        -8.34894        0.312308        1.10802        
28.7524        -8.34451        0.312139        1.10807        
28.7537        -8.34008        0.31197        1.10812        
28.7549        -8.33565        0.3118        1.10817        
28.7562        -8.33121        0.311631        1.10822        
28.7574        -8.32678        0.311461        1.10827        
28.7587        -8.32235        0.311292        1.10832        
28.7599        -8.31791        0.311122        1.10837        
28.7611        -8.31348        0.310953        1.10842        
28.7624        -8.30905        0.310784        1.10847        
28.7636        -8.30461        0.310614        1.10851        
28.7649        -8.30018        0.310445        1.10856        
28.7661        -8.29574        0.310275        1.10861        
28.7674        -8.29131        0.310106        1.10866        
28.7686        -8.28687        0.309936        1.10871        
28.7698        -8.28244        0.309767        1.10876        
28.7711        -8.278        0.309597        1.10881        
28.7723        -8.27357        0.309428        1.10886        
28.7735        -8.26913        0.309258        1.10891        
28.7748        -8.2647        0.309089        1.10895        
28.776        -8.26026        0.308919        1.109        
