Velocity-Verlet algorithm (2D)
saturn (x, y, vx, vy)
Timestep: 30 years

-0.300037        -10.0512        1.92479        -0.0671247        
-0.292337        -10.0515        1.92481        -0.0663432        
-0.284638        -10.0517        1.92486        -0.0647821        
-0.276939        -10.052        1.9249        -0.063221        
-0.269239        -10.0523        1.92494        -0.0616598        
-0.261539        -10.0525        1.92498        -0.0600986        
-0.253839        -10.0527        1.92502        -0.0585374        
-0.246139        -10.053        1.92506        -0.0569762        
-0.238439        -10.0532        1.92509        -0.055415        
-0.230738        -10.0534        1.92513        -0.0538537        
-0.223038        -10.0536        1.92516        -0.0522925        
-0.215337        -10.0538        1.9252        -0.0507312        
-0.207636        -10.054        1.92523        -0.0491699        
-0.199935        -10.0542        1.92526        -0.0476086        
-0.192234        -10.0544        1.92529        -0.0460473        
-0.184533        -10.0546        1.92532        -0.0444859        
-0.176831        -10.0548        1.92534        -0.0429246        
-0.16913        -10.0549        1.92537        -0.0413632        
-0.161428        -10.0551        1.9254        -0.0398019        
-0.153727        -10.0552        1.92542        -0.0382405        
-0.146025        -10.0554        1.92544        -0.0366791        
-0.138323        -10.0555        1.92546        -0.0351177        
-0.130621        -10.0557        1.92548        -0.0335563        
-0.122919        -10.0558        1.9255        -0.0319949        
-0.115217        -10.0559        1.92552        -0.0304335        
-0.107515        -10.0561        1.92554        -0.0288721        
-0.099813        -10.0562        1.92555        -0.0273107        
-0.0921108        -10.0563        1.92556        -0.0257493        
-0.0844085        -10.0564        1.92558        -0.0241879        
-0.0767062        -10.0565        1.92559        -0.0226265        
-0.0690038        -10.0566        1.9256        -0.0210651        
-0.0613014        -10.0566        1.92561        -0.0195037        
-0.0535989        -10.0567        1.92562        -0.0179422        
-0.0458964        -10.0568        1.92562        -0.0163808        
-0.0381939        -10.0568        1.92563        -0.0148194        
-0.0304914        -10.0569        1.92563        -0.013258        
-0.0227889        -10.0569        1.92564        -0.0116966        
-0.0150863        -10.057        1.92564        -0.0101352        
-0.00738377        -10.057        1.92564        -0.00857386        
0.000318791        -10.0571        1.92564        -0.00701248        
0.00802134        -10.0571        1.92564        -0.00545112        
0.0157239        -10.0571        1.92563        -0.00388976        
0.0234264        -10.0571        1.92563        -0.00232841        
0.0311289        -10.0571        1.92563        -0.000767071        
0.0388314        -10.0571        1.92562        0.000794256        
0.0465339        -10.0571        1.92561        0.00235557        
0.0542363        -10.0571        1.9256        0.00391687        
0.0619387        -10.0571        1.92559        0.00547816        
0.0696411        -10.0571        1.92558        0.00703943        
0.0773434        -10.057        1.92557        0.00860069        
0.0850456        -10.057        1.92556        0.0101619        
0.0927478        -10.0569        1.92554        0.0117232        
0.10045        -10.0569        1.92552        0.0132844        
0.108152        -10.0568        1.92551        0.0148456        
0.115854        -10.0568        1.92549        0.0164067        
0.123556        -10.0567        1.92547        0.0179679        
0.131258        -10.0566        1.92545        0.019529        
0.13896        -10.0566        1.92543        0.0210901        
0.146661        -10.0565        1.9254        0.0226512        
0.154363        -10.0564        1.92538        0.0242122        
0.162064        -10.0563        1.92535        0.0257733        
0.169766        -10.0562        1.92533        0.0273343        
0.177467        -10.0561        1.9253        0.0288953        
0.185168        -10.0559        1.92527        0.0304562        
0.192869        -10.0558        1.92524        0.0320172        
0.20057        -10.0557        1.92521        0.0335781        
0.208271        -10.0555        1.92518        0.0351389        
0.215971        -10.0554        1.92514        0.0366998        
0.223672        -10.0552        1.92511        0.0382606        
0.231372        -10.0551        1.92507        0.0398214        
0.239072        -10.0549        1.92503        0.0413821        
0.246772        -10.0548        1.92499        0.0429428        
0.254472        -10.0546        1.92495        0.0445035        
0.262172        -10.0544        1.92491        0.0460642        
0.269872        -10.0542        1.92487        0.0476248        
0.277571        -10.054        1.92483        0.0491854        
0.28527        -10.0538        1.92478        0.0507459        
0.292969        -10.0536        1.92474        0.0523064        
0.300668        -10.0534        1.92469        0.0538669        
0.308367        -10.0532        1.92464        0.0554273        
0.316065        -10.053        1.92459        0.0569877        
0.323764        -10.0527        1.92454        0.058548        
0.331462        -10.0525        1.92449        0.0601083        
0.339159        -10.0522        1.92444        0.0616686        
0.346857        -10.052        1.92438        0.0632288        
0.354554        -10.0517        1.92433        0.064789        
0.362252        -10.0515        1.92427        0.0663491        
0.369949        -10.0512        1.92421        0.0679092        
0.377645        -10.0509        1.92415        0.0694692        
0.385342        -10.0507        1.92409        0.0710292        
0.393038        -10.0504        1.92403        0.0725891        
0.400734        -10.0501        1.92397        0.074149        
0.40843        -10.0498        1.9239        0.0757089        
0.416125        -10.0495        1.92384        0.0772686        
0.423821        -10.0492        1.92377        0.0788284        
0.431516        -10.0488        1.92371        0.0803881        
0.43921        -10.0485        1.92364        0.0819477        
0.446905        -10.0482        1.92357        0.0835073        
0.454599        -10.0478        1.9235        0.0850668        
0.462293        -10.0475        1.92342        0.0866263        
0.469986        -10.0472        1.92335        0.0881857        
0.477679        -10.0468        1.92328        0.089745        
0.485372        -10.0464        1.9232        0.0913043        
0.493065        -10.0461        1.92312        0.0928636        
0.500757        -10.0457        1.92304        0.0944228        
0.508449        -10.0453        1.92297        0.0959819        
0.516141        -10.0449        1.92288        0.0975409        
0.523832        -10.0445        1.9228        0.0990999        
0.531523        -10.0441        1.92272        0.100659        
0.539214        -10.0437        1.92264        0.102218        
0.546905        -10.0433        1.92255        0.103777        
0.554595        -10.0429        1.92246        0.105335        
0.562284        -10.0425        1.92238        0.106894        
0.569974        -10.042        1.92229        0.108453        
0.577663        -10.0416        1.9222        0.110011        
0.585351        -10.0412        1.92211        0.11157        
0.593039        -10.0407        1.92201        0.113128        
0.600727        -10.0403        1.92192        0.114686        
0.608415        -10.0398        1.92182        0.116245        
0.616102        -10.0393        1.92173        0.117803        
0.623789        -10.0389        1.92163        0.119361        
0.631475        -10.0384        1.92153        0.120919        
0.639161        -10.0379        1.92143        0.122477        
0.646846        -10.0374        1.92133        0.124035        
0.654532        -10.0369        1.92123        0.125593        
0.662216        -10.0364        1.92113        0.12715        
0.669901        -10.0359        1.92102        0.128708        
0.677584        -10.0354        