Velocity-Verlet algorithm (2D)
sun (x, y, vx, vy)
Timestep: 30 years

0.00217112        0.00578452        -0.00139464        0.0020494        
0.00216554        0.00579272        -0.0013989        0.00204639        
0.00215993        0.0058009        -0.00140352        0.00204343        
0.00215431        0.00580906        -0.00140813        0.00204043        
0.00214867        0.00581722        -0.00141274        0.00203741        
0.00214301        0.00582536        -0.00141734        0.00203435        
0.00213733        0.00583349        -0.00142194        0.00203126        
0.00213163        0.00584161        -0.00142653        0.00202814        
0.00212592        0.00584972        -0.00143111        0.00202499        
0.00212018        0.00585781        -0.00143568        0.00202182        
0.00211443        0.00586589        -0.00144024        0.00201861        
0.00210866        0.00587396        -0.00144478        0.00201537        
0.00210287        0.00588202        -0.00144931        0.00201211        
0.00209707        0.00589006        -0.00145382        0.00200882        
0.00209124        0.00589809        -0.00145831        0.0020055        
0.0020854        0.0059061        -0.00146279        0.00200215        
0.00207954        0.0059141        -0.00146725        0.00199878        
0.00207366        0.00592209        -0.00147168        0.00199539        
0.00206777        0.00593007        -0.00147609        0.00199198        
0.00206185        0.00593803        -0.00148047        0.00198855        
0.00205592        0.00594598        -0.00148483        0.0019851        
0.00204997        0.00595391        -0.00148916        0.00198164        
0.00204401        0.00596183        -0.00149347        0.00197816        
0.00203803        0.00596973        -0.00149774        0.00197468        
0.00203203        0.00597763        -0.00150199        0.0019712        
0.00202601        0.0059855        -0.00150622        0.00196772        
0.00201998        0.00599337        -0.00151042        0.00196424        
0.00201393        0.00600122        -0.0015146        0.00196077        
0.00200786        0.00600905        -0.00151877        0.00195732        
0.00200178        0.00601688        -0.00152293        0.00195388        
0.00199568        0.00602469        -0.00152709        0.00195046        
0.00198956        0.00603248        -0.00153126        0.00194705        
0.00198343        0.00604026        -0.00153545        0.00194365        
0.00197728        0.00604803        -0.00153966        0.00194024        
0.00197111        0.00605578        -0.00154389        0.00193683        
0.00196493        0.00606352        -0.00154815        0.0019334        
0.00195872        0.00607125        -0.00155243        0.00192994        
0.00195251        0.00607896        -0.00155673        0.00192645        
0.00194627        0.00608666        -0.00156104        0.00192291        
0.00194002        0.00609435        -0.00156536        0.00191933        
0.00193375        0.00610202        -0.00156966        0.0019157        
0.00192746        0.00610967        -0.00157396        0.00191203        
0.00192116        0.00611731        -0.00157823        0.00190831        
0.00191483        0.00612494        -0.00158248        0.00190456        
0.0019085        0.00613255        -0.0015867        0.00190077        
0.00190214        0.00614015        -0.00159089        0.00189695        
0.00189577        0.00614773        -0.00159505        0.0018931        
0.00188938        0.00615529        -0.00159917        0.00188922        
0.00188298        0.00616284        -0.00160326        0.00188533        
0.00187655        0.00617037        -0.00160732        0.00188142        
0.00187012        0.00617789        -0.00161134        0.00187749        
0.00186366        0.00618539        -0.00161533        0.00187355        
0.00185719        0.00619288        -0.00161928        0.0018696        
0.00185071        0.00620035        -0.0016232        0.00186565        
0.00184421        0.0062078        -0.00162709        0.00186169        
0.00183769        0.00621524        -0.00163094        0.00185772        
0.00183116        0.00622267        -0.00163477        0.00185375        
0.00182461        0.00623007        -0.00163857        0.00184978        
0.00181805        0.00623746        -0.00164233        0.00184581        
0.00181148        0.00624484        -0.00164607        0.00184185        
0.00180488        0.0062522        -0.00164978        0.00183788        
0.00179828        0.00625954        -0.00165346        0.00183392        
0.00179166        0.00626687        -0.00165712        0.00182996        
0.00178502        0.00627418        -0.00166075        0.001826        
0.00177837        0.00628148        -0.00166436        0.00182205        
0.00177171        0.00628876        -0.00166794        0.00181811        
0.00176503        0.00629602        -0.00167149        0.00181418        
0.00175833        0.00630327        -0.00167503        0.00181025        
0.00175163        0.00631051        -0.00167854        0.00180633        
0.00174491        0.00631772        -0.00168203        0.00180243        
0.00173817        0.00632492        -0.00168549        0.00179853        
0.00173142        0.00633211        -0.00168894        0.00179464        
0.00172466        0.00633928        -0.00169237        0.00179077        
0.00171788        0.00634644        -0.00169577        0.00178691        
0.00171109        0.00635358        -0.00169916        0.00178306        
0.00170429        0.0063607        -0.00170252        0.00177923        
0.00169747        0.00636781        -0.00170587        0.00177542        
0.00169064        0.0063749        -0.00170919        0.00177162        
0.0016838        0.00638198        -0.0017125        0.00176784        
0.00167694        0.00638905        -0.00171579        0.00176408        
0.00167007        0.0063961        -0.00171907        0.00176035        
0.00166319        0.00640313        -0.00172232        0.00175664        
0.00165629        0.00641015        -0.00172556        0.00175297        
0.00164939        0.00641715        -0.00172879        0.00174932        
0.00164246        0.00642414        -0.00173201        0.00174571        
0.00163553        0.00643112        -0.00173522        0.00174213        
0.00162858        0.00643808        -0.00173843        0.0017386        
0.00162162        0.00644503        -0.00174164        0.00173512        
0.00161465        0.00645196        -0.00174486        0.00173168        
0.00160766        0.00645888        -0.00174811        0.00172829        
0.00160066        0.00646579        -0.00175138        0.00172494        
0.00159365        0.00647268        -0.00175469        0.00172164        
0.00158663        0.00647956        -0.00175805        0.00171836        
0.00157959        0.00648643        -0.00176146        0.00171512        
0.00157253        0.00649328        -0.00176493        0.00171188        
0.00156547        0.00650012        -0.00176845        0.00170865        
0.00155839        0.00650695        -0.00177203        0.0017054        
0.00155129        0.00651377        -0.00177566        0.00170214        
0.00154418        0.00652057        -0.00177933        0.00169886        
0.00153706        0.00652736        -0.00178304        0.00169555        
0.00152992        0.00653413        -0.00178677        0.0016922        
0.00152276        0.0065409        -0.00179053        0.00168883        
0.00151559        0.00654764        -0.0017943        0.00168543        
0.00150841        0.00655438        -0.00179809        0.001682        
0.00150121        0.0065611        -0.00180188        0.00167855        
0.00149399        0.00656781        -0.00180569        0.00167507        
0.00148676        0.0065745        -0.0018095        0.00167157        
0.00147952        0.00658118        -0.00181332        0.00166806        
0.00147226        0.00658784        -0.00181715        0.00166452        
0.00146498        0.0065945        -0.00182099        0.00166097        
0.00145769        0.00660113        -0.00182483        0.00165741        
0.00145038        0.00660776        -0.00182868        0.00165383        
0.00144306        0.00661436        -0.00183254        0.00165023        
0.00143572        0.00662096        -0.00183641        0.00164662        
0.00142837        0.00662754        -0.00184028        0.00164299        
0.001421        0.0066341        -0.00184417        0.00163935        
0.00141361        0.00664065        -0.00184807        0.00163569        
0.00140621        0.00664719        -0.00185197        0.00163201        
0.0013988        0.00665371        -0.00185589        0.00162832        
0.00139137        0.00666021        -0.00185981        0.0016246        
0.00138392        0.0066667        -0.00186375        0.00162087        
0.00137646        0.00667318        -0.0018677        0.00161712        
0.00136898        0.00667964        -0.00187166        0.00161335        
0.00136148        0.00668609        -0.00187562        0.00160955        
0.00135397        0.00669252        -0.0018796        0.00160574        
0.00134645        0.00669893        -0.00188358        0.0016019        
0.00133891        0.00670533        -0.00188757        0.00159803        
0.00133135        0.00671172        -0.00189157        0.00159414        
0.00132377        0.00671809        