0        0.00745646
0.004        0.00745631
0.008        0.00745633
0.012        0.00745652
0.016        0.00745689
0.02        0.00745743
0.024        0.00745815
0.028        0.00745906
0.032        0.00746015
0.036        0.00746145
0.04        0.00746296
0.044        0.00746469
0.048        0.00746667
0.052        0.00746889
0.056        0.0074714
0.06        0.0074742
0.064        0.00747731
0.068        0.00748077
0.072        0.00748459
0.076        0.0074888
0.08        0.00749341
0.084        0.00749842
0.088        0.00750383
0.092        0.00750961
0.096        0.00751571
0.1        0.00752204
0.104        0.00752844
0.108        0.00753474
0.112        0.00754068
0.116        0.00754598
0.12        0.00755033
0.124        0.00755344
0.128        0.00755511
0.132        0.0075552
0.136        0.00755374
0.14        0.00755086
0.144        0.00754679
0.148        0.00754183
0.152        0.00753628
0.156        0.00753042
0.16        0.00752449
0.164        0.00751868
0.168        0.00751312
0.172        0.00750789
0.176        0.00750304
0.18        0.00749861
0.184        0.00749459
0.188        0.00749097
0.192        0.00748774
0.196        0.00748488
0.2        0.00748237
0.204        0.00748018
0.208        0.0074783
0.212        0.00747669
0.216        0.00747535
0.22        0.00747426
0.224        0.00747341
0.228        0.00747277
0.232        0.00747234
0.236        0.00747212
0.24        0.0074721
0.244        0.00747226
0.248        0.00747262
0.252        0.00747316
0.256        0.0074739
0.26        0.00747482
0.264        0.00747594
0.268        0.00747725
0.272        0.00747878
0.276        0.00748052
0.28        0.0074825
0.284        0.00748471
0.288        0.00748718
0.292        0.00748993
0.296        0.00749297
0.3        0.00749633
0.304        0.00750003
0.308        0.00750408
0.312        0.00750852
0.316        0.00751336
0.32        0.00751861
0.324        0.00752427
0.328        0.00753032
0.332        0.00753673
0.336        0.00754342
0.34        0.00755027
0.344        0.00755713
0.348        0.00756376
0.352        0.0075699
0.356        0.00757525
0.36        0.00757951
0.364        0.00758242
0.368        0.0075838
0.372        0.0075836
0.376        0.0075819
0.38        0.00757888
0.384        0.0075748
0.388        0.00756998
0.392        0.00756471
0.396        0.00755925
0.4        0.0075538
0.404        0.00754854
0.408        0.00754357
0.412        0.00753895
0.416        0.00753473
0.42        0.00753091
0.424        0.00752749
0.428        0.00752446
0.432        0.0075218
0.436        0.00751948
0.44        0.0075175
0.444        0.00751581
0.448        0.00751441
0.452        0.00751327
0.456        0.00751238
0.46        0.00751171
0.464        0.00751126
0.468        0.00751101
0.472        0.00751096
0.476        0.00751109
0.48        0.0075114
0.484        0.00751189
0.488        0.00751256
0.492        0.0075134
0.496        0.00751441
0.5        0.00751561
0.504        0.00751698
0.508        0.00751855
0.512        0.00752032
0.516        0.00752229
0.52        0.00752449
0.524        0.00752692
0.528        0.00752961
0.532        0.00753256
0.536        0.00753581
0.54        0.00753938
0.544        0.00754327
0.548        0.00754753
0.552        0.00755217
0.556        0.0075572
0.56        0.00756263
0.564        0.00756845
0.568        0.00757465
0.572        0.00758115
0.576        0.00758788
0.58        0.00759469
0.584        0.00760139
0.588        0.00760773
0.592        0.00761343
0.596        0.00761819
0.6        0.00762171
0.604        0.00762378
0.608        0.00762428
0.612        0.0076232
0.616        0.0076207
0.62        0.00761699
0.624        0.00761238
0.628        0.00760716
0.632        0.00760162
0.636        0.007596
0.64        0.00759048
0.644        0.0075852
0.648        0.00758025
0.652        0.00757567
0.656        0.0075715
0.66        0.00756773
0.664        0.00756436
0.668        0.00756138
0.672        0.00755876
0.676        0.00755648
0.68        0.00755451
0.684        0.00755285
0.688        0.00755147
0.692        0.00755034
0.696        0.00754946
0.7        0.00754881
0.704        0.00754838
0.708        0.00754815
0.712        0.00754812
0.716        0.00754829
0.72        0.00754865
0.724        0.00754919
0.728        0.00754992
0.732        0.00755083
0.736        0.00755193
0.74        0.00755323
0.744        0.00755472
0.748        0.00755642
0.752        0.00755834
0.756        0.00756049
0.76        0.00756287
0.764        0.00756552
0.768        0.00756844
0.772        0.00757165
0.776        0.00757518
0.78        0.00757905
0.784        0.00758328
0.788        0.00758789
0.792        0.00759291
0.796        0.00759833
0.8        0.00760418
0.804        0.00761041
0.808        0.00761701
0.812        0.0076239
0.816        0.00763096
0.82        0.00763802
0.824        0.00764488
0.828        0.00765126
0.832        0.00765686
0.836        0.00766139
0.84        0.00766458
0.844        0.00766625
0.848        0.00766634
0.852        0.00766493
0.856        0.0076622
0.86        0.00765841
0.864        0.00765388
0.868        0.00764889
0.872        0.00764371
0.876        0.00763855
0.88        0.00763358
0.884        0.0076289
0.888        0.00762458
0.892        0.00762065
0.896        0.00761714
0.9        0.00761404
0.904        0.00761134
0.908        0.00760901
0.912        0.00760704
0.916        0.0076054
0.92        0.00760408
0.924        0.00760304
0.928        0.00760227
0.932        0.00760175
0.936        0.00760147
0.94        0.00760141
0.944        0.00760156
0.948        0.00760191
0.952        0.00760246
0.956        0.00760319
0.96        0.00760411
0.964        0.0076052
0.968        0.00760647
0.972        0.00760793
0.976        0.00760956
0.98        0.00761139
0.984        0.00761341
0.988        0.00761563
0.992        0.00761806
0.996        0.00762072
1        0.00762361
1.004        0.00762676
1.008        0.00763018
1.012        0.0076339
1.016        0.00763792
1.02        0.00764229
1.024        0.00764701
1.028        0.00765211
1.032        0.00765761
1.036        0.0076635
1.04        0.00766978
1.044        0.00767644
1.048        0.0076834
1.052        0.00769059
1.056        0.00769786
1.06        0.00770502
1.064        0.00771183
1.068        0.007718
1.072        0.00772323
1.076        0.00772723
1.08        0.00772977
1.084        0.00773073
1.088        0.00773012
1.092        0.00772806
1.096        0.00772478
1.1        0.00772058
1.104        0.00771575
1.108        0.00771058
1.112        0.00770532
1.116        0.00770014
1.12        0.00769519
1.124        0.00769055
1.128        0.00768628
1.132        0.0076824
1.136        0.00767891
1.14        0.00767581
1.144        0.00767308
1.148        0.0076707
1.152        0.00766865
1.156        0.0076669
1.16        0.00766544
1.164        0.00766425
1.168        0.0076633
1.172        0.00766258
1.176        0.00766208
1.18        0.00766178
1.184        0.00766167
1.188        0.00766175
1.192        0.00766201
1.196        0.00766245
1.2        0.00766305
1.204        0.00766383
1.208        0.00766477
1.212        0.0076659
1.216        0.0076672
1.22        0.00766868
1.224        0.00767036
1.228        0.00767224
1.232        0.00767433
1.236        0.00767665
1.24        0.00767921
1.244        0.00768204
1.248        0.00768515
1.252        0.00768856
1.256        0.00769229
1.26        0.00769638
1.264        0.00770083
1.268        0.00770568
1.272        0.00771092
1.276        0.00771657
1.28        0.00772261
1.284        0.007729
1.288        0.00773567
1.292        0.00774251
1.296        0.00774936
1.3        0.00775599
1.304        0.00776215
1.308        0.00776753
1.312        0.00777184
1.316        0.0077748
1.32        0.00777625
1.324        0.00777612
1.328        0.00777448
1.332        0.0077715
1.336        0.00776746
1.34        0.00776265
1.344        0.00775739
1.348        0.00775192
1.352        0.00774647
1.356        0.00774119
1.36        0.00773621
1.364        0.00773159
1.368        0.00772737
1.372        0.00772356
1.376        0.00772016
1.38        0.00771716
1.384        0.00771454
1.388        0.00771228
1.392        0.00771036
1.396        0.00770876
1.4        0.00770745
1.404        0.00770642
1.408        0.00770564
1.412        0.00770511
1.416        0.00770481
1.42        0.00770473
1.424        0.00770486
1.428        0.00770518
1.432        0.00770571
1.436        0.00770643
1.44        0.00770734
1.444        0.00770844
1.448        0.00770973
1.452        0.00771122
1.456        0.0077129
1.46        0.00771479
1.464        0.0077169
1.468        0.00771923
1.472        0.0077218
1.476        0.00772462
1.48        0.00772771
1.484        0.00773109
1.488        0.00773477
1.492        0.00773878
1.496        0.00774315
1.5        0.00774788
1.504        0.00775301
1.508        0.00775855
1.512        0.00776451
1.516        0.00777087
1.52        0.00777762
1.524        0.0077847
1.528        0.00779203
1.532        0.00779945
1.536        0.00780679
1.54        0.00781381
1.544        0.00782021
1.548        0.0078257
1.552        0.00782998
1.556        0.00783282
1.56        0.00783411
1.564        0.00783383
1.568        0.00783212
1.572        0.0078292
1.576        0.00782536
1.58        0.00782091
1.584        0.00781612
1.588        0.00781125
1.592        0.00780648
1.596        0.00780194
1.6        0.00779773
1.604        0.00779389
1.608        0.00779046
1.612        0.00778744
1.616        0.00778482
1.62        0.00778258
1.624        0.00778071
1.628        0.00777918
1.632        0.00777796
1.636        0.00777705
1.64        0.00777641
1.644        0.00777602
1.648        0.00777588
1.652        0.00777596
1.656        0.00777626
1.66        0.00777675
1.664        0.00777744
1.668        0.00777831
1.672        0.00777937
1.676        0.0077806
1.68        0.007782
1.684        0.00778359
1.688        0.00778535
1.692        0.00778729
1.696        0.00778942
1.7        0.00779174
1.704        0.00779426
1.708        0.007797
1.712        0.00779997
1.716        0.00780318
1.72        0.00780664
1.724        0.00781039
1.728        0.00781444
1.732        0.00781881
1.736        0.00782352
1.74        0.00782861
1.744        0.00783407
1.748        0.00783993
1.752        0.00784619
1.756        0.00785283
1.76        0.00785982
1.764        0.00786709
1.768        0.00787452
1.772        0.00788195
1.776        0.00788917
1.78        0.00789591
1.784        0.00790188
1.788        0.00790677
1.792        0.00791033
1.796        0.00791235
1.8        0.00791279
1.804        0.00791169
1.808        0.00790925
1.812        0.00790573
1.816        0.00790142
1.82        0.00789662
1.824        0.00789161
1.828        0.0078866
1.832        0.00788175
1.836        0.00787717
1.84        0.00787295
1.844        0.0078691
1.848        0.00786566
1.852        0.00786262
1.856        0.00785996
1.86        0.00785767
1.864        0.00785573
1.868        0.00785412
1.872        0.00785281
1.876        0.00785179
1.88        0.00785103
1.884        0.00785052
1.888        0.00785023
1.892        0.00785017
1.896        0.00785031
1.9        0.00785066
1.904        0.00785119
1.908        0.00785191
1.912        0.0078528
1.916        0.00785388
1.92        0.00785514
1.924        0.00785658
1.928        0.00785821
1.932        0.00786002
1.936        0.00786203
1.94        0.00786425
1.944        0.00786668
1.948        0.00786934
1.952        0.00787224
1.956        0.0078754
1.96        0.00787884
1.964        0.00788258
1.968        0.00788664
1.972        0.00789104
1.976        0.00789581
1.98        0.00790096
1.984        0.00790652
1.988        0.00791249
1.992        0.00791886
1.996        0.00792562
2        0.0079327
2.004        0.00794002
2.008        0.00794745
2.012        0.0079548
2.016        0.00796183
2.02        0.00796824
2.024        0.00797375
2.028        0.00797806
2.032        0.00798094
2.036        0.00798226
2.04        0.00798201
2.044        0.00798032
2.048        0.00797742
2.052        0.00797359
2.056        0.00796914
2.06        0.00796435
2.064        0.00795946
2.068        0.00795467
2.072        0.00795012
2.076        0.00794589
2.08        0.00794204
2.084        0.0079386
2.088        0.00793557
2.092        0.00793294
2.096        0.00793071
2.1        0.00792884
2.104        0.00792731
2.108        0.00792612
2.112        0.00792522
2.116        0.0079246
2.12        0.00792425
2.124        0.00792414
2.128        0.00792427
2.132        0.00792461
2.136        0.00792516
2.14        0.00792591
2.144        0.00792685
2.148        0.00792797
2.152        0.00792929
2.156        0.00793078
2.16        0.00793245
2.164        0.00793431
2.168        0.00793636
2.172        0.0079386
2.176        0.00794104
2.18        0.00794369
2.184        0.00794656
2.188        0.00794966
2.192        0.00795301
2.196        0.00795662
2.2        0.00796052
2.204        0.00796473
2.208        0.00796926
2.212        0.00797414
2.216        0.00797939
2.22        0.00798504
2.224        0.00799108
2.228        0.00799752
2.232        0.00800436
2.236        0.00801154
2.24        0.00801901
2.244        0.00802665
2.248        0.0080343
2.252        0.00804175
2.256        0.00804873
2.26        0.00805495
2.264        0.00806011
2.268        0.00806393
2.272        0.00806622
2.276        0.00806693
2.28        0.00806611
2.284        0.00806393
2.288        0.00806066
2.292        0.0080566
2.296        0.00805204
2.3        0.00804726
2.304        0.00804247
2.308        0.00803783
2.312        0.00803347
2.316        0.00802945
2.32        0.0080258
2.324        0.00802256
2.328        0.00801971
2.332        0.00801724
2.336        0.00801514
2.34        0.00801338
2.344        0.00801195
2.348        0.00801081
2.352        0.00800995
2.356        0.00800935
2.36        0.008009
2.364        0.00800886
2.368        0.00800894
2.372        0.00800922
2.376        0.00800969
2.38        0.00801034
2.384        0.00801117
2.388        0.00801217
2.392        0.00801335
2.396        0.00801469
2.4        0.00801621
2.404        0.00801791
2.408        0.00801978
2.412        0.00802185
2.416        0.00802411
2.42        0.00802657
2.424        0.00802926
2.428        0.00803217
2.432        0.00803534
2.436        0.00803878
2.44        0.00804251
2.444        0.00804655
2.448        0.00805092
2.452        0.00805565
2.456        0.00806076
2.46        0.00806627
2.464        0.00807217
2.468        0.00807848
2.472        0.00808515
2.476        0.00809216
2.48        0.00809939
2.484        0.00810673
2.488        0.00811399
2.492        0.00812093
2.496        0.00812726
2.5        0.00813269
2.504        0.00813692
2.508        0.00813972
2.512        0.00814095
2.516        0.00814062
2.52        0.00813883
2.524        0.00813582
2.528        0.00813187
2.532        0.00812728
2.536        0.00812235
2.54        0.00811731
2.544        0.00811236
2.548        0.00810764
2.552        0.00810324
2.556        0.00809923
2.56        0.00809561
2.564        0.00809241
2.568        0.00808961
2.572        0.0080872
2.576        0.00808516
2.58        0.00808347
2.584        0.00808211
2.588        0.00808105
2.592        0.00808028
2.596        0.00807977
2.6        0.00807951
2.604        0.00807948
2.608        0.00807968
2.612        0.00808009
2.616        0.0080807
2.62        0.00808151
2.624        0.00808252
2.628        0.00808371
2.632        0.00808509
2.636        0.00808666
2.64        0.00808842
2.644        0.00809037
2.648        0.00809253
2.652        0.00809489
2.656        0.00809747
2.66        0.00810027
2.664        0.00810332
2.668        0.00810663
2.672        0.00811021
2.676        0.00811408
2.68        0.00811826
2.684        0.00812279
2.688        0.00812767
2.692        0.00813293
2.696        0.00813859
2.7        0.00814466
2.704        0.00815115
2.708        0.00815804
2.712        0.00816529
2.716        0.00817283
2.72        0.00818057
2.724        0.00818833
2.728        0.00819591
2.732        0.00820304
2.736        0.00820943
2.74        0.00821477
2.744        0.0082188
2.748        0.00822132
2.752        0.00822227
2.756        0.00822169
2.76        0.00821977
2.764        0.00821675
2.768        0.00821294
2.772        0.00820864
2.776        0.00820412
2.78        0.0081996
2.784        0.00819524
2.788        0.00819115
2.792        0.00818742
2.796        0.00818407
2.8        0.00818113
2.804        0.0081786
2.808        0.00817646
2.812        0.00817469
2.816        0.00817328
2.82        0.0081722
2.824        0.00817142
2.828        0.00817093
2.832        0.00817071
2.836        0.00817073
2.84        0.00817098
2.844        0.00817145
2.848        0.00817213
2.852        0.008173
2.856        0.00817406
2.86        0.00817529
2.864        0.00817671
2.868        0.0081783
2.872        0.00818006
2.876        0.00818199
2.88        0.0081841
2.884        0.0081864
2.888        0.00818887
2.892        0.00819154
2.896        0.00819442
2.9        0.00819751
2.904        0.00820083
2.908        0.0082044
2.912        0.00820823
2.916        0.00821234
2.92        0.00821676
2.924        0.00822151
2.928        0.00822661
2.932        0.00823208
2.936        0.00823793
2.94        0.00824417
2.944        0.00825081
2.948        0.00825781
2.952        0.00826513
2.956        0.00827267
2.96        0.00828031
2.964        0.00828787
2.968        0.00829509
2.972        0.00830171
2.976        0.00830742
2.98        0.00831193
2.984        0.00831499
2.988        0.00831649
2.992        0.00831639
2.996        0.00831483
3        0.00831202
3.004        0.00830824
3.008        0.0083038
3.012        0.00829899
3.016        0.00829405
3.02        0.00828919
3.024        0.00828453
3.028        0.00828017
3.032        0.00827618
3.036        0.00827257
3.04        0.00826936
3.044        0.00826653
3.048        0.00826408
3.052        0.00826198
3.056        0.00826021
3.06        0.00825875
3.064        0.00825758
3.068        0.00825668
3.072        0.00825602
3.076        0.0082556
3.08        0.0082554
3.084        0.00825541
3.088        0.00825561
3.092        0.00825599
3.096        0.00825656
3.1        0.00825731
3.104        0.00825823
3.108        0.00825932
3.112        0.00826059
3.116        0.00826203
3.12        0.00826366
3.124        0.00826546
3.128        0.00826747
3.132        0.00826967
3.136        0.00827209
3.14        0.00827474
3.144        0.00827764
3.148        0.00828079
3.152        0.00828423
3.156        0.00828797
3.16        0.00829204
3.164        0.00829645
3.168        0.00830123
3.172        0.00830641
3.176        0.00831199
3.18        0.00831797
3.184        0.00832435
3.188        0.00833108
3.192        0.00833811
3.196        0.00834532
3.2        0.00835257
3.204        0.00835963
3.208        0.00836624
3.212        0.00837212
3.216        0.00837696
3.22        0.00838049
3.224        0.00838252
3.228        0.00838296
3.232        0.00838188
3.236        0.00837945
3.24        0.00837591
3.244        0.00837158
3.248        0.00836675
3.252        0.00836169
3.256        0.00835662
3.26        0.00835171
3.264        0.00834709
3.268        0.00834281
3.272        0.00833893
3.276        0.00833546
3.28        0.0083324
3.284        0.00832974
3.288        0.00832746
3.292        0.00832554
3.296        0.00832396
3.3        0.0083227
3.304        0.00832173
3.308        0.00832103
3.312        0.00832059
3.316        0.00832039
3.32        0.00832042
3.324        0.00832066
3.328        0.00832111
3.332        0.00832176
3.336        0.0083226
3.34        0.00832363
3.344        0.00832485
3.348        0.00832624
3.352        0.00832783
3.356        0.0083296
3.36        0.00833157
3.364        0.00833373
3.368        0.00833611
3.372        0.00833869
3.376        0.00834151
3.38        0.00834457
3.384        0.00834789
3.388        0.00835149
3.392        0.00835539
3.396        0.0083596
3.4        0.00836416
3.404        0.00836907
3.408        0.00837437
3.412        0.00838007
3.416        0.00838618
3.42        0.00839269
3.424        0.00839958
3.428        0.0084068
3.432        0.00841426
3.436        0.00842184
3.44        0.00842935
3.444        0.00843656
3.448        0.00844318
3.452        0.0084489
3.456        0.00845345
3.46        0.00845657
3.464        0.00845813
3.468        0.00845811
3.472        0.00845663
3.476        0.0084539
3.48        0.00845021
3.484        0.00844586
3.488        0.00844114
3.492        0.0084363
3.496        0.00843152
3.5        0.00842696
3.504        0.00842271
3.508        0.00841883
3.512        0.00841533
3.516        0.00841224
3.52        0.00840954
3.524        0.00840722
3.528        0.00840525
3.532        0.00840363
3.536        0.00840231
3.54        0.00840129
3.544        0.00840054
3.548        0.00840004
3.552        0.00839977
3.556        0.00839972
3.56        0.00839988
3.564        0.00840024
3.568        0.00840079
3.572        0.00840151
3.576        0.00840241
3.58        0.00840348
3.584        0.00840473
3.588        0.00840614
3.592        0.00840773
3.596        0.00840949
3.6        0.00841143
3.604        0.00841357
3.608        0.0084159
3.612        0.00841844
3.616        0.0084212
3.62        0.0084242
3.624        0.00842746
3.628        0.00843099
3.632        0.00843482
3.636        0.00843897
3.64        0.00844346
3.644        0.00844831
3.648        0.00845354
3.652        0.00845917
3.656        0.00846519
3.66        0.0084716
3.664        0.00847837
3.668        0.00848542
3.672        0.00849265
3.676        0.00849991
3.68        0.00850699
3.684        0.00851362
3.688        0.00851951
3.692        0.00852437
3.696        0.00852791
3.7        0.00852995
3.704        0.0085304
3.708        0.00852931
3.712        0.00852685
3.716        0.00852328
3.72        0.00851889
3.724        0.00851399
3.728        0.00850884
3.732        0.00850368
3.736        0.00849867
3.74        0.00849392
3.744        0.00848952
3.748        0.00848551
3.752        0.0084819
3.756        0.00847869
3.76        0.00847588
3.764        0.00847344
3.768        0.00847136
3.772        0.00846962
3.776        0.00846818
3.78        0.00846704
3.784        0.00846616
3.788        0.00846554
3.792        0.00846515
3.796        0.00846499
3.8        0.00846505
3.804        0.0084653
3.808        0.00846575
3.812        0.00846639
3.816        0.00846722
3.82        0.00846823
3.824        0.00846943
3.828        0.0084708
3.832        0.00847237
3.836        0.00847413
3.84        0.00847608
3.844        0.00847824
3.848        0.00848062
3.852        0.00848323
3.856        0.00848608
3.86        0.00848919
3.864        0.00849258
3.868        0.00849627
3.872        0.00850028
3.876        0.00850463
3.88        0.00850934
3.884        0.00851444
3.888        0.00851994
3.892        0.00852585
3.896        0.00853217
3.9        0.00853887
3.904        0.00854591
3.908        0.0085532
3.912        0.00856061
3.916        0.00856796
3.92        0.00857502
3.924        0.00858151
3.928        0.00858712
3.932        0.00859156
3.936        0.00859459
3.94        0.00859607
3.944        0.00859598
3.948        0.00859442
3.952        0.00859161
3.956        0.00858783
3.96        0.0085834
3.964        0.00857859
3.968        0.00857366
3.972        0.0085688
3.976        0.00856415
3.98        0.00855982
3.984        0.00855586
3.988        0.00855229
3.992        0.00854913
3.996        0.00854637
4        0.008544
4.004        0.00854199
4.008        0.00854032
4.012        0.00853897
4.016        0.00853792
4.02        0.00853714
4.024        0.00853662
4.028        0.00853634
4.032        0.00853629
4.036        0.00853645
4.04        0.0085368
4.044        0.00853735
4.048        0.00853809
4.052        0.008539
4.056        0.00854008
4.06        0.00854134
4.064        0.00854277
4.068        0.00854438
4.072        0.00854616
4.076        0.00854813
4.08        0.00855029
4.084        0.00855264
4.088        0.0085552
4.092        0.00855799
4.096        0.00856101
4.1        0.00856428
4.104        0.00856783
4.108        0.00857167
4.112        0.00857582
4.116        0.00858031
4.12        0.00858516
4.124        0.00859039
4.128        0.008596
4.132        0.00860201
4.136        0.0086084
4.14        0.00861514
4.144        0.00862216
4.148        0.00862936
4.152        0.00863658
4.156        0.00864362
4.16        0.00865021
4.164        0.00865607
4.168        0.00866089
4.172        0.00866439
4.176        0.00866638
4.18        0.00866678
4.184        0.00866562
4.188        0.00866308
4.192        0.0086594
4.196        0.00865488
4.2        0.00864984
4.204        0.00864452
4.208        0.00863918
4.212        0.00863396
4.216        0.008629
4.22        0.00862436
4.224        0.0086201
4.228        0.00861623
4.232        0.00861275
4.236        0.00860965
4.24        0.00860692
4.244        0.00860453
4.248        0.00860245
4.252        0.00860068
4.256        0.00859918
4.26        0.00859793
4.264        0.00859693
4.268        0.00859615
4.272        0.00859559
4.276        0.00859522
4.28        0.00859504
4.284        0.00859505
4.288        0.00859523
4.292        0.00859558
4.296        0.0085961
4.3        0.0085968
4.304        0.00859767
4.308        0.00859871
4.312        0.00859993
4.316        0.00860134
4.32        0.00860294
4.324        0.00860475
4.328        0.00860678
4.332        0.00860903
4.336        0.00861154
4.34        0.00861432
4.344        0.00861738
4.348        0.00862076
4.352        0.00862446
4.356        0.00862853
4.36        0.00863297
4.364        0.0086378
4.368        0.00864304
4.372        0.00864868
4.376        0.0086547
4.38        0.00866105
4.384        0.00866765
4.388        0.00867437
4.392        0.00868104
4.396        0.00868742
4.4        0.00869323
4.404        0.00869817
4.408        0.00870194
4.412        0.00870431
4.416        0.00870513
4.42        0.00870438
4.424        0.00870215
4.428        0.00869867
4.432        0.00869422
4.436        0.0086891
4.44        0.0086836
4.444        0.00867797
4.448        0.00867241
4.452        0.00866707
4.456        0.00866204
4.46        0.00865738
4.464        0.00865313
4.468        0.00864929
4.472        0.00864586
4.476        0.00864282
4.48        0.00864015
4.484        0.00863783
4.488        0.00863583
4.492        0.00863415
4.496        0.00863275
4.5        0.00863161
4.504        0.00863073
4.508        0.00863008
4.512        0.00862965
4.516        0.00862944
4.52        0.00862943
4.524        0.00862961
4.528        0.00862998
4.532        0.00863054
4.536        0.00863129
4.54        0.00863222
4.544        0.00863334
4.548        0.00863465
4.552        0.00863615
4.556        0.00863786
4.56        0.00863978
4.564        0.00864192
4.568        0.0086443
4.572        0.00864693
4.576        0.00864982
4.58        0.008653
4.584        0.00865649
4.588        0.00866031
4.592        0.00866447
4.596        0.00866902
4.6        0.00867395
4.604        0.00867928
4.608        0.00868503
4.612        0.00869117
4.616        0.00869767
4.62        0.00870448
4.624        0.00871147
4.628        0.00871852
4.632        0.00872539
4.636        0.00873185
4.64        0.00873759
4.644        0.00874232
4.648        0.00874575
4.652        0.00874768
4.656        0.00874803
4.66        0.00874684
4.664        0.00874426
4.668        0.00874056
4.672        0.00873602
4.676        0.00873095
4.68        0.00872562
4.684        0.00872025
4.688        0.00871502
4.692        0.00871006
4.696        0.00870542
4.7        0.00870117
4.704        0.00869732
4.708        0.00869386
4.712        0.00869079
4.716        0.00868808
4.72        0.00868573
4.724        0.0086837
4.728        0.00868197
4.732        0.00868053
4.736        0.00867934
4.74        0.00867839
4.744        0.00867768
4.748        0.00867717
4.752        0.00867686
4.756        0.00867674
4.76        0.00867681
4.764        0.00867704
4.768        0.00867745
4.772        0.00867803
4.776        0.00867877
4.78        0.00867968
4.784        0.00868077
4.788        0.00868202
4.792        0.00868346
4.796        0.00868508
4.8        0.0086869
4.804        0.00868894
4.808        0.00869119
4.812        0.00869369
4.816        0.00869645
4.82        0.00869948
4.824        0.00870281
4.828        0.00870647
4.832        0.00871047
4.836        0.00871483
4.84        0.00871958
4.844        0.00872472
4.848        0.00873025
4.852        0.00873615
4.856        0.00874237
4.86        0.00874882
4.864        0.0087554
4.868        0.0087619
4.872        0.00876812
4.876        0.00877376
4.88        0.00877852
4.884        0.00878212
4.888        0.0087843
4.892        0.00878491
4.896        0.00878394
4.9        0.00878148
4.904        0.00877774
4.908        0.00877301
4.912        0.00876758
4.916        0.00876175
4.92        0.00875577
4.924        0.00874985
4.928        0.00874412
4.932        0.00873869
4.936        0.00873362
4.94        0.00872894
4.944        0.00872465
4.948        0.00872076
4.952        0.00871725
4.956        0.0087141
4.96        0.00871128
4.964        0.00870878
4.968        0.00870657
4.972        0.00870464
4.976        0.00870297
4.98        0.00870153
4.984        0.00870032
4.988        0.00869931
4.992        0.00869851
4.996        0.0086979
5        0.00869748
5.004        0.00869724
5.008        0.00869718
5.012        0.00869729
5.016        0.00869758
5.02        0.00869805
5.024        0.0086987
5.028        0.00869954
5.032        0.00870057
5.036        0.00870181
5.04        0.00870327
5.044        0.00870495
5.048        0.00870688
5.052        0.00870907
5.056        0.00871155
5.06        0.00871432
5.064        0.00871742
5.068        0.00872087
5.072        0.00872469
5.076        0.00872889
5.08        0.0087335
5.084        0.00873851
5.088        0.00874393
5.092        0.0087497
5.096        0.00875578
5.1        0.00876206
5.104        0.00876838
5.108        0.00877455
5.112        0.00878031
5.116        0.00878537
5.12        0.00878942
5.124        0.00879218
5.128        0.00879346
5.132        0.00879316
5.136        0.00879132
5.14        0.00878809
5.144        0.00878372
5.148        0.00877852
5.152        0.00877279
5.156        0.00876679
5.16        0.00876076
5.164        0.00875487
5.168        0.00874924
5.172        0.00874396
5.176        0.00873906
5.18        0.00873456
5.184        0.00873047
5.188        0.00872677
5.192        0.00872345
5.196        0.00872049
5.2        0.00871786
5.204        0.00871555
5.208        0.00871352
5.212        0.00871177
5.216        0.00871026
5.22        0.00870899
5.224        0.00870794
5.228        0.0087071
5.232        0.00870646
5.236        0.00870601
5.24        0.00870575
5.244        0.00870566
5.248        0.00870576
5.252        0.00870602
5.256        0.00870647
5.26        0.00870709
5.264        0.0087079
5.268        0.0087089
5.272        0.00871009
5.276        0.00871149
5.28        0.0087131
5.284        0.00871495
5.288        0.00871705
5.292        0.00871941
5.296        0.00872205
5.3        0.00872501
5.304        0.00872829
5.308        0.00873192
5.312        0.00873592
5.316        0.00874031
5.32        0.00874509
5.324        0.00875027
5.328        0.00875583
5.332        0.00876171
5.336        0.00876784
5.34        0.0087741
5.344        0.0087803
5.348        0.00878621
5.352        0.00879156
5.356        0.00879605
5.36        0.00879938
5.364        0.0088013
5.368        0.00880166
5.372        0.00880043
5.376        0.00879771
5.38        0.0087937
5.384        0.00878869
5.388        0.00878298
5.392        0.00877685
5.396        0.00877057
5.4        0.00876433
5.404        0.00875829
5.408        0.00875254
5.412        0.00874714
5.416        0.00874212
5.42        0.0087375
5.424        0.00873327
5.428        0.00872942
5.432        0.00872592
5.436        0.00872276
5.44        0.0087199
5.444        0.00871734
5.448        0.00871505
5.452        0.00871301
5.456        0.0087112
5.46        0.00870961
5.464        0.00870822
5.468        0.00870703
5.472        0.00870603
5.476        0.00870521
5.48        0.00870456
5.484        0.00870408
5.488        0.00870378
5.492        0.00870364
5.496        0.00870368
5.5        0.00870389
5.504        0.00870429
5.508        0.00870487
5.512        0.00870565
5.516        0.00870665
5.52        0.00870786
5.524        0.00870932
5.528        0.00871103
5.532        0.00871301
5.536        0.00871529
5.54        0.00871789
5.544        0.00872083
5.548        0.00872414
5.552        0.00872783
5.556        0.00873191
5.56        0.0087364
5.564        0.00874129
5.568        0.00874653
5.572        0.00875208
5.576        0.00875782
5.58        0.00876362
5.584        0.00876927
5.588        0.00877451
5.592        0.00877906
5.596        0.0087826
5.6        0.00878486
5.604        0.00878565
5.608        0.00878485
5.612        0.00878251
5.616        0.00877877
5.62        0.0087739
5.624        0.00876818
5.628        0.00876191
5.632        0.00875538
5.636        0.00874881
5.64        0.00874239
5.644        0.00873622
5.648        0.00873039
5.652        0.00872495
5.656        0.00871992
5.66        0.0087153
5.664        0.00871108
5.668        0.00870725
5.672        0.00870377
5.676        0.00870064
5.68        0.00869782
5.684        0.0086953
5.688        0.00869306
5.692        0.00869107
5.696        0.00868933
5.7        0.00868782
5.704        0.00868652
5.708        0.00868543
5.712        0.00868454
5.716        0.00868385
5.72        0.00868334
5.724        0.00868302
5.728        0.00868288
5.732        0.00868293
5.736        0.00868317
5.74        0.0086836
5.744        0.00868423
5.748        0.00868507
5.752        0.00868613
5.756        0.00868741
5.76        0.00868893
5.764        0.00869072
5.768        0.00869278
5.772        0.00869513
5.776        0.0086978
5.78        0.00870081
5.784        0.00870418
5.788        0.00870794
5.792        0.00871209
5.796        0.00871665
5.8        0.00872162
5.804        0.00872698
5.808        0.00873268
5.812        0.00873864
5.816        0.00874473
5.82        0.00875079
5.824        0.00875659
5.828        0.00876184
5.832        0.00876625
5.836        0.00876951
5.84        0.00877139
5.844        0.00877172
5.848        0.00877047
5.852        0.00876773
5.856        0.00876371
5.86        0.00875869
5.864        0.00875296
5.868        0.00874683
5.872        0.00874054
5.876        0.00873429
5.88        0.00872825
5.884        0.0087225
5.888        0.00871711
5.892        0.00871211
5.896        0.00870752
5.9        0.00870331
5.904        0.00869949
5.908        0.00869603
5.912        0.00869291
5.916        0.00869011
5.92        0.0086876
5.924        0.00868536
5.928        0.00868338
5.932        0.00868163
5.936        0.0086801
5.94        0.00867878
5.944        0.00867765
5.948        0.00867671
5.952        0.00867595
5.956        0.00867536
5.96        0.00867494
5.964        0.00867469
5.968        0.0086746
5.972        0.00867469
5.976        0.00867494
5.98        0.00867538
5.984        0.00867599
5.988        0.0086768
5.992        0.00867781
5.996        0.00867903
6        0.00868048
6.004        0.00868218
6.008        0.00868415
6.012        0.0086864
6.016        0.00868896
6.02        0.00869185
6.024        0.00869509
6.028        0.00869871
6.032        0.00870271
6.036        0.0087071
6.04        0.00871187
6.044        0.00871699
6.048        0.0087224
6.052        0.008728
6.056        0.00873364
6.06        0.00873913
6.064        0.0087442
6.068        0.00874857
6.072        0.00875193
6.076        0.00875401
6.08        0.00875459
6.084        0.00875358
6.088        0.008751
6.092        0.00874701
6.096        0.00874186
6.1        0.00873583
6.104        0.00872924
6.108        0.00872236
6.112        0.00871542
6.116        0.00870859
6.12        0.00870201
6.124        0.00869575
6.128        0.00868986
6.132        0.00868437
6.136        0.00867927
6.14        0.00867455
6.144        0.0086702
6.148        0.0086662
6.152        0.00866253
6.156        0.00865916
6.16        0.00865607
6.164        0.00865324
6.168        0.00865067
6.172        0.00864832
6.176        0.00864618
6.18        0.00864425
6.184        0.00864252
6.188        0.00864097
6.192        0.00863961
6.196        0.00863842
6.2        0.00863741
6.204        0.00863657
6.208        0.00863591
6.212        0.00863542
6.216        0.00863512
6.22        0.00863501
6.224        0.0086351
6.228        0.0086354
6.232        0.00863592
6.236        0.00863667
6.24        0.00863768
6.244        0.00863895
6.248        0.00864051
6.252        0.00864239
6.256        0.0086446
6.26        0.00864717
6.264        0.00865011
6.268        0.00865345
6.272        0.0086572
6.276        0.00866136
6.28        0.0086659
6.284        0.00867078
6.288        0.00867593
6.292        0.00868122
6.296        0.00868648
6.3        0.00869149
6.304        0.00869596
6.308        0.00869961
6.312        0.00870212
6.316        0.00870325
6.32        0.00870285
6.324        0.00870086
6.328        0.0086974
6.332        0.00869264
6.336        0.00868688
6.34        0.00868042
6.344        0.00867354
6.348        0.00866652
6.352        0.00865954
6.356        0.00865276
6.36        0.00864629
6.364        0.00864019
6.368        0.00863449
6.372        0.00862919
6.376        0.00862431
6.38        0.00861982
6.384        0.0086157
6.388        0.00861193
6.392        0.0086085
6.396        0.00860537
6.4        0.00860252
6.404        0.00859994
6.408        0.00859762
6.412        0.00859552
6.416        0.00859365
6.42        0.00859199
6.424        0.00859053
6.428        0.00858926
6.432        0.00858818
6.436        0.00858728
6.44        0.00858657
6.444        0.00858604
6.448        0.00858569
6.452        0.00858553
6.456        0.00858555
6.46        0.00858578
6.464        0.00858621
6.468        0.00858686
6.472        0.00858774
6.476        0.00858886
6.48        0.00859025
6.484        0.00859191
6.488        0.00859387
6.492        0.00859615
6.496        0.00859878
6.5        0.00860177
6.504        0.00860515
6.508        0.00860892
6.512        0.0086131
6.516        0.00861767
6.52        0.00862261
6.524        0.00862784
6.528        0.00863329
6.532        0.00863879
6.536        0.00864415
6.54        0.00864912
6.544        0.0086534
6.548        0.0086567
6.552        0.00865872
6.556        0.00865926
6.56        0.00865822
6.564        0.00865561
6.568        0.0086516
6.572        0.00864642
6.576        0.00864036
6.58        0.00863373
6.584        0.00862681
6.588        0.00861983
6.592        0.00861296
6.596        0.00860634
6.6        0.00860004
6.604        0.00859412
6.608        0.00858859
6.612        0.00858345
6.616        0.0085787
6.62        0.00857433
6.624        0.00857029
6.628        0.00856659
6.632        0.00856319
6.636        0.00856007
6.64        0.00855721
6.644        0.00855459
6.648        0.0085522
6.652        0.00855003
6.656        0.00854805
6.66        0.00854627
6.664        0.00854467
6.668        0.00854325
6.672        0.008542
6.676        0.00854092
6.68        0.00854
6.684        0.00853926
6.688        0.00853869
6.692        0.0085383
6.696        0.00853809
6.7        0.00853807
6.704        0.00853825
6.708        0.00853864
6.712        0.00853927
6.716        0.00854013
6.72        0.00854126
6.724        0.00854266
6.728        0.00854437
6.732        0.00854641
6.736        0.00854879
6.74        0.00855154
6.744        0.00855468
6.748        0.00855822
6.752        0.00856215
6.756        0.00856647
6.76        0.00857112
6.764        0.00857603
6.768        0.00858108
6.772        0.00858609
6.776        0.00859085
6.78        0.00859508
6.784        0.00859848
6.788        0.00860075
6.792        0.00860164
6.796        0.00860098
6.8        0.00859874
6.804        0.008595
6.808        0.00858997
6.812        0.00858391
6.816        0.00857713
6.82        0.00856993
6.824        0.00856256
6.828        0.00855523
6.832        0.0085481
6.836        0.00854126
6.84        0.00853478
6.844        0.0085287
6.848        0.00852303
6.852        0.00851776
6.856        0.00851288
6.86        0.00850837
6.864        0.00850421
6.868        0.00850037
6.872        0.00849685
6.876        0.0084936
6.88        0.00849063
6.884        0.0084879
6.888        0.0084854
6.892        0.00848313
6.896        0.00848106
6.9        0.0084792
6.904        0.00847753
6.908        0.00847605
6.912        0.00847475
6.916        0.00847364
6.92        0.00847271
6.924        0.00847196
6.928        0.00847141
6.932        0.00847104
6.936        0.00847088
6.94        0.00847093
6.944        0.00847119
6.948        0.00847169
6.952        0.00847244
6.956        0.00847345
6.96        0.00847475
6.964        0.00847635
6.968        0.00847827
6.972        0.00848054
6.976        0.00848319
6.98        0.00848622
6.984        0.00848965
6.988        0.0084935
6.992        0.00849775
6.996        0.00850237
7        0.0085073
7.004        0.00851244
7.008        0.00851766
7.012        0.00852275
7.016        0.00852746
7.02        0.00853151
7.024        0.00853458
7.028        0.00853639
7.032        0.00853674
7.036        0.00853551
7.04        0.00853273
7.044        0.00852854
7.048        0.00852318
7.052        0.00851694
7.056        0.00851014
7.06        0.00850304
7.064        0.00849589
7.068        0.00848885
7.072        0.00848206
7.076        0.0084756
7.08        0.00846952
7.084        0.00846385
7.088        0.00845857
7.092        0.00845369
7.096        0.00844918
7.1        0.00844504
7.104        0.00844122
7.108        0.00843771
7.112        0.00843449
7.116        0.00843154
7.12        0.00842884
7.124        0.00842637
7.128        0.00842412
7.132        0.00842208
7.136        0.00842023
7.14        0.00841856
7.144        0.00841708
7.148        0.00841577
7.152        0.00841464
7.156        0.00841368
7.16        0.00841288
7.164        0.00841227
7.168        0.00841182
7.172        0.00841157
7.176        0.0084115
7.18        0.00841163
7.184        0.00841198
7.188        0.00841255
7.192        0.00841336
7.196        0.00841443
7.2        0.00841578
7.204        0.00841742
7.208        0.00841939
7.212        0.0084217
7.216        0.00842438
7.22        0.00842744
7.224        0.00843089
7.228        0.00843473
7.232        0.00843895
7.236        0.0084435
7.24        0.00844831
7.244        0.00845325
7.248        0.00845816
7.252        0.00846282
7.256        0.00846694
7.26        0.00847023
7.264        0.0084724
7.268        0.00847318
7.272        0.00847241
7.276        0.00847005
7.28        0.00846618
7.284        0.00846099
7.288        0.00845477
7.292        0.0084478
7.296        0.0084404
7.3        0.00843281
7.304        0.00842525
7.308        0.00841787
7.312        0.00841077
7.316        0.00840402
7.32        0.00839766
7.324        0.0083917
7.328        0.00838612
7.332        0.00838093
7.336        0.00837611
7.34        0.00837162
7.344        0.00836745
7.348        0.00836358
7.352        0.00835998
7.356        0.00835665
7.36        0.00835355
7.364        0.00835068
7.368        0.00834802
7.372        0.00834556
7.376        0.0083433
7.38        0.00834123
7.384        0.00833933
7.388        0.00833762
7.392        0.00833608
7.396        0.00833472
7.4        0.00833354
7.404        0.00833255
7.408        0.00833174
7.412        0.00833113
7.416        0.00833072
7.42        0.00833053
7.424        0.00833057
7.428        0.00833085
7.432        0.00833139
7.436        0.00833222
7.44        0.00833334
7.444        0.00833479
7.448        0.00833659
7.452        0.00833876
7.456        0.00834132
7.46        0.00834428
7.464        0.00834765
7.468        0.00835143
7.472        0.00835558
7.476        0.00836005
7.48        0.00836474
7.484        0.00836951
7.488        0.00837416
7.492        0.00837845
7.496        0.00838209
7.5        0.00838476
7.504        0.0083862
7.508        0.00838617
7.512        0.00838458
7.516        0.00838144
7.52        0.0083769
7.524        0.00837118
7.528        0.00836459
7.532        0.00835743
7.536        0.00834998
7.54        0.00834248
7.544        0.0083351
7.548        0.00832798
7.552        0.0083212
7.556        0.0083148
7.56        0.00830882
7.564        0.00830326
7.568        0.0082981
7.572        0.00829333
7.576        0.00828894
7.58        0.00828489
7.584        0.00828116
7.588        0.00827774
7.592        0.0082746
7.596        0.00827172
7.6        0.0082691
7.604        0.0082667
7.608        0.00826453
7.612        0.00826257
7.616        0.00826082
7.62        0.00825926
7.624        0.00825789
7.628        0.00825671
7.632        0.00825572
7.636        0.00825491
7.64        0.0082543
7.644        0.00825388
7.648        0.00825366
7.652        0.00825364
7.656        0.00825385
7.66        0.00825428
7.664        0.00825495
7.668        0.00825588
7.672        0.00825708
7.676        0.00825858
7.68        0.00826039
7.684        0.00826254
7.688        0.00826504
7.692        0.00826793
7.696        0.00827121
7.7        0.0082749
7.704        0.008279
7.708        0.00828349
7.712        0.00828832
7.716        0.00829343
7.72        0.00829869
7.724        0.00830393
7.728        0.00830894
7.732        0.00831344
7.736        0.00831713
7.74        0.00831971
7.744        0.00832092
7.748        0.0083206
7.752        0.00831869
7.756        0.00831527
7.76        0.00831054
7.764        0.00830477
7.768        0.00829827
7.772        0.00829131
7.776        0.00828418
7.78        0.00827707
7.784        0.00827014
7.788        0.0082635
7.792        0.00825721
7.796        0.00825131
7.8        0.00824581
7.804        0.0082407
7.808        0.00823598
7.812        0.00823162
7.816        0.00822759
7.82        0.00822389
7.824        0.00822049
7.828        0.00821735
7.832        0.00821448
7.836        0.00821184
7.84        0.00820942
7.844        0.00820721
7.848        0.0082052
7.852        0.00820338
7.856        0.00820174
7.86        0.00820027
7.864        0.00819897
7.868        0.00819785
7.872        0.00819689
7.876        0.0081961
7.88        0.00819549
7.884        0.00819505
7.888        0.0081948
7.892        0.00819474
7.896        0.00819489
7.9        0.00819525
7.904        0.00819585
7.908        0.00819669
7.912        0.00819781
7.916        0.00819921
7.92        0.00820092
7.924        0.00820296
7.928        0.00820536
7.932        0.00820814
7.936        0.0082113
7.94        0.00821486
7.944        0.00821881
7.948        0.00822313
7.952        0.00822775
7.956        0.00823257
7.96        0.00823747
7.964        0.00824224
7.968        0.00824665
7.972        0.00825039
7.976        0.00825316
7.98        0.00825469
7.984        0.00825475
7.988        0.00825323
7.992        0.00825014
7.996        0.00824562
8        0.00823992
8.004        0.00823332
8.008        0.00822613
8.012        0.00821862
8.016        0.00821104
8.02        0.00820357
8.024        0.00819634
8.028        0.00818944
8.032        0.00818291
8.036        0.00817678
8.04        0.00817106
8.044        0.00816573
8.048        0.00816078
8.052        0.00815619
8.056        0.00815193
8.06        0.008148
8.064        0.00814435
8.068        0.00814098
8.072        0.00813787
8.076        0.008135
8.08        0.00813235
8.084        0.00812992
8.088        0.00812769
8.092        0.00812566
8.096        0.00812381
8.1        0.00812216
8.104        0.00812068
8.108        0.00811939
8.112        0.00811828
8.116        0.00811736
8.12        0.00811663
8.124        0.00811609
8.128        0.00811576
8.132        0.00811564
8.136        0.00811574
8.14        0.00811609
8.144        0.00811669
8.148        0.00811756
8.152        0.00811873
8.156        0.00812021
8.16        0.00812203
8.164        0.0081242
8.168        0.00812676
8.172        0.00812971
8.176        0.00813308
8.18        0.00813685
8.184        0.00814102
8.188        0.00814554
8.192        0.00815034
8.196        0.0081553
8.2        0.00816026
8.204        0.00816499
8.208        0.00816923
8.212        0.00817267
8.216        0.00817502
8.22        0.00817601
8.224        0.00817548
8.228        0.00817337
8.232        0.00816975
8.236        0.00816483
8.24        0.00815886
8.244        0.00815216
8.248        0.00814501
8.252        0.00813769
8.256        0.00813039
8.26        0.00812327
8.264        0.00811646
8.268        0.00811
8.272        0.00810394
8.276        0.00809828
8.28        0.00809304
8.284        0.00808818
8.288        0.0080837
8.292        0.00807957
8.296        0.00807577
8.3        0.00807228
8.304        0.00806907
8.308        0.00806613
8.312        0.00806344
8.316        0.00806098
8.32        0.00805873
8.324        0.0080567
8.328        0.00805486
8.332        0.00805322
8.336        0.00805176
8.34        0.00805048
8.344        0.00804937
8.348        0.00804845
8.352        0.0080477
8.356        0.00804714
8.36        0.00804676
8.364        0.00804657
8.368        0.00804659
8.372        0.00804681
8.376        0.00804726
8.38        0.00804795
8.384        0.00804889
8.388        0.00805011
8.392        0.00805162
8.396        0.00805344
8.4        0.0080556
8.404        0.00805812
8.408        0.00806101
8.412        0.0080643
8.416        0.00806799
8.42        0.00807208
8.424        0.00807652
8.428        0.00808128
8.432        0.00808625
8.436        0.0080913
8.44        0.00809623
8.444        0.00810079
8.448        0.00810471
8.452        0.00810766
8.456        0.00810938
8.46        0.00810963
8.464        0.0081083
8.468        0.0081054
8.472        0.00810106
8.476        0.00809553
8.48        0.00808909
8.484        0.00808204
8.488        0.00807467
8.492        0.00806722
8.496        0.00805986
8.5        0.00805274
8.504        0.00804594
8.508        0.0080395
8.512        0.00803347
8.516        0.00802783
8.52        0.00802258
8.524        0.0080177
8.528        0.00801318
8.532        0.008009
8.536        0.00800512
8.54        0.00800153
8.544        0.00799821
8.548        0.00799514
8.552        0.0079923
8.556        0.00798969
8.56        0.00798728
8.564        0.00798507
8.568        0.00798305
8.572        0.00798122
8.576        0.00797956
8.58        0.00797808
8.584        0.00797678
8.588        0.00797566
8.592        0.00797472
8.596        0.00797396
8.6        0.00797339
8.604        0.00797302
8.608        0.00797286
8.612        0.00797291
8.616        0.00797321
8.62        0.00797375
8.624        0.00797456
8.628        0.00797566
8.632        0.00797707
8.636        0.00797881
8.64        0.00798091
8.644        0.00798339
8.648        0.00798626
8.652        0.00798954
8.656        0.00799322
8.66        0.0079973
8.664        0.00800173
8.668        0.00800645
8.672        0.00801132
8.676        0.0080162
8.68        0.00802086
8.684        0.00802504
8.688        0.00802843
8.692        0.00803073
8.696        0.00803168
8.7        0.00803112
8.704        0.00802898
8.708        0.00802533
8.712        0.00802037
8.716        0.00801437
8.72        0.00800762
8.724        0.00800042
8.728        0.00799304
8.732        0.00798568
8.736        0.00797851
8.74        0.00797164
8.744        0.00796514
8.748        0.00795903
8.752        0.00795334
8.756        0.00794807
8.76        0.00794319
8.764        0.00793869
8.768        0.00793456
8.772        0.00793076
8.776        0.00792727
8.78        0.00792408
8.784        0.00792116
8.788        0.00791851
8.792        0.00791609
8.796        0.0079139
8.8        0.00791193
8.804        0.00791016
8.808        0.0079086
8.812        0.00790723
8.816        0.00790605
8.82        0.00790506
8.824        0.00790426
8.828        0.00790365
8.832        0.00790323
8.836        0.007903
8.84        0.00790298
8.844        0.00790317
8.848        0.00790358
8.852        0.00790423
8.856        0.00790512
8.86        0.00790628
8.864        0.00790772
8.868        0.00790947
8.872        0.00791154
8.876        0.00791396
8.88        0.00791675
8.884        0.00791992
8.888        0.0079235
8.892        0.00792749
8.896        0.00793188
8.9        0.00793665
8.904        0.00794174
8.908        0.00794706
8.912        0.00795247
8.916        0.00795778
8.92        0.00796274
8.924        0.00796706
8.928        0.00797045
8.932        0.0079726
8.936        0.00797331
8.94        0.00797245
8.944        0.00797002
8.948        0.00796616
8.952        0.00796109
8.956        0.00795512
8.96        0.00794854
8.964        0.00794163
8.968        0.00793464
8.972        0.00792774
8.976        0.00792108
8.98        0.00791474
8.984        0.00790878
8.988        0.00790321
8.992        0.00789804
8.996        0.00789326
9        0.00788886
9.004        0.00788481
9.008        0.00788109
9.012        0.00787769
9.016        0.00787457
9.02        0.00787172
9.024        0.00786912
9.028        0.00786675
9.032        0.0078646
9.036        0.00786265
9.04        0.00786089
9.044        0.00785932
9.048        0.00785793
9.052        0.00785671
9.056        0.00785566
9.06        0.00785478
9.064        0.00785407
9.068        0.00785353
9.072        0.00785317
9.076        0.00785299
9.08        0.007853
9.084        0.0078532
9.088        0.00785361
9.092        0.00785425
9.096        0.00785512
9.1        0.00785626
9.104        0.00785766
9.108        0.00785937
9.112        0.00786139
9.116        0.00786375
9.12        0.00786648
9.124        0.00786959
9.128        0.00787309
9.132        0.00787699
9.136        0.00788126
9.14        0.00788588
9.144        0.00789077
9.148        0.00789581
9.152        0.00790084
9.156        0.00790565
9.16        0.00790996
9.164        0.00791348
9.168        0.00791591
9.172        0.00791698
9.176        0.00791653
9.18        0.00791448
9.184        0.00791091
9.188        0.007906
9.192        0.00790003
9.196        0.00789329
9.2        0.00788607
9.204        0.00787866
9.208        0.00787125
9.212        0.00786402
9.216        0.00785706
9.22        0.00785046
9.224        0.00784425
9.228        0.00783844
9.232        0.00783302
9.236        0.007828
9.24        0.00782335
9.244        0.00781905
9.248        0.00781508
9.252        0.00781141
9.256        0.00780803
9.26        0.00780492
9.264        0.00780205
9.268        0.00779942
9.272        0.00779701
9.276        0.00779481
9.28        0.00779281
9.284        0.00779101
9.288        0.0077894
9.292        0.00778797
9.296        0.00778672
9.3        0.00778566
9.304        0.00778479
9.308        0.0077841
9.312        0.00778361
9.316        0.00778332
9.32        0.00778324
9.324        0.00778339
9.328        0.00778376
9.332        0.00778439
9.336        0.00778528
9.34        0.00778645
9.344        0.00778793
9.348        0.00778973
9.352        0.00779189
9.356        0.00779442
9.36        0.00779734
9.364        0.00780066
9.368        0.00780441
9.372        0.00780856
9.376        0.0078131
9.38        0.00781797
9.384        0.00782308
9.388        0.00782828
9.392        0.00783341
9.396        0.0078382
9.4        0.00784237
9.404        0.00784562
9.408        0.00784767
9.412        0.00784828
9.416        0.00784733
9.42        0.00784483
9.424        0.0078409
9.428        0.00783578
9.432        0.00782974
9.436        0.00782311
9.44        0.00781615
9.444        0.00780912
9.448        0.0078022
9.452        0.00779552
9.456        0.00778917
9.46        0.00778321
9.464        0.00777766
9.468        0.00777253
9.472        0.0077678
9.476        0.00776347
9.48        0.00775951
9.484        0.0077559
9.488        0.00775261
9.492        0.00774963
9.496        0.00774693
9.5        0.0077445
9.504        0.00774232
9.508        0.00774037
9.512        0.00773864
9.516        0.00773712
9.52        0.0077358
9.524        0.00773468
9.528        0.00773375
9.532        0.00773301
9.536        0.00773245
9.54        0.00773207
9.544        0.00773189
9.548        0.00773189
9.552        0.00773209
9.556        0.00773249
9.56        0.0077331
9.564        0.00773394
9.568        0.00773502
9.572        0.00773634
9.576        0.00773794
9.58        0.00773982
9.584        0.00774201
9.588        0.00774453
9.592        0.00774741
9.596        0.00775065
9.6        0.00775429
9.604        0.00775834
9.608        0.00776278
9.612        0.00776762
9.616        0.00777281
9.62        0.00777828
9.624        0.00778391
9.628        0.00778955
9.632        0.00779498
9.636        0.00779993
9.64        0.0078041
9.644        0.00780719
9.648        0.00780894
9.652        0.00780916
9.656        0.0078078
9.66        0.00780491
9.664        0.00780068
9.668        0.00779538
9.672        0.0077893
9.676        0.00778275
9.68        0.00777598
9.684        0.00776921
9.688        0.00776261
9.692        0.00775629
9.696        0.00775032
9.7        0.00774473
9.704        0.00773953
9.708        0.00773474
9.712        0.00773033
9.716        0.00772629
9.72        0.00772259
9.724        0.00771922
9.728        0.00771614
9.732        0.00771335
9.736        0.00771082
9.74        0.00770852
9.744        0.00770646
9.748        0.00770461
9.752        0.00770296
9.756        0.00770151
9.76        0.00770024
9.764        0.00769915
9.768        0.00769824
9.772        0.0076975
9.776        0.00769693
9.78        0.00769655
9.784        0.00769634
9.788        0.00769631
9.792        0.00769648
9.796        0.00769684
9.8        0.00769742
9.804        0.00769822
9.808        0.00769925
9.812        0.00770054
9.816        0.0077021
9.82        0.00770396
9.824        0.00770613
9.828        0.00770864
9.832        0.00771151
9.836        0.00771477
9.84        0.00771842
9.844        0.00772247
9.848        0.00772693
9.852        0.00773176
9.856        0.00773691
9.86        0.0077423
9.864        0.00774778
9.868        0.00775317
9.872        0.00775823
9.876        0.00776267
9.88        0.0077662
9.884        0.00776851
9.888        0.00776938
9.892        0.00776869
9.896        0.00776644
9.9        0.00776274
9.904        0.00775784
9.908        0.00775201
9.912        0.00774556
9.916        0.00773878
9.92        0.0077319
9.924        0.00772513
9.928        0.00771859
9.932        0.00771238
9.936        0.00770655
9.94        0.00770112
9.944        0.00769611
9.948        0.0076915
9.952        0.00768727
9.956        0.00768342
9.96        0.00767992
9.964        0.00767673
9.968        0.00767386
9.972        0.00767126
9.976        0.00766893
9.98        0.00766684
9.984        0.00766499
9.988        0.00766336
9.992        0.00766194
9.996        0.00766072
10        0.0076597
10.004        0.00765886
10.008        0.00765822
10.012        0.00765776
10.016        0.00765748
10.02        0.0076574
10.024        0.00765751
10.028        0.00765781
10.032        0.00765832
10.036        0.00765905
10.04        0.00766
10.044        0.00766119
10.048        0.00766264
10.052        0.00766435
10.056        0.00766636
10.06        0.00766868
10.064        0.00767134
10.068        0.00767435
10.072        0.00767774
10.076        0.00768153
10.08        0.00768572
10.084        0.00769032
10.088        0.00769532
10.092        0.00770068
10.096        0.00770633
10.1        0.00771215
10.104        0.00771798
10.108        0.00772362
10.112        0.00772879
10.116        0.0077332
10.12        0.00773654
10.124        0.00773856
10.128        0.00773905
10.132        0.00773797
10.136        0.00773536
10.14        0.00773141
10.144        0.00772639
10.148        0.00772058
10.152        0.00771429
10.156        0.00770779
10.16        0.0077013
10.164        0.00769496
10.168        0.00768891
10.172        0.00768321
10.176        0.00767789
10.18        0.00767298
10.184        0.00766847
10.188        0.00766434
10.192        0.00766059
10.196        0.00765719
10.2        0.00765411
10.204        0.00765133
10.208        0.00764884
10.212        0.00764661
10.216        0.00764462
10.22        0.00764286
10.224        0.00764131
10.228        0.00763997
10.232        0.00763882
10.236        0.00763785
10.24        0.00763707
10.244        0.00763645
10.248        0.00763602
10.252        0.00763575
10.256        0.00763565
10.26        0.00763574
10.264        0.007636
10.268        0.00763645
10.272        0.00763709
10.276        0.00763794
10.28        0.007639
10.284        0.0076403
10.288        0.00764184
10.292        0.00764365
10.296        0.00764575
10.3        0.00764816
10.304        0.00765089
10.308        0.00765398
10.312        0.00765744
10.316        0.0076613
10.32        0.00766554
10.324        0.00767019
10.328        0.00767519
10.332        0.00768052
10.336        0.00768607
10.34        0.00769171
10.344        0.00769726
10.348        0.00770248
10.352        0.00770708
10.356        0.00771075
10.36        0.00771322
10.364        0.00771424
10.368        0.00771369
10.372        0.00771156
10.376        0.00770798
10.38        0.00770317
10.384        0.00769742
10.388        0.00769103
10.392        0.00768429
10.396        0.00767744
10.4        0.00767068
10.404        0.00766415
10.408        0.00765792
10.412        0.00765207
10.416        0.00764661
10.42        0.00764156
10.424        0.0076369
10.428        0.00763263
10.432        0.00762871
10.436        0.00762514
10.44        0.00762189
10.444        0.00761893
10.448        0.00761624
10.452        0.00761382
10.456        0.00761164
10.46        0.00760968
10.464        0.00760794
10.468        0.00760641
10.472        0.00760507
10.476        0.00760393
10.48        0.00760297
10.484        0.0076022
10.488        0.00760161
10.492        0.0076012
10.496        0.00760099
10.5        0.00760096
10.504        0.00760113
10.508        0.0076015
10.512        0.00760209
10.516        0.0076029
10.52        0.00760395
10.524        0.00760526
10.528        0.00760684
10.532        0.00760872
10.536        0.00761091
10.54        0.00761343
10.544        0.00761632
10.548        0.00761958
10.552        0.00762325
10.556        0.00762733
10.56        0.00763182
10.564        0.00763672
10.568        0.00764198
10.572        0.00764754
10.576        0.00765329
10.58        0.00765906
10.584        0.00766466
10.588        0.0076698
10.592        0.0076742
10.596        0.00767755
10.6        0.00767959
10.604        0.00768012
10.608        0.00767909
10.612        0.00767654
10.616        0.00767265
10.62        0.00766769
10.624        0.00766195
10.628        0.00765573
10.632        0.00764931
10.636        0.00764289
10.64        0.00763665
10.644        0.0076307
10.648        0.00762511
10.652        0.00761992
10.656        0.00761515
10.66        0.00761079
10.664        0.00760684
10.668        0.00760327
10.672        0.00760007
10.676        0.00759721
10.68        0.00759467
10.684        0.00759242
10.688        0.00759045
10.692        0.00758874
10.696        0.00758728
10.7        0.00758605
10.704        0.00758503
10.708        0.00758422
10.712        0.00758362
10.716        0.0075832
10.72        0.00758298
10.724        0.00758295
10.728        0.0075831
10.732        0.00758344
10.736        0.00758397
10.74        0.0075847
10.744        0.00758563
10.748        0.00758676
10.752        0.00758811
10.756        0.0075897
10.76        0.00759153
10.764        0.00759361
10.768        0.00759598
10.772        0.00759865
10.776        0.00760163
10.78        0.00760496
10.784        0.00760865
10.788        0.00761272
10.792        0.00761719
10.796        0.00762207
10.8        0.00762735
10.804        0.00763301
10.808        0.007639
10.812        0.00764522
10.816        0.00765155
10.82        0.00765779
10.824        0.00766372
10.828        0.00766904
10.832        0.00767346
10.836        0.00767668
10.84        0.00767846
10.844        0.00767868
10.848        0.00767732
10.852        0.0076745
10.856        0.00767045
10.86        0.00766544
10.864        0.00765979
10.868        0.00765378
10.872        0.00764766
10.876        0.00764161
10.88        0.00763579
10.884        0.00763027
10.888        0.00762511
10.892        0.00762035
10.896        0.00761599
10.9        0.00761201
10.904        0.00760842
10.908        0.00760517
10.912        0.00760227
10.916        0.00759967
10.92        0.00759736
10.924        0.00759532
10.928        0.00759353
10.932        0.00759197
10.936        0.00759063
10.94        0.00758949
10.944        0.00758855
10.948        0.00758779
10.952        0.00758722
10.956        0.00758682
10.96        0.00758658
10.964        0.00758652
10.968        0.00758664
10.972        0.00758692
10.976        0.00758738
10.98        0.00758802
10.984        0.00758885
10.988        0.00758988
10.992        0.00759112
10.996        0.00759258
11        0.00759429
11.004        0.00759625
11.008        0.00759849
11.012        0.00760102
11.016        0.00760388
11.02        0.00760708
11.024        0.00761064
11.028        0.00761459
11.032        0.00761894
11.036        0.00762368
11.04        0.00762881
11.044        0.0076343
11.048        0.00764007
11.052        0.00764601
11.056        0.00765197
11.06        0.00765774
11.064        0.00766306
11.068        0.00766763
11.072        0.00767114
11.076        0.00767333
11.08        0.00767402
11.084        0.00767311
11.088        0.00767068
11.092        0.00766689
11.096        0.007662
11.1        0.00765631
11.104        0.00765013
11.108        0.00764372
11.112        0.00763731
11.116        0.00763105
11.12        0.00762507
11.124        0.00761944
11.128        0.00761421
11.132        0.00760938
11.136        0.00760496
11.14        0.00760093
11.144        0.00759728
11.148        0.00759399
11.152        0.00759104
11.156        0.0075884
11.16        0.00758605
11.164        0.00758398
11.168        0.00758216
11.172        0.00758058
11.176        0.00757923
11.18        0.00757809
11.184        0.00757716
11.188        0.00757643
11.192        0.00757589
11.196        0.00757555
11.2        0.00757539
11.204        0.00757541
11.208        0.00757563
11.212        0.00757603
11.216        0.00757664
11.22        0.00757744
11.224        0.00757846
11.228        0.00757969
11.232        0.00758116
11.236        0.00758288
11.24        0.00758487
11.244        0.00758713
11.248        0.0075897
11.252        0.0075926
11.256        0.00759584
11.26        0.00759945
11.264        0.00760345
11.268        0.00760786
11.272        0.00761268
11.276        0.00761791
11.28        0.00762353
11.284        0.00762949
11.288        0.00763569
11.292        0.00764202
11.296        0.00764828
11.3        0.00765424
11.304        0.00765961
11.308        0.0076641
11.312        0.00766741
11.316        0.0076693
11.32        0.00766963
11.324        0.00766841
11.328        0.00766573
11.332        0.00766181
11.336        0.00765696
11.34        0.00765146
11.344        0.0076456
11.348        0.00763964
11.352        0.00763376
11.356        0.00762811
11.36        0.00762278
11.364        0.00761782
11.368        0.00761327
11.372        0.00760913
11.376        0.00760539
11.38        0.00760204
11.384        0.00759906
11.388        0.00759643
11.392        0.00759412
11.396        0.00759211
11.4        0.00759038
11.404        0.00758891
11.408        0.00758768
11.412        0.00758669
11.416        0.00758591
11.42        0.00758533
11.424        0.00758495
11.428        0.00758477
11.432        0.00758476
11.436        0.00758494
11.44        0.00758529
11.444        0.00758582
11.448        0.00758653
11.452        0.00758743
11.456        0.00758851
11.46        0.0075898
11.464        0.00759128
11.468        0.00759298
11.472        0.00759491
11.476        0.00759709
11.48        0.00759952
11.484        0.00760224
11.488        0.00760526
11.492        0.00760859
11.496        0.00761228
11.5        0.00761633
11.504        0.00762077
11.508        0.0076256
11.512        0.00763084
11.516        0.00763646
11.52        0.00764244
11.524        0.0076487
11.528        0.00765514
11.532        0.00766161
11.536        0.00766789
11.54        0.00767372
11.544        0.0076788
11.548        0.00768284
11.552        0.00768557
11.556        0.00768678
11.56        0.0076864
11.564        0.00768449
11.568        0.00768121
11.572        0.00767682
11.576        0.00767162
11.58        0.0076659
11.584        0.00765995
11.588        0.00765398
11.592        0.00764816
11.596        0.00764261
11.6        0.0076374
11.604        0.00763258
11.608        0.00762816
11.612        0.00762413
11.616        0.0076205
11.62        0.00761724
11.624        0.00761434
11.628        0.00761176
11.632        0.00760949
11.636        0.0076075
11.64        0.00760579
11.644        0.00760432
11.648        0.00760308
11.652        0.00760207
11.656        0.00760127
11.66        0.00760066
11.664        0.00760025
11.668        0.00760003
11.672        0.00759999
11.676        0.00760013
11.68        0.00760045
11.684        0.00760096
11.688        0.00760165
11.692        0.00760253
11.696        0.00760361
11.7        0.00760489
11.704        0.00760639
11.708        0.00760812
11.712        0.00761009
11.716        0.00761232
11.72        0.00761483
11.724        0.00761764
11.728        0.00762077
11.732        0.00762424
11.736        0.00762808
11.74        0.00763231
11.744        0.00763693
11.748        0.00764198
11.752        0.00764743
11.756        0.00765326
11.76        0.00765944
11.764        0.00766587
11.768        0.00767242
11.772        0.00767891
11.776        0.00768511
11.78        0.00769073
11.784        0.00769548
11.788        0.00769905
11.792        0.00770122
11.796        0.00770184
11.8        0.00770089
11.804        0.00769848
11.808        0.00769484
11.812        0.00769024
11.816        0.007685
11.82        0.0076794
11.824        0.00767368
11.828        0.00766805
11.832        0.00766264
11.836        0.00765756
11.84        0.00765286
11.844        0.00764856
11.848        0.00764469
11.852        0.00764122
11.856        0.00763814
11.86        0.00763544
11.864        0.00763309
11.868        0.00763107
11.872        0.00762936
11.876        0.00762794
11.88        0.00762678
11.884        0.00762587
11.888        0.0076252
11.892        0.00762476
11.896        0.00762452
11.9        0.00762449
11.904        0.00762466
11.908        0.00762502
11.912        0.00762556
11.916        0.00762629
11.92        0.00762721
11.924        0.00762831
11.928        0.00762961
11.932        0.0076311
11.936        0.00763279
11.94        0.0076347
11.944        0.00763682
11.948        0.00763918
11.952        0.0076418
11.956        0.00764468
11.96        0.00764784
11.964        0.00765131
11.968        0.00765511
11.972        0.00765926
11.976        0.00766379
11.98        0.0076687
11.984        0.00767401
11.988        0.00767974
11.992        0.00768585
11.996        0.00769233
12        0.00769909
12.004        0.00770605
12.008        0.00771303
12.012        0.00771984
12.016        0.00772621
12.02        0.00773185
12.024        0.00773645
12.028        0.00773975
12.032        0.00774153
12.036        0.00774173
12.04        0.00774039
12.044        0.00773768
12.048        0.00773384
12.052        0.00772918
12.056        0.00772401
12.06        0.00771858
12.064        0.00771312
12.068        0.00770781
12.072        0.00770276
12.076        0.00769805
12.08        0.00769371
12.084        0.00768977
12.088        0.00768623
12.092        0.00768307
12.096        0.00768028
12.1        0.00767783
12.104        0.0076757
12.108        0.00767388
12.112        0.00767233
12.116        0.00767104
12.12        0.00766999
12.124        0.00766917
12.128        0.00766855
12.132        0.00766814
12.136        0.00766791
12.14        0.00766787
12.144        0.007668
12.148        0.0076683
12.152        0.00766877
12.156        0.00766941
12.16        0.00767022
12.164        0.0076712
12.168        0.00767235
12.172        0.00767369
12.176        0.00767522
12.18        0.00767695
12.184        0.0076789
12.188        0.00768107
12.192        0.00768349
12.196        0.00768617
12.2        0.00768913
12.204        0.0076924
12.208        0.00769599
12.212        0.00769994
12.216        0.00770425
12.22        0.00770896
12.224        0.00771406
12.228        0.00771956
12.232        0.00772543
12.236        0.00773162
12.24        0.00773805
12.244        0.0077446
12.248        0.00775108
12.252        0.00775726
12.256        0.00776286
12.26        0.00776758
12.264        0.00777112
12.268        0.00777324
12.272        0.0077738
12.276        0.00777278
12.28        0.00777029
12.284        0.00776655
12.288        0.00776183
12.292        0.00775644
12.296        0.00775067
12.3        0.00774478
12.304        0.00773895
12.308        0.00773334
12.312        0.00772804
12.316        0.00772311
12.32        0.00771858
12.324        0.00771445
12.328        0.00771073
12.332        0.0077074
12.336        0.00770443
12.34        0.00770182
12.344        0.00769952
12.348        0.00769753
12.352        0.00769583
12.356        0.00769439
12.36        0.0076932
12.364        0.00769224
12.368        0.0076915
12.372        0.00769098
12.376        0.00769066
12.38        0.00769053
12.384        0.0076906
12.388        0.00769085
12.392        0.0076913
12.396        0.00769193
12.4        0.00769275
12.404        0.00769376
12.408        0.00769497
12.412        0.00769639
12.416        0.00769803
12.42        0.00769989
12.424        0.007702
12.428        0.00770436
12.432        0.00770699
12.436        0.00770992
12.44        0.00771316
12.444        0.00771674
12.448        0.00772068
12.452        0.00772499
12.456        0.00772971
12.46        0.00773484
12.464        0.00774039
12.468        0.00774634
12.472        0.00775267
12.476        0.0077593
12.48        0.00776614
12.484        0.00777302
12.488        0.00777975
12.492        0.00778607
12.496        0.00779167
12.5        0.00779626
12.504        0.00779957
12.508        0.00780139
12.512        0.00780164
12.516        0.00780035
12.52        0.00779771
12.524        0.00779395
12.528        0.00778938
12.532        0.0077843
12.536        0.00777897
12.54        0.00777363
12.544        0.00776845
12.548        0.00776354
12.552        0.00775899
12.556        0.00775483
12.56        0.00775108
12.564        0.00774774
12.568        0.00774481
12.572        0.00774226
12.576        0.00774007
12.58        0.00773823
12.584        0.0077367
12.588        0.00773546
12.592        0.0077345
12.596        0.0077338
12.6        0.00773334
12.604        0.00773311
12.608        0.00773309
12.612        0.00773328
12.616        0.00773366
12.62        0.00773423
12.624        0.00773499
12.628        0.00773593
12.632        0.00773706
12.636        0.00773836
12.64        0.00773985
12.644        0.00774153
12.648        0.0077434
12.652        0.00774548
12.656        0.00774776
12.66        0.00775027
12.664        0.00775302
12.668        0.00775602
12.672        0.00775929
12.676        0.00776286
12.68        0.00776673
12.684        0.00777094
12.688        0.0077755
12.692        0.00778044
12.696        0.00778578
12.7        0.00779151
12.704        0.00779765
12.708        0.00780416
12.712        0.007811
12.716        0.00781809
12.72        0.00782529
12.724        0.00783244
12.728        0.00783929
12.732        0.00784557
12.736        0.00785098
12.74        0.00785521
12.744        0.00785804
12.748        0.0078593
12.752        0.00785898
12.756        0.00785718
12.76        0.00785411
12.764        0.00785006
12.768        0.00784532
12.772        0.00784019
12.776        0.00783492
12.78        0.0078297
12.784        0.00782469
12.788        0.00781998
12.792        0.00781564
12.796        0.00781168
12.8        0.00780812
12.804        0.00780495
12.808        0.00780217
12.812        0.00779974
12.816        0.00779765
12.82        0.00779588
12.824        0.0077944
12.828        0.00779319
12.832        0.00779224
12.836        0.00779153
12.84        0.00779104
12.844        0.00779076
12.848        0.00779068
12.852        0.00779079
12.856        0.00779108
12.86        0.00779156
12.864        0.00779221
12.868        0.00779303
12.872        0.00779404
12.876        0.00779521
12.88        0.00779658
12.884        0.00779812
12.888        0.00779987
12.892        0.00780181
12.896        0.00780397
12.9        0.00780636
12.904        0.007809
12.908        0.00781189
12.912        0.00781507
12.916        0.00781854
12.92        0.00782234
12.924        0.00782649
12.928        0.00783101
12.932        0.00783592
12.936        0.00784122
12.94        0.00784694
12.944        0.00785305
12.948        0.00785953
12.952        0.0078663
12.956        0.00787328
12.96        0.0078803
12.964        0.00788716
12.968        0.00789361
12.972        0.00789934
12.976        0.00790407
12.98        0.00790751
12.984        0.00790946
12.988        0.00790983
12.992        0.00790866
12.996        0.00790612
13        0.00790245
13.004        0.00789795
13.008        0.00789293
13.012        0.00788766
13.016        0.00788236
13.02        0.0078772
13.024        0.00787232
13.028        0.00786778
13.032        0.00786364
13.036        0.0078599
13.04        0.00785658
13.044        0.00785365
13.048        0.00785111
13.052        0.00784894
13.056        0.0078471
13.06        0.00784558
13.064        0.00784436
13.068        0.00784341
13.072        0.00784272
13.076        0.00784228
13.08        0.00784206
13.084        0.00784207
13.088        0.00784228
13.092        0.00784268
13.096        0.00784329
13.1        0.00784408
13.104        0.00784505
13.108        0.00784622
13.112        0.00784757
13.116        0.0078491
13.12        0.00785083
13.124        0.00785276
13.128        0.0078549
13.132        0.00785726
13.136        0.00785984
13.14        0.00786267
13.144        0.00786575
13.148        0.00786912
13.152        0.00787277
13.156        0.00787675
13.16        0.00788107
13.164        0.00788575
13.168        0.00789081
13.172        0.00789627
13.176        0.00790214
13.18        0.00790841
13.184        0.00791507
13.188        0.00792207
13.192        0.00792933
13.196        0.00793672
13.2        0.00794405
13.204        0.00795112
13.208        0.00795762
13.212        0.00796326
13.216        0.00796775
13.22        0.00797084
13.224        0.00797238
13.228        0.00797234
13.232        0.00797082
13.236        0.00796803
13.24        0.00796425
13.244        0.00795979
13.248        0.00795493
13.252        0.00794992
13.256        0.00794498
13.26        0.00794024
13.264        0.0079358
13.268        0.00793172
13.272        0.00792804
13.276        0.00792476
13.28        0.00792188
13.284        0.00791938
13.288        0.00791724
13.292        0.00791544
13.296        0.00791396
13.3        0.00791278
13.304        0.00791187
13.308        0.00791121
13.312        0.00791079
13.316        0.0079106
13.32        0.00791061
13.324        0.00791083
13.328        0.00791123
13.332        0.00791182
13.336        0.00791258
13.34        0.00791352
13.344        0.00791463
13.348        0.00791592
13.352        0.00791737
13.356        0.00791901
13.36        0.00792082
13.364        0.00792283
13.368        0.00792503
13.372        0.00792745
13.376        0.00793008
13.38        0.00793296
13.384        0.00793609
13.388        0.00793949
13.392        0.00794319
13.396        0.0079472
13.4        0.00795156
13.404        0.00795627
13.408        0.00796137
13.412        0.00796686
13.416        0.00797275
13.42        0.00797903
13.424        0.00798567
13.428        0.0079926
13.432        0.00799973
13.436        0.0080069
13.44        0.00801391
13.444        0.00802051
13.448        0.0080264
13.452        0.00803127
13.456        0.00803486
13.46        0.00803696
13.464        0.00803747
13.468        0.00803643
13.472        0.00803401
13.476        0.00803044
13.48        0.00802603
13.484        0.00802108
13.488        0.00801586
13.492        0.00801061
13.496        0.00800549
13.5        0.00800063
13.504        0.00799611
13.508        0.00799198
13.512        0.00798825
13.516        0.00798493
13.52        0.00798201
13.524        0.00797946
13.528        0.00797728
13.532        0.00797543
13.536        0.00797389
13.54        0.00797265
13.544        0.00797169
13.548        0.00797098
13.552        0.00797051
13.556        0.00797027
13.56        0.00797024
13.564        0.00797043
13.568        0.00797081
13.572        0.00797138
13.576        0.00797215
13.58        0.0079731
13.584        0.00797423
13.588        0.00797556
13.592        0.00797707
13.596        0.00797878
13.6        0.00798069
13.604        0.00798281
13.608        0.00798515
13.612        0.00798772
13.616        0.00799054
13.62        0.00799362
13.624        0.00799698
13.628        0.00800065
13.632        0.00800463
13.636        0.00800896
13.64        0.00801366
13.644        0.00801874
13.648        0.00802423
13.652        0.00803014
13.656        0.00803646
13.66        0.00804317
13.664        0.00805024
13.668        0.00805757
13.672        0.00806504
13.676        0.00807248
13.68        0.00807966
13.684        0.0080863
13.688        0.0080921
13.692        0.00809676
13.696        0.00810004
13.7        0.00810178
13.704        0.00810195
13.708        0.00810065
13.712        0.00809808
13.716        0.00809452
13.72        0.00809029
13.724        0.00808566
13.728        0.00808089
13.732        0.00807619
13.736        0.0080717
13.74        0.00806753
13.744        0.00806372
13.748        0.00806032
13.752        0.00805734
13.756        0.00805476
13.76        0.00805258
13.764        0.00805078
13.768        0.00804933
13.772        0.0080482
13.776        0.00804739
13.78        0.00804686
13.784        0.0080466
13.788        0.00804659
13.792        0.00804681
13.796        0.00804725
13.8        0.00804791
13.804        0.00804876
13.808        0.00804981
13.812        0.00805105
13.816        0.00805247
13.82        0.00805407
13.824        0.00805585
13.828        0.00805781
13.832        0.00805996
13.836        0.0080623
13.84        0.00806484
13.844        0.00806758
13.848        0.00807054
13.852        0.00807372
13.856        0.00807715
13.86        0.00808084
13.864        0.0080848
13.868        0.00808907
13.872        0.00809365
13.876        0.00809857
13.88        0.00810386
13.884        0.00810953
13.888        0.0081156
13.892        0.00812207
13.896        0.00812892
13.9        0.00813614
13.904        0.00814365
13.908        0.00815136
13.912        0.00815911
13.916        0.0081667
13.92        0.00817389
13.924        0.00818037
13.928        0.00818584
13.932        0.00819003
13.936        0.00819273
13.94        0.00819383
13.944        0.00819338
13.948        0.00819152
13.952        0.00818851
13.956        0.00818463
13.96        0.00818019
13.964        0.00817548
13.968        0.0081707
13.972        0.00816605
13.976        0.00816164
13.98        0.00815756
13.984        0.00815385
13.988        0.00815053
13.992        0.00814761
13.996        0.00814506
14        0.00814289
14.004        0.00814105
14.008        0.00813954
14.012        0.00813833
14.016        0.0081374
14.02        0.00813672
14.024        0.00813629
14.028        0.00813608
14.032        0.00813608
14.036        0.00813628
14.04        0.00813668
14.044        0.00813725
14.048        0.00813799
14.052        0.00813891
14.056        0.00814
14.06        0.00814125
14.064        0.00814268
14.068        0.00814428
14.072        0.00814605
14.076        0.00814801
14.08        0.00815015
14.084        0.0081525
14.088        0.00815506
14.092        0.00815786
14.096        0.00816089
14.1        0.00816419
14.104        0.00816777
14.108        0.00817165
14.112        0.00817587
14.116        0.00818043
14.12        0.00818536
14.124        0.00819069
14.128        0.00819641
14.132        0.00820253
14.136        0.00820903
14.14        0.00821587
14.144        0.00822296
14.148        0.00823018
14.152        0.00823737
14.156        0.00824428
14.16        0.00825066
14.164        0.00825619
14.168        0.00826057
14.172        0.00826357
14.176        0.00826502
14.18        0.00826489
14.184        0.00826327
14.188        0.00826037
14.192        0.00825647
14.196        0.00825186
14.2        0.00824685
14.204        0.00824169
14.208        0.00823658
14.212        0.00823166
14.216        0.00822706
14.22        0.00822282
14.224        0.00821898
14.228        0.00821555
14.232        0.00821252
14.236        0.00820989
14.24        0.00820763
14.244        0.00820572
14.248        0.00820414
14.252        0.00820287
14.256        0.00820189
14.26        0.00820117
14.264        0.0082007
14.268        0.00820047
14.272        0.00820047
14.276        0.00820067
14.28        0.00820108
14.284        0.00820169
14.288        0.00820248
14.292        0.00820347
14.296        0.00820464
14.3        0.008206
14.304        0.00820755
14.308        0.00820928
14.312        0.00821122
14.316        0.00821336
14.32        0.00821571
14.324        0.00821829
14.328        0.0082211
14.332        0.00822417
14.336        0.0082275
14.34        0.00823112
14.344        0.00823505
14.348        0.00823931
14.352        0.00824392
14.356        0.00824891
14.36        0.00825429
14.364        0.00826008
14.368        0.00826628
14.372        0.00827288
14.376        0.00827986
14.38        0.00828714
14.384        0.00829464
14.388        0.00830221
14.392        0.00830964
14.396        0.00831668
14.4        0.00832304
14.404        0.00832841
14.408        0.00833252
14.412        0.00833515
14.416        0.00833621
14.42        0.00833573
14.424        0.00833384
14.428        0.00833081
14.432        0.00832692
14.436        0.00832248
14.44        0.00831776
14.444        0.00831299
14.448        0.00830836
14.452        0.00830398
14.456        0.00829994
14.46        0.00829628
14.464        0.00829303
14.468        0.00829018
14.472        0.00828773
14.476        0.00828566
14.48        0.00828394
14.484        0.00828256
14.488        0.00828149
14.492        0.00828071
14.496        0.0082802
14.5        0.00827994
14.504        0.00827991
14.508        0.00828011
14.512        0.00828051
14.516        0.00828111
14.52        0.00828191
14.524        0.00828288
14.528        0.00828403
14.532        0.00828536
14.536        0.00828686
14.54        0.00828854
14.544        0.0082904
14.548        0.00829243
14.552        0.00829465
14.556        0.00829707
14.56        0.00829969
14.564        0.00830253
14.568        0.0083056
14.572        0.00830891
14.576        0.00831248
14.58        0.00831634
14.584        0.00832051
14.588        0.008325
14.592        0.00832983
14.596        0.00833504
14.6        0.00834064
14.604        0.00834663
14.608        0.00835302
14.612        0.00835978
14.616        0.00836688
14.62        0.00837424
14.624        0.00838172
14.628        0.00838917
14.632        0.00839636
14.636        0.008403
14.64        0.0084088
14.644        0.00841346
14.648        0.00841674
14.652        0.00841846
14.656        0.0084186
14.66        0.00841723
14.664        0.00841458
14.668        0.0084109
14.672        0.0084065
14.676        0.00840169
14.68        0.0083967
14.684        0.00839176
14.688        0.00838701
14.692        0.00838255
14.696        0.00837845
14.7        0.00837474
14.704        0.00837144
14.708        0.00836853
14.712        0.008366
14.716        0.00836385
14.72        0.00836203
14.724        0.00836054
14.728        0.00835935
14.732        0.00835844
14.736        0.00835779
14.74        0.00835738
14.744        0.0083572
14.748        0.00835724
14.752        0.00835749
14.756        0.00835793
14.76        0.00835857
14.764        0.00835938
14.768        0.00836038
14.772        0.00836156
14.776        0.00836293
14.78        0.00836447
14.784        0.0083662
14.788        0.00836812
14.792        0.00837024
14.796        0.00837257
14.8        0.00837512
14.804        0.0083779
14.808        0.00838093
14.812        0.00838422
14.816        0.0083878
14.82        0.00839168
14.824        0.00839588
14.828        0.00840044
14.832        0.00840536
14.836        0.00841068
14.84        0.0084164
14.844        0.00842254
14.848        0.00842908
14.852        0.00843599
14.856        0.00844321
14.86        0.00845065
14.864        0.00845816
14.868        0.00846553
14.872        0.00847253
14.876        0.00847886
14.88        0.00848421
14.884        0.0084883
14.888        0.00849093
14.892        0.00849199
14.896        0.0084915
14.9        0.00848961
14.904        0.00848656
14.908        0.00848265
14.912        0.00847818
14.916        0.00847344
14.92        0.00846864
14.924        0.00846398
14.928        0.00845957
14.932        0.0084555
14.936        0.00845182
14.94        0.00844855
14.944        0.00844568
14.948        0.00844322
14.952        0.00844114
14.956        0.00843943
14.96        0.00843805
14.964        0.008437
14.968        0.00843624
14.972        0.00843575
14.976        0.00843552
14.98        0.00843554
14.984        0.00843578
14.988        0.00843623
14.992        0.00843689
14.996        0.00843775
