Velocity-Verlet algorithm (2D)
uranus (x, y, vx, vy)
Timestep: 30 years

17.8419        8.84325        -0.648525        1.22018        
17.8393        8.84813        -0.648882        1.22001        
17.8367        8.85301        -0.649239        1.21983        
17.8341        8.85789        -0.649597        1.21965        
17.8315        8.86277        -0.649954        1.21947        
17.8289        8.86764        -0.650311        1.2193        
17.8263        8.87252        -0.650668        1.21912        
17.8237        8.8774        -0.651025        1.21894        
17.8211        8.88227        -0.651382        1.21876        
17.8185        8.88715        -0.651739        1.21859        
17.8159        8.89202        -0.652095        1.21841        
17.8133        8.89689        -0.652452        1.21823        
17.8107        8.90177        -0.652809        1.21805        
17.8081        8.90664        -0.653166        1.21787        
17.8055        8.91151        -0.653522        1.2177        
17.8029        8.91638        -0.653879        1.21752        
17.8002        8.92125        -0.654235        1.21734        
17.7976        8.92612        -0.654592        1.21716        
17.795        8.93099        -0.654948        1.21698        
17.7924        8.93585        -0.655305        1.2168        
17.7898        8.94072        -0.655661        1.21662        
17.7871        8.94559        -0.656018        1.21644        
17.7845        8.95045        -0.656374        1.21626        
17.7819        8.95532        -0.65673        1.21608        
17.7793        8.96018        -0.657086        1.21591        
17.7766        8.96504        -0.657443        1.21573        
17.774        8.96991        -0.657799        1.21555        
17.7714        8.97477        -0.658155        1.21537        
17.7687        8.97963        -0.658511        1.21519        
17.7661        8.98449        -0.658867        1.21501        
17.7635        8.98935        -0.659223        1.21483        
17.7608        8.99421        -0.659579        1.21465        
17.7582        8.99907        -0.659935        1.21447        
17.7555        9.00393        -0.66029        1.21429        
17.7529        9.00878        -0.660646        1.21411        
17.7503        9.01364        -0.661002        1.21393        
17.7476        9.01849        -0.661358        1.21374        
17.745        9.02335        -0.661713        1.21356        
17.7423        9.0282        -0.662069        1.21338        
17.7397        9.03305        -0.662424        1.2132        
17.737        9.03791        -0.66278        1.21302        
17.7344        9.04276        -0.663135        1.21284        
17.7317        9.04761        -0.663491        1.21266        
17.7291        9.05246        -0.663846        1.21248        
17.7264        9.05731        -0.664202        1.2123        
17.7237        9.06216        -0.664557        1.21211        
17.7211        9.06701        -0.664912        1.21193        
17.7184        9.07185        -0.665267        1.21175        
17.7158        9.0767        -0.665622        1.21157        
17.7131        9.08155        -0.665978        1.21139        
17.7104        9.08639        -0.666333        1.2112        
17.7078        9.09124        -0.666688        1.21102        
17.7051        9.09608        -0.667043        1.21084        
17.7024        9.10092        -0.667398        1.21066        
17.6998        9.10577        -0.667752        1.21048        
17.6971        9.11061        -0.668107        1.21029        
17.6944        9.11545        -0.668462        1.21011        
17.6917        9.12029        -0.668817        1.20993        
17.6891        9.12513        -0.669172        1.20974        
17.6864        9.12997        -0.669526        1.20956        
17.6837        9.1348        -0.669881        1.20938        
17.681        9.13964        -0.670235        1.2092        
17.6783        9.14448        -0.67059        1.20901        
17.6757        9.14931        -0.670944        1.20883        
17.673        9.15415        -0.671299        1.20865        
17.6703        9.15898        -0.671653        1.20846        
17.6676        9.16382        -0.672008        1.20828        
17.6649        9.16865        -0.672362        1.20809        
17.6622        9.17348        -0.672716        1.20791        
17.6595        9.17831        -0.67307        1.20773        
17.6568        9.18314        -0.673425        1.20754        
17.6542        9.18797        -0.673779        1.20736        
17.6515        9.1928        -0.674133        1.20717        
17.6488        9.19763        -0.674487        1.20699        
17.6461        9.20246        -0.674841        1.20681        
17.6434        9.20728        -0.675195        1.20662        
17.6407        9.21211        -0.675549        1.20644        
17.638        9.21694        -0.675902        1.20625        
17.6352        9.22176        -0.676256        1.20607        
17.6325        9.22658        -0.67661        1.20588        
17.6298        9.23141        -0.676964        1.2057        
17.6271        9.23623        -0.677317        1.20551        
17.6244        9.24105        -0.677671        1.20533        
17.6217        9.24587        -0.678025        1.20514        
17.619        9.25069        -0.678378        1.20495        
17.6163        9.25551        -0.678732        1.20477        
17.6136        9.26033        -0.679085        1.20458        
17.6108        9.26515        -0.679438        1.2044        
17.6081        9.26997        -0.679792        1.20421        
17.6054        9.27478        -0.680145        1.20403        
17.6027        9.2796        -0.680498        1.20384        
17.6        9.28441        -0.680851        1.20365        
17.5972        9.28923        -0.681205        1.20347        
17.5945        9.29404        -0.681558        1.20328        
17.5918        9.29885        -0.681911        1.20309        
17.5891        9.30367        -0.682264        1.20291        
17.5863        9.30848        -0.682617        1.20272        
17.5836        9.31329        -0.68297        1.20253        
17.5809        9.3181        -0.683323        1.20235        
17.5781        9.32291        -0.683675        1.20216        
17.5754        9.32771        -0.684028        1.20197        
17.5727        9.33252        -0.684381        1.20179        
17.5699        9.33733        -0.684734        1.2016        
17.5672        9.34213        -0.685086        1.20141        
17.5644        9.34694        -0.685439        1.20122        
17.5617        9.35174        -0.685792        1.20104        
17.559        9.35655        -0.686144        1.20085        
17.5562        9.36135        -0.686497        1.20066        
17.5535        9.36615        -0.686849        1.20047        
17.5507        9.37095        -0.687201        1.20028        
17.548        9.37576        -0.687554        1.2001        
17.5452        9.38056        -0.687906        1.19991        
17.5425        9.38535        -0.688258        1.19972        
17.5397        9.39015        -0.68861        1.19953        
17.537        9.39495        -0.688962        1.19934        
17.5342        9.39975        -0.689315        1.19915        
17.5314        9.40454        -0.689667        1.19897        
17.5287        9.40934        -0.690019        1.19878        
17.5259        9.41413        -0.690371        1.19859        
17.5232        9.41893        -0.690722        1.1984        
17.5204        9.42372        -0.691074        1.19821        
17.5176        9.42851        -0.691426        1.19802        
17.5149        9.43331        -0.691778        1.19783        
17.5121        9.4381        -0.69213        1.19764        
17.5093        9.44289        -0.692481        1.19745        
17.5066        9.44768        -0.692833        1.19726        
17.5038        9.45246        -0.693185        1.19707        
17.501        9.45725        -0.693536        1.19688        
17.4982        9.46204        -0.693888        1.19669        
17.4955        9.46683        