Velocity-Verlet algorithm (2D)
venus (x, y, vx, vy)
Timestep: 30 years

-0.704996        0.131291        -1.33197        -7.30499        
-0.709721        0.101964        -1.02963        -7.35223        
-0.713233        0.0724732        -0.725717        -7.38691        
-0.715527        0.0428688        -0.42075        -7.40899        
-0.716599        0.0132013        -0.115256        -7.41845        
-0.716449        -0.0164788        0.190241        -7.41528        
-0.715077        -0.046121        0.495215        -7.39952        
-0.712487        -0.0756749        0.799146        -7.37119        
-0.708684        -0.105091        1.10151        -7.33037        
-0.703675        -0.134318        1.40181        -7.27715        
-0.69747        -0.163308        1.69951        -7.21162        
-0.690079        -0.192011        1.99413        -7.13393        
-0.681517        -0.220379        2.28516        -7.04421        
-0.671798        -0.248365        2.57211        -6.94264        
-0.66094        -0.27592        2.8545        -6.82942        
-0.648962        -0.303        3.13187        -6.70473        
-0.635885        -0.329558        3.40375        -6.56883        
-0.621732        -0.355551        3.66968        -6.42194        
-0.606527        -0.380934        3.92923        -6.26434        
-0.590298        -0.405665        4.18198        -6.0963        
-0.573071        -0.429704        4.4275        -5.91813        
-0.554878        -0.45301        4.66539        -5.73014        
-0.535748        -0.475545        4.89527        -5.53265        
-0.515716        -0.497271        5.11676        -5.32602        
-0.494814        -0.518153        5.32951        -5.11059        
-0.47308        -0.538156        5.53317        -4.88675        
-0.450549        -0.557247        5.72741        -4.65488        
-0.42726        -0.575395        5.91193        -4.41537        
-0.403253        -0.59257        6.08643        -4.16864        
-0.378569        -0.608744        6.25064        -3.9151        
-0.353248        -0.623891        6.4043        -3.65518        
-0.327335        -0.637986        6.54716        -3.38932        
-0.300871        -0.651006        6.679        -3.11797        
-0.273903        -0.66293        6.79963        -2.84159        
-0.246474        -0.673738        6.90885        -2.56063        
-0.218632        -0.683415        7.00649        -2.27556        
-0.190422        -0.691943        7.09242        -1.98686        
-0.161892        -0.69931        7.1665        -1.69501        
-0.13309        -0.705503        7.22862        -1.40049        
-0.104063        -0.710514        7.27869        -1.10378        
-0.0748606        -0.714333        7.31665        -0.805371        
-0.0455302        -0.716956        7.34243        -0.505757        
-0.0161211        -0.718379        7.35602        -0.205428        
0.0133179        -0.7186        7.35739        0.0951264        
0.042738        -0.717618        7.34656        0.395414        
0.0720904        -0.715437        7.32355        0.694945        
0.101326        -0.712059        7.2884        0.993231        
0.130398        -0.707491        7.24119        1.28979        
0.159256        -0.70174        7.18199        1.58413        
0.187854        -0.694818        7.11091        1.87579        
0.216143        -0.686734        7.02807        2.16428        
0.244078        -0.677503        6.9336        2.44913        
0.271612        -0.667141        6.82767        2.7299        
0.298699        -0.655664        6.71045        3.00611        
0.325296        -0.643092        6.58213        3.27733        
0.351356        -0.629446        6.44293        3.54311        
0.376839        -0.614747        6.29307        3.80303        
0.401701        -0.599021        6.13279        4.05665        
0.425901        -0.582294        5.96236        4.30357        
0.4494        -0.564593        5.78205        4.54338        
0.472158        -0.545947        5.59215        4.7757        
0.494137        -0.526387        5.39297        5.00014        
0.515301        -0.505946        5.18483        5.21635        
0.535616        -0.484657        4.96807        5.42395        
0.555046        -0.462554        4.74303        5.62262        
0.57356        -0.439676        4.51009        5.81203        
0.591127        -0.416058        4.2696        5.99185        
0.607717        -0.391741        4.02197        6.16181        
0.623302        -0.366764        3.7676        6.3216        
0.637858        -0.341168        3.50688        6.47097        
0.651358        -0.314996        3.24025        6.60966        
0.66378        -0.288291        2.96813        6.73743        
0.675103        -0.261096        2.69097        6.85408        
0.685307        -0.233458        2.40921        6.9594        
0.694376        -0.205421        2.12332        7.0532        
0.702294        -0.177032        1.83375        7.13532        
0.709046        -0.148339        1.54098        7.20562        
0.714622        -0.119388        1.24548        7.26397        
0.71901        -0.090227        0.947751        7.31025        
0.722204        -0.0609055        0.648266        7.34439        
0.724196        -0.0314718        0.34752        7.3663        
0.724984        -0.00197507        0.0460085        7.37594        
0.724564        0.0275357        -0.255771        7.37327        
0.722938        0.0570111        -0.557319        7.35829        
0.720106        0.086402        -0.858136        7.33101        
0.716073        0.115659        -1.15772        7.29145        
0.710844        0.144734        -1.45557        7.23965        
0.704428        0.173576        -1.7512        7.17571        
0.696834        0.202139        -2.0441        7.09969        
0.688075        0.230374        -2.33378        7.01171        
0.678164        0.258233        -2.61976        6.9119        
0.667117        0.285669        -2.90155        6.80042        
0.654952        0.312636        -3.17866        6.67742        
0.641688        0.339089        -3.45064        6.54311        
0.627347        0.364981        -3.71701        6.39768        
0.611952        0.39027        -3.97732        6.24137        
0.595528        0.414912        -4.23112        6.07443        
0.578103        0.438865        -4.47797        5.89712        
0.559704        0.462089        -4.71745        5.70972        
0.540363        0.484543        -4.94913        5.51255        
0.520111        0.506189        -5.17262        5.30591        
0.498982        0.52699        -5.38751        5.09015        
0.477011        0.546911        -5.59345        4.86562        
0.454235        0.565915        -5.79005        4.63269        
0.430691        0.583972        -5.97698        4.39174        
0.406419        0.601049        -6.15389        4.14318        
0.38146        0.617118        -6.32048        3.88742        
0.355855        0.632149        -6.47644        3.62489        
0.329648        0.646117        -6.6215        3.35602        
0.302883        0.658997        -6.75539        3.08129        
0.275605        0.670767        -6.87786        2.80114        
0.24786        0.681406        -6.98869        2.51605        
0.219695        0.690895        -7.08768        2.22652        
0.191159        0.699218        -7.17464        1.93303        
0.162298        0.70636        -7.24942        1.63608        
0.133163        0.712307        -7.31185        1.3362        
0.103803        0.717049        -7.36184        1.03388        
0.0742686        0.720578        -7.39927        0.729658        
0.0446093        0.722886        -7.42408        0.424056        
0.014876        0.72397        -7.4362        0.117601        
-0.0148803        0.723827        -7.4356        -0.189173        
-0.0446088        0.722457        -7.42229        -0.495735        
-0.0742586        0.719861        -7.39626        -0.801551        
-0.103779        0.716044        -7.35757        -1.10609        
-0.133119        0.711013        -7.30626        -1.40882        
-0.162229        0.704774        -7.24242        -1.70921        
-0.191059        0.697339        -7.16616        -2.00673        
-0.219558        0.68872        -7.0776        -2.30088        
-0.247679        0.678932        -6.97689        -2.59112        
-0.275373        0.667991        -6.86421        -2.87696        
-0.302593        0.655916        