0        0.00612252
0.004        0.00612293
0.008        0.00612333
0.012        0.00612374
0.016        0.00612415
0.02        0.00612456
0.024        0.00612497
0.028        0.00612537
0.032        0.00612578
0.036        0.00612619
0.04        0.00612659
0.044        0.006127
0.048        0.0061274
0.052        0.00612781
0.056        0.00612821
0.06        0.00612861
0.064        0.00612902
0.068        0.00612942
0.072        0.00612982
0.076        0.00613022
0.08        0.00613062
0.084        0.00613102
0.088        0.00613143
0.092        0.00613182
0.096        0.00613222
0.1        0.00613262
0.104        0.00613302
0.108        0.00613342
0.112        0.00613382
0.116        0.00613421
0.12        0.00613461
0.124        0.00613501
0.128        0.0061354
0.132        0.0061358
0.136        0.00613619
0.14        0.00613659
0.144        0.00613698
0.148        0.00613738
0.152        0.00613777
0.156        0.00613817
0.16        0.00613856
0.164        0.00613895
0.168        0.00613935
0.172        0.00613974
0.176        0.00614014
0.18        0.00614053
0.184        0.00614092
0.188        0.00614132
0.192        0.00614171
0.196        0.00614211
0.2        0.0061425
0.204        0.0061429
0.208        0.0061433
0.212        0.00614369
0.216        0.00614409
0.22        0.00614449
0.224        0.00614489
0.228        0.00614528
0.232        0.00614568
0.236        0.00614608
0.24        0.00614649
0.244        0.00614689
0.248        0.00614729
0.252        0.0061477
0.256        0.0061481
0.26        0.00614851
0.264        0.00614892
0.268        0.00614933
0.272        0.00614974
0.276        0.00615015
0.28        0.00615056
0.284        0.00615098
0.288        0.00615139
0.292        0.00615181
0.296        0.00615223
0.3        0.00615265
0.304        0.00615308
0.308        0.0061535
0.312        0.00615393
0.316        0.00615436
0.32        0.00615479
0.324        0.00615522
0.328        0.00615566
0.332        0.0061561
0.336        0.00615654
0.34        0.00615698
0.344        0.00615743
0.348        0.00615788
0.352        0.00615833
0.356        0.00615878
0.36        0.00615924
0.364        0.0061597
0.368        0.00616016
0.372        0.00616062
0.376        0.00616109
0.38        0.00616156
0.384        0.00616204
0.388        0.00616252
0.392        0.006163
0.396        0.00616348
0.4        0.00616397
0.404        0.00616446
0.408        0.00616495
0.412        0.00616545
0.416        0.00616595
0.42        0.00616645
0.424        0.00616696
0.428        0.00616747
0.432        0.00616799
0.436        0.00616851
0.44        0.00616903
0.444        0.00616956
0.448        0.00617009
0.452        0.00617062
0.456        0.00617116
0.46        0.0061717
0.464        0.00617225
0.468        0.0061728
0.472        0.00617336
0.476        0.00617391
0.48        0.00617448
0.484        0.00617504
0.488        0.00617562
0.492        0.00617619
0.496        0.00617677
0.5        0.00617736
0.504        0.00617794
0.508        0.00617854
0.512        0.00617914
0.516        0.00617974
0.52        0.00618034
0.524        0.00618095
0.528        0.00618157
0.532        0.00618219
0.536        0.00618281
0.54        0.00618344
0.544        0.00618407
0.548        0.00618471
0.552        0.00618535
0.556        0.006186
0.56        0.00618665
0.564        0.00618731
0.568        0.00618797
0.572        0.00618863
0.576        0.0061893
0.58        0.00618998
0.584        0.00619065
0.588        0.00619134
0.592        0.00619203
0.596        0.00619272
0.6        0.00619341
0.604        0.00619411
0.608        0.00619482
0.612        0.00619553
0.616        0.00619624
0.62        0.00619696
0.624        0.00619769
0.628        0.00619841
0.632        0.00619915
0.636        0.00619988
0.64        0.00620062
0.644        0.00620137
0.648        0.00620212
0.652        0.00620287
0.656        0.00620363
0.66        0.00620439
0.664        0.00620516
0.668        0.00620593
0.672        0.00620671
0.676        0.00620748
0.68        0.00620827
0.684        0.00620905
0.688        0.00620985
0.692        0.00621064
0.696        0.00621144
0.7        0.00621224
0.704        0.00621305
0.708        0.00621386
0.712        0.00621467
0.716        0.00621549
0.72        0.00621631
0.724        0.00621714
0.728        0.00621796
0.732        0.0062188
0.736        0.00621963
0.74        0.00622047
0.744        0.00622131
0.748        0.00622216
0.752        0.006223
0.756        0.00622386
0.76        0.00622471
0.764        0.00622557
0.768        0.00622643
0.772        0.00622729
0.776        0.00622816
0.78        0.00622903
0.784        0.0062299
0.788        0.00623078
0.792        0.00623165
0.796        0.00623253
0.8        0.00623341
0.804        0.0062343
0.808        0.00623519
0.812        0.00623608
0.816        0.00623697
0.82        0.00623786
0.824        0.00623876
0.828        0.00623965
0.832        0.00624055
0.836        0.00624146
0.84        0.00624236
0.844        0.00624327
0.848        0.00624417
0.852        0.00624508
0.856        0.00624599
0.86        0.0062469
0.864        0.00624782
0.868        0.00624873
0.872        0.00624965
0.876        0.00625056
0.88        0.00625148
0.884        0.0062524
0.888        0.00625332
0.892        0.00625424
0.896        0.00625516
0.9        0.00625608
0.904        0.00625701
0.908        0.00625793
0.912        0.00625886
0.916        0.00625978
0.92        0.00626071
0.924        0.00626163
0.928        0.00626256
0.932        0.00626349
0.936        0.00626441
0.94        0.00626534
0.944        0.00626627
0.948        0.0062672
0.952        0.00626812
0.956        0.00626905
0.96        0.00626998
0.964        0.00627091
0.968        0.00627183
0.972        0.00627276
0.976        0.00627369
0.98        0.00627461
0.984        0.00627554
0.988        0.00627647
0.992        0.00627739
0.996        0.00627832
1        0.00627924
1.004        0.00628017
1.008        0.00628109
1.012        0.00628201
1.016        0.00628293
1.02        0.00628385
1.024        0.00628478
1.028        0.0062857
1.032        0.00628661
1.036        0.00628753
1.04        0.00628845
1.044        0.00628937
1.048        0.00629028
1.052        0.0062912
1.056        0.00629211
1.06        0.00629303
1.064        0.00629394
1.068        0.00629485
1.072        0.00629576
1.076        0.00629667
1.08        0.00629758
1.084        0.00629849
1.088        0.0062994
1.092        0.0063003
1.096        0.00630121
1.1        0.00630211
1.104        0.00630302
1.108        0.00630392
1.112        0.00630482
1.116        0.00630572
1.12        0.00630662
1.124        0.00630752
1.128        0.00630842
1.132        0.00630932
1.136        0.00631022
1.14        0.00631111
1.144        0.00631201
1.148        0.00631291
1.152        0.0063138
1.156        0.0063147
1.16        0.00631559
1.164        0.00631648
1.168        0.00631738
1.172        0.00631827
1.176        0.00631916
1.18        0.00632005
1.184        0.00632094
1.188        0.00632183
1.192        0.00632272
1.196        0.00632361
1.2        0.0063245
1.204        0.00632539
1.208        0.00632629
1.212        0.00632718
1.216        0.00632807
1.22        0.00632896
1.224        0.00632985
1.228        0.00633074
1.232        0.00633163
1.236        0.00633252
1.24        0.00633341
1.244        0.0063343
1.248        0.0063352
1.252        0.00633609
1.256        0.00633698
1.26        0.00633788
1.264        0.00633878
1.268        0.00633967
1.272        0.00634057
1.276        0.00634147
1.28        0.00634237
1.284        0.00634327
1.288        0.00634417
1.292        0.00634507
1.296        0.00634597
1.3        0.00634688
1.304        0.00634778
1.308        0.00634869
1.312        0.0063496
1.316        0.00635051
1.32        0.00635143
1.324        0.00635234
1.328        0.00635326
1.332        0.00635417
1.336        0.00635509
1.34        0.00635601
1.344        0.00635694
1.348        0.00635786
1.352        0.00635879
1.356        0.00635972
1.36        0.00636065
1.364        0.00636159
1.368        0.00636252
1.372        0.00636346
1.376        0.00636441
1.38        0.00636535
1.384        0.0063663
1.388        0.00636725
1.392        0.0063682
1.396        0.00636915
1.4        0.00637011
1.404        0.00637107
1.408        0.00637203
1.412        0.006373
1.416        0.00637397
1.42        0.00637494
1.424        0.00637592
1.428        0.0063769
1.432        0.00637788
1.436        0.00637886
1.44        0.00637985
1.444        0.00638084
1.448        0.00638184
1.452        0.00638284
1.456        0.00638384
1.46        0.00638484
1.464        0.00638585
1.468        0.00638686
1.472        0.00638788
1.476        0.0063889
1.48        0.00638992
1.484        0.00639095
1.488        0.00639198
1.492        0.00639301
1.496        0.00639405
1.5        0.00639509
1.504        0.00639614
1.508        0.00639719
1.512        0.00639824
1.516        0.00639929
1.52        0.00640035
1.524        0.00640142
1.528        0.00640249
1.532        0.00640356
1.536        0.00640464
1.54        0.00640571
1.544        0.0064068
1.548        0.00640789
1.552        0.00640898
1.556        0.00641007
1.56        0.00641117
1.564        0.00641228
1.568        0.00641338
1.572        0.00641449
1.576        0.00641561
1.58        0.00641673
1.584        0.00641785
1.588        0.00641898
1.592        0.00642011
1.596        0.00642124
1.6        0.00642238
1.604        0.00642353
1.608        0.00642467
1.612        0.00642582
1.616        0.00642698
1.62        0.00642813
1.624        0.0064293
1.628        0.00643046
1.632        0.00643163
1.636        0.0064328
1.64        0.00643398
1.644        0.00643516
1.648        0.00643634
1.652        0.00643753
1.656        0.00643872
1.66        0.00643992
1.664        0.00644111
1.668        0.00644231
1.672        0.00644352
1.676        0.00644473
1.68        0.00644594
1.684        0.00644715
1.688        0.00644837
1.692        0.00644959
1.696        0.00645082
1.7        0.00645205
1.704        0.00645328
1.708        0.00645451
1.712        0.00645575
1.716        0.00645699
1.72        0.00645823
1.724        0.00645948
1.728        0.00646073
1.732        0.00646198
1.736        0.00646323
1.74        0.00646449
1.744        0.00646575
1.748        0.00646701
1.752        0.00646828
1.756        0.00646954
1.76        0.00647081
1.764        0.00647208
1.768        0.00647336
1.772        0.00647463
1.776        0.00647591
1.78        0.00647719
1.784        0.00647848
1.788        0.00647976
1.792        0.00648105
1.796        0.00648233
1.8        0.00648362
1.804        0.00648491
1.808        0.00648621
1.812        0.0064875
1.816        0.0064888
1.82        0.0064901
1.824        0.00649139
1.828        0.00649269
1.832        0.006494
1.836        0.0064953
1.84        0.0064966
1.844        0.00649791
1.848        0.00649921
1.852        0.00650052
1.856        0.00650182
1.86        0.00650313
1.864        0.00650444
1.868        0.00650575
1.872        0.00650706
1.876        0.00650837
1.88        0.00650968
1.884        0.00651099
1.888        0.0065123
1.892        0.00651361
1.896        0.00651492
1.9        0.00651623
1.904        0.00651754
1.908        0.00651886
1.912        0.00652017
1.916        0.00652148
1.92        0.00652279
1.924        0.0065241
1.928        0.00652541
1.932        0.00652672
1.936        0.00652802
1.94        0.00652933
1.944        0.00653064
1.948        0.00653195
1.952        0.00653325
1.956        0.00653456
1.96        0.00653586
1.964        0.00653716
1.968        0.00653847
1.972        0.00653977
1.976        0.00654107
1.98        0.00654237
1.984        0.00654366
1.988        0.00654496
1.992        0.00654626
1.996        0.00654755
2        0.00654884
2.004        0.00655013
2.008        0.00655142
2.012        0.00655271
2.016        0.006554
2.02        0.00655528
2.024        0.00655657
2.028        0.00655785
2.032        0.00655913
2.036        0.00656041
2.04        0.00656169
2.044        0.00656296
2.048        0.00656424
2.052        0.00656551
2.056        0.00656678
2.06        0.00656805
2.064        0.00656932
2.068        0.00657058
2.072        0.00657185
2.076        0.00657311
2.08        0.00657437
2.084        0.00657563
2.088        0.00657688
2.092        0.00657814
2.096        0.00657939
2.1        0.00658064
2.104        0.00658189
2.108        0.00658314
2.112        0.00658438
2.116        0.00658563
2.12        0.00658687
2.124        0.00658811
2.128        0.00658935
2.132        0.00659059
2.136        0.00659182
2.14        0.00659306
2.144        0.00659429
2.148        0.00659552
2.152        0.00659675
2.156        0.00659798
2.16        0.00659921
2.164        0.00660043
2.168        0.00660165
2.172        0.00660288
2.176        0.0066041
2.18        0.00660532
2.184        0.00660654
2.188        0.00660775
2.192        0.00660897
2.196        0.00661018
2.2        0.0066114
2.204        0.00661261
2.208        0.00661382
2.212        0.00661503
2.216        0.00661624
2.22        0.00661745
2.224        0.00661866
2.228        0.00661986
2.232        0.00662107
2.236        0.00662228
2.24        0.00662348
2.244        0.00662469
2.248        0.00662589
2.252        0.00662709
2.256        0.0066283
2.26        0.0066295
2.264        0.0066307
2.268        0.0066319
2.272        0.00663311
2.276        0.00663431
2.28        0.00663551
2.284        0.00663671
2.288        0.00663792
2.292        0.00663912
2.296        0.00664032
2.3        0.00664152
2.304        0.00664273
2.308        0.00664393
2.312        0.00664514
2.316        0.00664634
2.32        0.00664755
2.324        0.00664875
2.328        0.00664996
2.332        0.00665116
2.336        0.00665237
2.34        0.00665358
2.344        0.00665479
2.348        0.006656
2.352        0.00665722
2.356        0.00665843
2.36        0.00665964
2.364        0.00666086
2.368        0.00666207
2.372        0.00666329
2.376        0.00666451
2.38        0.00666573
2.384        0.00666696
2.388        0.00666818
2.392        0.00666941
2.396        0.00667063
2.4        0.00667186
2.404        0.00667309
2.408        0.00667432
2.412        0.00667556
2.416        0.0066768
2.42        0.00667803
2.424        0.00667927
2.428        0.00668052
2.432        0.00668176
2.436        0.00668301
2.44        0.00668426
2.444        0.00668551
2.448        0.00668676
2.452        0.00668801
2.456        0.00668927
2.46        0.00669053
2.464        0.00669179
2.468        0.00669306
2.472        0.00669433
2.476        0.00669559
2.48        0.00669687
2.484        0.00669814
2.488        0.00669942
2.492        0.0067007
2.496        0.00670198
2.5        0.00670326
2.504        0.00670455
2.508        0.00670584
2.512        0.00670713
2.516        0.00670843
2.52        0.00670973
2.524        0.00671103
2.528        0.00671233
2.532        0.00671364
2.536        0.00671495
2.54        0.00671626
2.544        0.00671757
2.548        0.00671889
2.552        0.00672021
2.556        0.00672153
2.56        0.00672286
2.564        0.00672419
2.568        0.00672552
2.572        0.00672685
2.576        0.00672819
2.58        0.00672953
2.584        0.00673087
2.588        0.00673221
2.592        0.00673356
2.596        0.00673491
2.6        0.00673626
2.604        0.00673762
2.608        0.00673898
2.612        0.00674034
2.616        0.0067417
2.62        0.00674307
2.624        0.00674444
2.628        0.00674581
2.632        0.00674718
2.636        0.00674856
2.64        0.00674993
2.644        0.00675132
2.648        0.0067527
2.652        0.00675408
2.656        0.00675547
2.66        0.00675686
2.664        0.00675826
2.668        0.00675965
2.672        0.00676105
2.676        0.00676245
2.68        0.00676385
2.684        0.00676525
2.688        0.00676666
2.692        0.00676806
2.696        0.00676947
2.7        0.00677088
2.704        0.0067723
2.708        0.00677371
2.712        0.00677513
2.716        0.00677654
2.72        0.00677796
2.724        0.00677938
2.728        0.00678081
2.732        0.00678223
2.736        0.00678366
2.74        0.00678508
2.744        0.00678651
2.748        0.00678794
2.752        0.00678937
2.756        0.0067908
2.76        0.00679224
2.764        0.00679367
2.768        0.0067951
2.772        0.00679654
2.776        0.00679798
2.78        0.00679941
2.784        0.00680085
2.788        0.00680229
2.792        0.00680373
2.796        0.00680517
2.8        0.00680661
2.804        0.00680805
2.808        0.00680949
2.812        0.00681093
2.816        0.00681237
2.82        0.00681381
2.824        0.00681525
2.828        0.00681669
2.832        0.00681813
2.836        0.00681957
2.84        0.00682101
2.844        0.00682245
2.848        0.00682388
2.852        0.00682532
2.856        0.00682676
2.86        0.0068282
2.864        0.00682963
2.868        0.00683107
2.872        0.0068325
2.876        0.00683394
2.88        0.00683537
2.884        0.0068368
2.888        0.00683823
2.892        0.00683966
2.896        0.00684109
2.9        0.00684251
2.904        0.00684394
2.908        0.00684536
2.912        0.00684678
2.916        0.0068482
2.92        0.00684962
2.924        0.00685104
2.928        0.00685245
2.932        0.00685387
2.936        0.00685528
2.94        0.00685669
2.944        0.00685809
2.948        0.0068595
2.952        0.0068609
2.956        0.0068623
2.96        0.0068637
2.964        0.00686509
2.968        0.00686649
2.972        0.00686788
2.976        0.00686927
2.98        0.00687065
2.984        0.00687204
2.988        0.00687342
2.992        0.00687479
2.996        0.00687617
3        0.00687754
3.004        0.00687891
3.008        0.00688028
3.012        0.00688164
3.016        0.006883
3.02        0.00688436
3.024        0.00688571
3.028        0.00688706
3.032        0.00688841
3.036        0.00688976
3.04        0.0068911
3.044        0.00689244
3.048        0.00689378
3.052        0.00689511
3.056        0.00689644
3.06        0.00689777
3.064        0.00689909
3.068        0.00690041
3.072        0.00690173
3.076        0.00690304
3.08        0.00690435
3.084        0.00690566
3.088        0.00690696
3.092        0.00690826
3.096        0.00690956
3.1        0.00691085
3.104        0.00691214
3.108        0.00691343
3.112        0.00691471
3.116        0.00691599
3.12        0.00691727
3.124        0.00691855
3.128        0.00691982
3.132        0.00692108
3.136        0.00692235
3.14        0.00692361
3.144        0.00692487
3.148        0.00692613
3.152        0.00692738
3.156        0.00692863
3.16        0.00692987
3.164        0.00693112
3.168        0.00693236
3.172        0.00693359
3.176        0.00693483
3.18        0.00693606
3.184        0.00693729
3.188        0.00693851
3.192        0.00693974
3.196        0.00694096
3.2        0.00694217
3.204        0.00694339
3.208        0.0069446
3.212        0.00694581
3.216        0.00694702
3.22        0.00694822
3.224        0.00694943
3.228        0.00695063
3.232        0.00695182
3.236        0.00695302
3.24        0.00695421
3.244        0.0069554
3.248        0.00695659
3.252        0.00695778
3.256        0.00695897
3.26        0.00696015
3.264        0.00696133
3.268        0.00696251
3.272        0.00696369
3.276        0.00696486
3.28        0.00696604
3.284        0.00696721
3.288        0.00696838
3.292        0.00696955
3.296        0.00697072
3.3        0.00697189
3.304        0.00697305
3.308        0.00697422
3.312        0.00697538
3.316        0.00697654
3.32        0.00697771
3.324        0.00697887
3.328        0.00698002
3.332        0.00698118
3.336        0.00698234
3.34        0.0069835
3.344        0.00698465
3.348        0.00698581
3.352        0.00698696
3.356        0.00698812
3.36        0.00698927
3.364        0.00699042
3.368        0.00699158
3.372        0.00699273
3.376        0.00699388
3.38        0.00699503
3.384        0.00699618
3.388        0.00699734
3.392        0.00699849
3.396        0.00699964
3.4        0.00700079
3.404        0.00700194
3.408        0.00700309
3.412        0.00700425
3.416        0.0070054
3.42        0.00700655
3.424        0.0070077
3.428        0.00700886
3.432        0.00701001
3.436        0.00701116
3.44        0.00701232
3.444        0.00701347
3.448        0.00701463
3.452        0.00701578
3.456        0.00701694
3.46        0.0070181
3.464        0.00701926
3.468        0.00702041
3.472        0.00702157
3.476        0.00702273
3.48        0.00702389
3.484        0.00702505
3.488        0.00702622
3.492        0.00702738
3.496        0.00702854
3.5        0.00702971
3.504        0.00703087
3.508        0.00703204
3.512        0.00703321
3.516        0.00703438
3.52        0.00703555
3.524        0.00703672
3.528        0.00703789
3.532        0.00703906
3.536        0.00704024
3.54        0.00704141
3.544        0.00704259
3.548        0.00704376
3.552        0.00704494
3.556        0.00704612
3.56        0.0070473
3.564        0.00704848
3.568        0.00704966
3.572        0.00705085
3.576        0.00705203
3.58        0.00705321
3.584        0.0070544
3.588        0.00705559
3.592        0.00705678
3.596        0.00705796
3.6        0.00705915
3.604        0.00706034
3.608        0.00706154
3.612        0.00706273
3.616        0.00706392
3.62        0.00706512
3.624        0.00706631
3.628        0.00706751
3.632        0.0070687
3.636        0.0070699
3.64        0.0070711
3.644        0.0070723
3.648        0.0070735
3.652        0.0070747
3.656        0.0070759
3.66        0.0070771
3.664        0.0070783
3.668        0.00707951
3.672        0.00708071
3.676        0.00708191
3.68        0.00708311
3.684        0.00708432
3.688        0.00708552
3.692        0.00708673
3.696        0.00708793
3.7        0.00708914
3.704        0.00709034
3.708        0.00709154
3.712        0.00709275
3.716        0.00709395
3.72        0.00709516
3.724        0.00709636
3.728        0.00709757
3.732        0.00709877
3.736        0.00709997
3.74        0.00710118
3.744        0.00710238
3.748        0.00710358
3.752        0.00710478
3.756        0.00710598
3.76        0.00710718
3.764        0.00710838
3.768        0.00710958
3.772        0.00711077
3.776        0.00711197
3.78        0.00711317
3.784        0.00711436
3.788        0.00711555
3.792        0.00711674
3.796        0.00711793
3.8        0.00711912
3.804        0.00712031
3.808        0.00712149
3.812        0.00712268
3.816        0.00712386
3.82        0.00712504
3.824        0.00712622
3.828        0.0071274
3.832        0.00712857
3.836        0.00712974
3.84        0.00713092
3.844        0.00713208
3.848        0.00713325
3.852        0.00713441
3.856        0.00713557
3.86        0.00713673
3.864        0.00713789
3.868        0.00713904
3.872        0.00714019
3.876        0.00714134
3.88        0.00714249
3.884        0.00714363
3.888        0.00714477
3.892        0.00714591
3.896        0.00714704
3.9        0.00714817
3.904        0.0071493
3.908        0.00715042
3.912        0.00715154
3.916        0.00715266
3.92        0.00715377
3.924        0.00715488
3.928        0.00715599
3.932        0.00715709
3.936        0.00715819
3.94        0.00715928
3.944        0.00716037
3.948        0.00716146
3.952        0.00716254
3.956        0.00716362
3.96        0.00716469
3.964        0.00716576
3.968        0.00716683
3.972        0.00716789
3.976        0.00716895
3.98        0.00717
3.984        0.00717105
3.988        0.0071721
3.992        0.00717314
3.996        0.00717417
4        0.0071752
4.004        0.00717623
4.008        0.00717725
4.012        0.00717827
4.016        0.00717928
4.02        0.00718029
4.024        0.00718129
4.028        0.00718229
4.032        0.00718328
4.036        0.00718427
4.04        0.00718525
4.044        0.00718623
4.048        0.0071872
4.052        0.00718817
4.056        0.00718913
4.06        0.00719009
4.064        0.00719105
4.068        0.00719199
4.072        0.00719294
4.076        0.00719388
4.08        0.00719481
4.084        0.00719574
4.088        0.00719666
4.092        0.00719758
4.096        0.00719849
4.1        0.0071994
4.104        0.0072003
4.108        0.0072012
4.112        0.00720209
4.116        0.00720298
4.12        0.00720386
4.124        0.00720474
4.128        0.00720561
4.132        0.00720648
4.136        0.00720734
4.14        0.0072082
4.144        0.00720905
4.148        0.0072099
4.152        0.00721075
4.156        0.00721158
4.16        0.00721242
4.164        0.00721325
4.168        0.00721407
4.172        0.00721489
4.176        0.00721571
4.18        0.00721652
4.184        0.00721732
4.188        0.00721812
4.192        0.00721892
4.196        0.00721971
4.2        0.0072205
4.204        0.00722128
4.208        0.00722206
4.212        0.00722284
4.216        0.00722361
4.22        0.00722437
4.224        0.00722513
4.228        0.00722589
4.232        0.00722665
4.236        0.0072274
4.24        0.00722814
4.244        0.00722888
4.248        0.00722962
4.252        0.00723036
4.256        0.00723109
4.26        0.00723182
4.264        0.00723254
4.268        0.00723326
4.272        0.00723398
4.276        0.00723469
4.28        0.0072354
4.284        0.0072361
4.288        0.00723681
4.292        0.00723751
4.296        0.0072382
4.3        0.0072389
4.304        0.00723959
4.308        0.00724028
4.312        0.00724096
4.316        0.00724164
4.32        0.00724232
4.324        0.007243
4.328        0.00724367
4.332        0.00724434
4.336        0.00724501
4.34        0.00724568
4.344        0.00724634
4.348        0.007247
4.352        0.00724766
4.356        0.00724832
4.36        0.00724897
4.364        0.00724962
4.368        0.00725027
4.372        0.00725092
4.376        0.00725157
4.38        0.00725221
4.384        0.00725285
4.388        0.00725349
4.392        0.00725413
4.396        0.00725477
4.4        0.00725541
4.404        0.00725604
4.408        0.00725667
4.412        0.0072573
4.416        0.00725793
4.42        0.00725856
4.424        0.00725918
4.428        0.00725981
4.432        0.00726043
4.436        0.00726105
4.44        0.00726168
4.444        0.0072623
4.448        0.00726291
4.452        0.00726353
4.456        0.00726415
4.46        0.00726476
4.464        0.00726538
4.468        0.00726599
4.472        0.0072666
4.476        0.00726722
4.48        0.00726783
4.484        0.00726844
4.488        0.00726905
4.492        0.00726965
4.496        0.00727026
4.5        0.00727087
4.504        0.00727147
4.508        0.00727208
4.512        0.00727268
4.516        0.00727329
4.52        0.00727389
4.524        0.00727449
4.528        0.0072751
4.532        0.0072757
4.536        0.0072763
4.54        0.0072769
4.544        0.0072775
4.548        0.0072781
4.552        0.00727869
4.556        0.00727929
4.56        0.00727989
4.564        0.00728049
4.568        0.00728108
4.572        0.00728168
4.576        0.00728227
4.58        0.00728287
4.584        0.00728346
4.588        0.00728405
4.592        0.00728465
4.596        0.00728524
4.6        0.00728583
4.604        0.00728642
4.608        0.00728701
4.612        0.0072876
4.616        0.00728819
4.62        0.00728878
4.624        0.00728936
4.628        0.00728995
4.632        0.00729054
4.636        0.00729112
4.64        0.00729171
4.644        0.00729229
4.648        0.00729287
4.652        0.00729345
4.656        0.00729403
4.66        0.00729461
4.664        0.00729519
4.668        0.00729577
4.672        0.00729635
4.676        0.00729692
4.68        0.0072975
4.684        0.00729807
4.688        0.00729864
4.692        0.00729921
4.696        0.00729978
4.7        0.00730035
4.704        0.00730092
4.708        0.00730148
4.712        0.00730205
4.716        0.00730261
4.72        0.00730317
4.724        0.00730373
4.728        0.00730428
4.732        0.00730484
4.736        0.00730539
4.74        0.00730595
4.744        0.0073065
4.748        0.00730704
4.752        0.00730759
4.756        0.00730813
4.76        0.00730867
4.764        0.00730921
4.768        0.00730975
4.772        0.00731029
4.776        0.00731082
4.78        0.00731135
4.784        0.00731188
4.788        0.0073124
4.792        0.00731292
4.796        0.00731344
4.8        0.00731396
4.804        0.00731447
4.808        0.00731498
4.812        0.00731549
4.816        0.007316
4.82        0.0073165
4.824        0.007317
4.828        0.00731749
4.832        0.00731798
4.836        0.00731847
4.84        0.00731896
4.844        0.00731944
4.848        0.00731992
4.852        0.00732039
4.856        0.00732086
4.86        0.00732133
4.864        0.00732179
4.868        0.00732225
4.872        0.0073227
4.876        0.00732315
4.88        0.0073236
4.884        0.00732404
4.888        0.00732448
4.892        0.00732491
4.896        0.00732534
4.9        0.00732577
4.904        0.00732619
4.908        0.0073266
4.912        0.00732701
4.916        0.00732742
4.92        0.00732782
4.924        0.00732822
4.928        0.00732861
4.932        0.00732899
4.936        0.00732938
4.94        0.00732975
4.944        0.00733012
4.948        0.00733049
4.952        0.00733085
4.956        0.0073312
4.96        0.00733155
4.964        0.0073319
4.968        0.00733224
4.972        0.00733257
4.976        0.0073329
4.98        0.00733322
4.984        0.00733354
4.988        0.00733385
4.992        0.00733416
4.996        0.00733446
5        0.00733475
5.004        0.00733504
5.008        0.00733532
5.012        0.0073356
5.016        0.00733587
5.02        0.00733613
5.024        0.00733639
5.028        0.00733664
5.032        0.00733689
5.036        0.00733713
5.04        0.00733737
5.044        0.00733759
5.048        0.00733782
5.052        0.00733803
5.056        0.00733824
5.06        0.00733845
5.064        0.00733865
5.068        0.00733884
5.072        0.00733902
5.076        0.0073392
5.08        0.00733938
5.084        0.00733954
5.088        0.00733971
5.092        0.00733986
5.096        0.00734001
5.1        0.00734015
5.104        0.00734029
5.108        0.00734042
5.112        0.00734055
5.116        0.00734066
5.12        0.00734078
5.124        0.00734088
5.128        0.00734098
5.132        0.00734108
5.136        0.00734117
5.14        0.00734125
5.144        0.00734133
5.148        0.0073414
5.152        0.00734147
5.156        0.00734152
5.16        0.00734158
5.164        0.00734163
5.168        0.00734167
5.172        0.00734171
5.176        0.00734174
5.18        0.00734176
5.184        0.00734178
5.188        0.0073418
5.192        0.00734181
5.196        0.00734181
5.2        0.00734181
5.204        0.0073418
5.208        0.00734179
5.212        0.00734178
5.216        0.00734175
5.22        0.00734173
5.224        0.00734169
5.228        0.00734166
5.232        0.00734161
5.236        0.00734157
5.24        0.00734152
5.244        0.00734146
5.248        0.0073414
5.252        0.00734133
5.256        0.00734126
5.26        0.00734119
5.264        0.00734111
5.268        0.00734103
5.272        0.00734094
5.276        0.00734085
5.28        0.00734075
5.284        0.00734065
5.288        0.00734055
5.292        0.00734044
5.296        0.00734033
5.3        0.00734021
5.304        0.00734009
5.308        0.00733997
5.312        0.00733984
5.316        0.00733971
5.32        0.00733957
5.324        0.00733944
5.328        0.0073393
5.332        0.00733915
5.336        0.007339
5.34        0.00733885
5.344        0.0073387
5.348        0.00733854
5.352        0.00733838
5.356        0.00733822
5.36        0.00733805
5.364        0.00733788
5.368        0.00733771
5.372        0.00733754
5.376        0.00733736
5.38        0.00733718
5.384        0.007337
5.388        0.00733682
5.392        0.00733663
5.396        0.00733644
5.4        0.00733625
5.404        0.00733606
5.408        0.00733586
5.412        0.00733566
5.416        0.00733546
5.42        0.00733526
5.424        0.00733506
5.428        0.00733485
5.432        0.00733464
5.436        0.00733443
5.44        0.00733422
5.444        0.00733401
5.448        0.00733379
5.452        0.00733358
5.456        0.00733336
5.46        0.00733314
5.464        0.00733292
5.468        0.00733269
5.472        0.00733247
5.476        0.00733224
5.48        0.00733202
5.484        0.00733179
5.488        0.00733156
5.492        0.00733133
5.496        0.0073311
5.5        0.00733086
5.504        0.00733063
5.508        0.00733039
5.512        0.00733015
5.516        0.00732992
5.52        0.00732968
5.524        0.00732944
5.528        0.0073292
5.532        0.00732895
5.536        0.00732871
5.54        0.00732846
5.544        0.00732822
5.548        0.00732797
5.552        0.00732773
5.556        0.00732748
5.56        0.00732723
5.564        0.00732698
5.568        0.00732673
5.572        0.00732647
5.576        0.00732622
5.58        0.00732597
5.584        0.00732571
5.588        0.00732546
5.592        0.0073252
5.596        0.00732494
5.6        0.00732468
5.604        0.00732442
5.608        0.00732416
5.612        0.0073239
5.616        0.00732364
5.62        0.00732337
5.624        0.00732311
5.628        0.00732284
5.632        0.00732258
5.636        0.00732231
5.64        0.00732204
5.644        0.00732177
5.648        0.0073215
5.652        0.00732123
5.656        0.00732095
5.66        0.00732068
5.664        0.0073204
5.668        0.00732013
5.672        0.00731985
5.676        0.00731957
5.68        0.00731929
5.684        0.00731901
5.688        0.00731872
5.692        0.00731844
5.696        0.00731815
5.7        0.00731786
5.704        0.00731757
5.708        0.00731728
5.712        0.00731699
5.716        0.0073167
5.72        0.0073164
5.724        0.0073161
5.728        0.0073158
5.732        0.0073155
5.736        0.0073152
5.74        0.00731489
5.744        0.00731458
5.748        0.00731428
5.752        0.00731396
5.756        0.00731365
5.76        0.00731333
5.764        0.00731302
5.768        0.0073127
5.772        0.00731237
5.776        0.00731205
5.78        0.00731172
5.784        0.00731139
5.788        0.00731106
5.792        0.00731072
5.796        0.00731038
5.8        0.00731004
5.804        0.0073097
5.808        0.00730935
5.812        0.007309
5.816        0.00730865
5.82        0.0073083
5.824        0.00730794
5.828        0.00730758
5.832        0.00730721
5.836        0.00730684
5.84        0.00730647
5.844        0.0073061
5.848        0.00730572
5.852        0.00730534
5.856        0.00730495
5.86        0.00730456
5.864        0.00730417
5.868        0.00730377
5.872        0.00730337
5.876        0.00730297
5.88        0.00730256
5.884        0.00730214
5.888        0.00730173
5.892        0.00730131
5.896        0.00730088
5.9        0.00730045
5.904        0.00730002
5.908        0.00729958
5.912        0.00729914
5.916        0.00729869
5.92        0.00729824
5.924        0.00729778
5.928        0.00729732
5.932        0.00729685
5.936        0.00729638
5.94        0.00729591
5.944        0.00729543
5.948        0.00729494
5.952        0.00729445
5.956        0.00729396
5.96        0.00729346
5.964        0.00729295
5.968        0.00729244
5.972        0.00729192
5.976        0.0072914
5.98        0.00729088
5.984        0.00729034
5.988        0.00728981
5.992        0.00728926
5.996        0.00728872
6        0.00728816
6.004        0.0072876
6.008        0.00728704
6.012        0.00728647
6.016        0.0072859
6.02        0.00728531
6.024        0.00728473
6.028        0.00728414
6.032        0.00728354
6.036        0.00728293
6.04        0.00728233
6.044        0.00728171
6.048        0.00728109
6.052        0.00728047
6.056        0.00727983
6.06        0.0072792
6.064        0.00727855
6.068        0.0072779
6.072        0.00727725
6.076        0.00727659
6.08        0.00727592
6.084        0.00727525
6.088        0.00727458
6.092        0.00727389
6.096        0.0072732
6.1        0.00727251
6.104        0.00727181
6.108        0.00727111
6.112        0.0072704
6.116        0.00726968
6.12        0.00726896
6.124        0.00726823
6.128        0.0072675
6.132        0.00726676
6.136        0.00726602
6.14        0.00726527
6.144        0.00726451
6.148        0.00726376
6.152        0.00726299
6.156        0.00726222
6.16        0.00726145
6.164        0.00726067
6.168        0.00725988
6.172        0.00725909
6.176        0.0072583
6.18        0.0072575
6.184        0.00725669
6.188        0.00725588
6.192        0.00725507
6.196        0.00725425
6.2        0.00725343
6.204        0.0072526
6.208        0.00725176
6.212        0.00725093
6.216        0.00725008
6.22        0.00724924
6.224        0.00724839
6.228        0.00724753
6.232        0.00724667
6.236        0.00724581
6.24        0.00724494
6.244        0.00724407
6.248        0.0072432
6.252        0.00724232
6.256        0.00724144
6.26        0.00724055
6.264        0.00723966
6.268        0.00723877
6.272        0.00723787
6.276        0.00723697
6.28        0.00723607
6.284        0.00723516
6.288        0.00723425
6.292        0.00723334
6.296        0.00723242
6.3        0.0072315
6.304        0.00723058
6.308        0.00722965
6.312        0.00722872
6.316        0.00722779
6.32        0.00722686
6.324        0.00722592
6.328        0.00722499
6.332        0.00722404
6.336        0.0072231
6.34        0.00722216
6.344        0.00722121
6.348        0.00722026
6.352        0.00721931
6.356        0.00721835
6.36        0.0072174
6.364        0.00721644
6.368        0.00721548
6.372        0.00721452
6.376        0.00721355
6.38        0.00721259
6.384        0.00721162
6.388        0.00721065
6.392        0.00720968
6.396        0.00720871
6.4        0.00720774
6.404        0.00720677
6.408        0.00720579
6.412        0.00720481
6.416        0.00720384
6.42        0.00720286
6.424        0.00720188
6.428        0.0072009
6.432        0.00719992
6.436        0.00719894
6.44        0.00719796
6.444        0.00719697
6.448        0.00719599
6.452        0.007195
6.456        0.00719402
6.46        0.00719303
6.464        0.00719205
6.468        0.00719106
6.472        0.00719007
6.476        0.00718909
6.48        0.0071881
6.484        0.00718711
6.488        0.00718612
6.492        0.00718514
6.496        0.00718415
6.5        0.00718316
6.504        0.00718217
6.508        0.00718118
6.512        0.00718019
6.516        0.0071792
6.52        0.00717821
6.524        0.00717723
6.528        0.00717624
6.532        0.00717525
6.536        0.00717426
6.54        0.00717327
6.544        0.00717228
6.548        0.0071713
6.552        0.00717031
6.556        0.00716932
6.56        0.00716833
6.564        0.00716734
6.568        0.00716636
6.572        0.00716537
6.576        0.00716438
6.58        0.0071634
6.584        0.00716241
6.588        0.00716142
6.592        0.00716044
6.596        0.00715945
6.6        0.00715847
6.604        0.00715748
6.608        0.0071565
6.612        0.00715551
6.616        0.00715453
6.62        0.00715355
6.624        0.00715256
6.628        0.00715158
6.632        0.0071506
6.636        0.00714961
6.64        0.00714863
6.644        0.00714765
6.648        0.00714666
6.652        0.00714568
6.656        0.0071447
6.66        0.00714372
6.664        0.00714273
6.668        0.00714175
6.672        0.00714077
6.676        0.00713979
6.68        0.0071388
6.684        0.00713782
6.688        0.00713684
6.692        0.00713586
6.696        0.00713487
6.7        0.00713389
6.704        0.00713291
6.708        0.00713192
6.712        0.00713094
6.716        0.00712996
6.72        0.00712897
6.724        0.00712799
6.728        0.007127
6.732        0.00712601
6.736        0.00712503
6.74        0.00712404
6.744        0.00712305
6.748        0.00712206
6.752        0.00712108
6.756        0.00712009
6.76        0.00711909
6.764        0.0071181
6.768        0.00711711
6.772        0.00711612
6.776        0.00711512
6.78        0.00711413
6.784        0.00711313
6.788        0.00711213
6.792        0.00711113
6.796        0.00711013
6.8        0.00710913
6.804        0.00710813
6.808        0.00710712
6.812        0.00710612
6.816        0.00710511
6.82        0.0071041
6.824        0.00710309
6.828        0.00710207
6.832        0.00710106
6.836        0.00710004
6.84        0.00709902
6.844        0.007098
6.848        0.00709698
6.852        0.00709596
6.856        0.00709493
6.86        0.0070939
6.864        0.00709287
6.868        0.00709184
6.872        0.0070908
6.876        0.00708976
6.88        0.00708872
6.884        0.00708768
6.888        0.00708663
6.892        0.00708558
6.896        0.00708453
6.9        0.00708348
6.904        0.00708242
6.908        0.00708136
6.912        0.0070803
6.916        0.00707923
6.92        0.00707817
6.924        0.00707709
6.928        0.00707602
6.932        0.00707494
6.936        0.00707386
6.94        0.00707277
6.944        0.00707169
6.948        0.0070706
6.952        0.0070695
6.956        0.0070684
6.96        0.0070673
6.964        0.0070662
6.968        0.00706509
6.972        0.00706397
6.976        0.00706286
6.98        0.00706174
6.984        0.00706062
6.988        0.00705949
6.992        0.00705836
6.996        0.00705722
