0        6.8939e+27
0.00273973        6.89361e+27
0.00547945        6.89348e+27
0.00821918        6.89348e+27
0.0109589        6.89364e+27
0.0136986        6.89394e+27
0.0164384        6.89439e+27
0.0191781        6.89499e+27
0.0219178        6.89574e+27
0.0246575        6.89665e+27
0.0273973        6.89771e+27
0.030137        6.89894e+27
0.0328767        6.90034e+27
0.0356164        6.90191e+27
0.0383562        6.90366e+27
0.0410959        6.90561e+27
0.0438356        6.90775e+27
0.0465753        6.91011e+27
0.0493151        6.91268e+27
0.0520548        6.91548e+27
0.0547945        6.91853e+27
0.0575342        6.92184e+27
0.060274        6.92541e+27
0.0630137        6.92927e+27
0.0657534        6.93343e+27
0.0684932        6.9379e+27
0.0712329        6.94269e+27
0.0739726        6.94782e+27
0.0767123        6.9533e+27
0.0794521        6.95913e+27
0.0821918        6.96532e+27
0.0849315        6.97185e+27
0.0876712        6.97872e+27
0.090411        6.98591e+27
0.0931507        6.99338e+27
0.0958904        7.00107e+27
0.0986301        7.00891e+27
0.10137        7.01682e+27
0.10411        7.02467e+27
0.106849        7.03234e+27
0.109589        7.03966e+27
0.112329        7.04647e+27
0.115068        7.05258e+27
0.117808        7.0578e+27
0.120548        7.06197e+27
0.123288        7.06494e+27
0.126027        7.0666e+27
0.128767        7.06689e+27
0.131507        7.0658e+27
0.134247        7.06337e+27
0.136986        7.05971e+27
0.139726        7.05495e+27
0.142466        7.04925e+27
0.145205        7.0428e+27
0.147945        7.03578e+27
0.150685        7.02836e+27
0.153425        7.02071e+27
0.156164        7.01298e+27
0.158904        7.00528e+27
0.161644        6.99771e+27
0.164384        6.99035e+27
0.167123        6.98326e+27
0.169863        6.97647e+27
0.172603        6.97002e+27
0.175342        6.96393e+27
0.178082        6.95819e+27
0.180822        6.95281e+27
0.183562        6.94779e+27
0.186301        6.94311e+27
0.189041        6.93876e+27
0.191781        6.93474e+27
0.194521        6.93103e+27
0.19726        6.92761e+27
0.2        6.92447e+27
0.20274        6.9216e+27
0.205479        6.91899e+27
0.208219        6.91661e+27
0.210959        6.91447e+27
0.213699        6.91255e+27
0.216438        6.91084e+27
0.219178        6.90933e+27
0.221918        6.90801e+27
0.224658        6.90688e+27
0.227397        6.90593e+27
0.230137        6.90515e+27
0.232877        6.90455e+27
0.235616        6.90411e+27
0.238356        6.90383e+27
0.241096        6.9037e+27
0.243836        6.90374e+27
0.246575        6.90394e+27
0.249315        6.90429e+27
0.252055        6.90479e+27
0.254795        6.90546e+27
0.257534        6.90628e+27
0.260274        6.90727e+27
0.263014        6.90842e+27
0.265753        6.90973e+27
0.268493        6.91123e+27
0.271233        6.9129e+27
0.273973        6.91476e+27
0.276712        6.91681e+27
0.279452        6.91906e+27
0.282192        6.92152e+27
0.284932        6.9242e+27
0.287671        6.92711e+27
0.290411        6.93026e+27
0.293151        6.93366e+27
0.29589        6.93733e+27
0.29863        6.94128e+27
0.30137        6.94553e+27
0.30411        6.95008e+27
0.306849        6.95495e+27
0.309589        6.96016e+27
0.312329        6.96571e+27
0.315068        6.97161e+27
0.317808        6.97787e+27
0.320548        6.9845e+27
0.323288        6.99147e+27
0.326027        6.99878e+27
0.328767        7.00639e+27
0.331507        7.01428e+27
0.334247        7.02238e+27
0.336986        7.03061e+27
0.339726        7.03888e+27
0.342466        7.04707e+27
0.345205        7.05504e+27
0.347945        7.06262e+27
0.350685        7.06964e+27
0.353425        7.07591e+27
0.356164        7.08125e+27
0.358904        7.0855e+27
0.361644        7.08852e+27
0.364384        7.0902e+27
0.367123        7.09051e+27
0.369863        7.08945e+27
0.372603        7.08707e+27
0.375342        7.08348e+27
0.378082        7.07883e+27
0.380822        7.07328e+27
0.383562        7.06703e+27
0.386301        7.06025e+27
0.389041        7.05311e+27
0.391781        7.04578e+27
0.394521        7.0384e+27
0.39726        7.03106e+27
0.4        7.02388e+27
0.40274        7.01692e+27
0.405479        7.01023e+27
0.408219        7.00386e+27
0.410959        6.99782e+27
0.413699        6.99213e+27
0.416438        6.98679e+27
0.419178        6.98181e+27
0.421918        6.97717e+27
0.424658        6.97287e+27
0.427397        6.96889e+27
0.430137        6.96523e+27
0.432877        6.96186e+27
0.435616        6.95878e+27
0.438356        6.95597e+27
0.441096        6.95341e+27
0.443836        6.9511e+27
0.446575        6.94902e+27
0.449315        6.94716e+27
0.452055        6.94551e+27
0.454795        6.94406e+27
0.457534        6.94281e+27
0.460274        6.94173e+27
0.463014        6.94083e+27
0.465753        6.9401e+27
0.468493        6.93953e+27
0.471233        6.93912e+27
0.473973        6.93887e+27
0.476712        6.93877e+27
0.479452        6.93882e+27
0.482192        6.93901e+27
0.484932        6.93936e+27
0.487671        6.93985e+27
0.490411        6.94049e+27
0.493151        6.94127e+27
0.49589        6.94221e+27
0.49863        6.9433e+27
0.50137        6.94455e+27
0.50411        6.94596e+27
0.506849        6.94753e+27
0.509589        6.94927e+27
0.512329        6.9512e+27
0.515068        6.9533e+27
0.517808        6.9556e+27
0.520548        6.95811e+27
0.523288        6.96082e+27
0.526027        6.96376e+27
0.528767        6.96694e+27
0.531507        6.97036e+27
0.534247        6.97405e+27
0.536986        6.97801e+27
0.539726        6.98225e+27
0.542466        6.9868e+27
0.545205        6.99167e+27
0.547945        6.99687e+27
0.550685        7.0024e+27
0.553425        7.00828e+27
0.556164        7.01451e+27
0.558904        7.0211e+27
0.561644        7.02802e+27
0.564384        7.03527e+27
0.567123        7.04281e+27
0.569863        7.0506e+27
0.572603        7.05858e+27
0.575342        7.06667e+27
0.578082        7.07476e+27
0.580822        7.08272e+27
0.583562        7.09042e+27
0.586301        7.09769e+27
0.589041        7.10434e+27
0.591781        7.1102e+27
0.594521        7.11507e+27
0.59726        7.11881e+27
0.6        7.12129e+27
0.60274        7.12242e+27
0.605479        7.12216e+27
0.608219        7.12053e+27
0.610959        7.11761e+27
0.613699        7.11351e+27
0.616438        7.10839e+27
0.619178        7.10242e+27
0.621918        7.09579e+27
0.624658        7.08867e+27
0.627397        7.08124e+27
0.630137        7.07366e+27
0.632877        7.06604e+27
0.635616        7.05851e+27
0.638356        7.05115e+27
0.641096        7.04403e+27
0.643836        7.03719e+27
0.646575        7.03067e+27
0.649315        7.0245e+27
0.652055        7.01867e+27
0.654795        7.01321e+27
0.657534        7.0081e+27
0.660274        7.00334e+27
0.663014        6.99891e+27
0.665753        6.99481e+27
0.668493        6.99103e+27
0.671233        6.98754e+27
0.673973        6.98434e+27
0.676712        6.98141e+27
0.679452        6.97874e+27
0.682192        6.97631e+27
0.684932        6.97412e+27
0.687671        6.97216e+27
0.690411        6.97041e+27
0.693151        6.96886e+27
0.69589        6.96751e+27
0.69863        6.96634e+27
0.70137        6.96536e+27
0.70411        6.96456e+27
0.706849        6.96392e+27
0.709589        6.96345e+27
0.712329        6.96315e+27
0.715068        6.963e+27
0.717808        6.96302e+27
0.720548        6.96319e+27
0.723288        6.96352e+27
0.726027        6.964e+27
0.728767        6.96464e+27
0.731507        6.96545e+27
0.734247        6.96641e+27
0.736986        6.96754e+27
0.739726        6.96883e+27
0.742466        6.9703e+27
0.745205        6.97194e+27
0.747945        6.97377e+27
0.750685        6.97579e+27
0.753425        6.97801e+27
0.756164        6.98044e+27
0.758904        6.98308e+27
0.761644        6.98595e+27
0.764384        6.98906e+27
0.767123        6.99242e+27
0.769863        6.99604e+27
0.772603        6.99993e+27
0.775342        7.00412e+27
0.778082        7.00861e+27
0.780822        7.01342e+27
0.783562        7.01856e+27
0.786301        7.02404e+27
0.789041        7.02988e+27
0.791781        7.03608e+27
0.794521        7.04264e+27
0.79726        7.04956e+27
0.8        7.05683e+27
0.80274        7.06443e+27
0.805479        7.07232e+27
0.808219        7.08046e+27
0.810959        7.08879e+27
0.813699        7.0972e+27
0.816438        7.1056e+27
0.819178        7.11386e+27
0.821918        7.12182e+27
0.824658        7.1293e+27
0.827397        7.13614e+27
0.830137        7.14215e+27
0.832877        7.14714e+27
0.835616        7.15098e+27
0.838356        7.15353e+27
0.841096        7.15473e+27
0.843836        7.15454e+27
0.846575        7.15302e+27
0.849315        7.15024e+27
0.852055        7.14632e+27
0.854795        7.14143e+27
0.857534        7.13575e+27
0.860274        7.12946e+27
0.863014        7.12273e+27
0.865753        7.11574e+27
0.868493        7.10864e+27
0.871233        7.10154e+27
0.873973        7.09456e+27
0.876712        7.08778e+27
0.879452        7.08125e+27
0.882192        7.07502e+27
0.884932        7.06913e+27
0.887671        7.06358e+27
0.890411        7.0584e+27
0.893151        7.05358e+27
0.89589        7.04911e+27
0.89863        7.04499e+27
0.90137        7.04121e+27
0.90411        7.03776e+27
0.906849        7.03462e+27
0.909589        7.03177e+27
0.912329        7.02921e+27
0.915068        7.02692e+27
0.917808        7.02489e+27
0.920548        7.0231e+27
0.923288        7.02155e+27
0.926027        7.02021e+27
0.928767        7.01909e+27
0.931507        7.01816e+27
0.934247        7.01743e+27
0.936986        7.01689e+27
0.939726        7.01652e+27
0.942466        7.01633e+27
0.945205        7.0163e+27
0.947945        7.01644e+27
0.950685        7.01673e+27
0.953425        7.01718e+27
0.956164        7.01779e+27
0.958904        7.01854e+27
0.961644        7.01945e+27
0.964384        7.02051e+27
0.967123        7.02173e+27
0.969863        7.02309e+27
0.972603        7.02462e+27
0.975342        7.0263e+27
0.978082        7.02814e+27
0.980822        7.03015e+27
0.983562        7.03233e+27
0.986301        7.03469e+27
0.989041        7.03724e+27
0.991781        7.03997e+27
0.994521        7.04291e+27
0.99726        7.04605e+27
1        7.04942e+27
1.00274        7.05302e+27
1.00548        7.05686e+27
1.00822        7.06095e+27
1.01096        7.06532e+27
1.0137        7.06996e+27
1.01644        7.07491e+27
1.01918        7.08016e+27
1.02192        7.08574e+27
1.02466        7.09165e+27
1.0274        7.0979e+27
1.03014        7.1045e+27
1.03288        7.11145e+27
1.03562        7.11875e+27
1.03836        7.12638e+27
1.0411        7.13432e+27
1.04384        7.14252e+27
1.04658        7.15095e+27
1.04932        7.15952e+27
1.05205        7.16815e+27
1.05479        7.17671e+27
1.05753        7.18508e+27
1.06027        7.19309e+27
1.06301        7.20058e+27
1.06575        7.20735e+27
1.06849        7.21323e+27
1.07123        7.21804e+27
1.07397        7.22164e+27
1.07671        7.22392e+27
1.07945        7.22481e+27
1.08219        7.22432e+27
1.08493        7.22249e+27
1.08767        7.2194e+27
1.09041        7.21521e+27
1.09315        7.21007e+27
1.09589        7.20417e+27
1.09863        7.19769e+27
1.10137        7.19081e+27
1.10411        7.18369e+27
1.10685        7.17647e+27
1.10959        7.16927e+27
1.11233        7.16219e+27
1.11507        7.15531e+27
1.11781        7.14868e+27
1.12055        7.14235e+27
1.12329        7.13634e+27
1.12603        7.13067e+27
1.12877        7.12535e+27
1.13151        7.12037e+27
1.13425        7.11573e+27
1.13699        7.11142e+27
1.13973        7.10743e+27
1.14247        7.10376e+27
1.14521        7.10037e+27
1.14795        7.09727e+27
1.15068        7.09443e+27
1.15342        7.09184e+27
1.15616        7.0895e+27
1.1589        7.08738e+27
1.16164        7.08548e+27
1.16438        7.08379e+27
1.16712        7.08229e+27
1.16986        7.08097e+27
1.1726        7.07984e+27
1.17534        7.07888e+27
1.17808        7.07808e+27
1.18082        7.07745e+27
1.18356        7.07697e+27
1.1863        7.07664e+27
1.18904        7.07646e+27
1.19178        7.07642e+27
1.19452        7.07653e+27
1.19726        7.07679e+27
1.2        7.07718e+27
1.20274        7.07772e+27
1.20548        7.07841e+27
1.20822        7.07924e+27
1.21096        7.08022e+27
1.2137        7.08136e+27
1.21644        7.08265e+27
1.21918        7.0841e+27
1.22192        7.08572e+27
1.22466        7.08752e+27
1.2274        7.0895e+27
1.23014        7.09166e+27
1.23288        7.09403e+27
1.23562        7.09661e+27
1.23836        7.0994e+27
1.2411        7.10243e+27
1.24384        7.1057e+27
1.24658        7.10923e+27
1.24932        7.11303e+27
1.25205        7.11712e+27
1.25479        7.12151e+27
1.25753        7.12621e+27
1.26027        7.13123e+27
1.26301        7.1366e+27
1.26575        7.14231e+27
1.26849        7.14837e+27
1.27123        7.15479e+27
1.27397        7.16155e+27
1.27671        7.16864e+27
1.27945        7.17603e+27
1.28219        7.18369e+27
1.28493        7.19155e+27
1.28767        7.19955e+27
1.29041        7.20757e+27
1.29315        7.21551e+27
1.29589        7.22322e+27
1.29863        7.23054e+27
1.30137        7.23729e+27
1.30411        7.2433e+27
1.30685        7.24836e+27
1.30959        7.25233e+27
1.31233        7.25507e+27
1.31507        7.25647e+27
1.31781        7.25649e+27
1.32055        7.25515e+27
1.32329        7.25249e+27
1.32603        7.24862e+27
1.32877        7.24369e+27
1.33151        7.23788e+27
1.33425        7.23136e+27
1.33699        7.22432e+27
1.33973        7.21693e+27
1.34247        7.20936e+27
1.34521        7.20173e+27
1.34795        7.19416e+27
1.35068        7.18675e+27
1.35342        7.17956e+27
1.35616        7.17266e+27
1.3589        7.16607e+27
1.36164        7.15983e+27
1.36438        7.15393e+27
1.36712        7.1484e+27
1.36986        7.14323e+27
1.3726        7.13842e+27
1.37534        7.13394e+27
1.37808        7.1298e+27
1.38082        7.12598e+27
1.38356        7.12247e+27
1.3863        7.11925e+27
1.38904        7.1163e+27
1.39178        7.11363e+27
1.39452        7.1112e+27
1.39726        7.10902e+27
1.4        7.10706e+27
1.40274        7.10533e+27
1.40548        7.10381e+27
1.40822        7.10248e+27
1.41096        7.10135e+27
1.4137        7.10041e+27
1.41644        7.09964e+27
1.41918        7.09906e+27
1.42192        7.09864e+27
1.42466        7.09839e+27
1.4274        7.0983e+27
1.43014        7.09838e+27
1.43288        7.09861e+27
1.43562        7.09901e+27
1.43836        7.09956e+27
1.4411        7.10027e+27
1.44384        7.10115e+27
1.44658        7.10219e+27
1.44932        7.10339e+27
1.45205        7.10476e+27
1.45479        7.10631e+27
1.45753        7.10803e+27
1.46027        7.10994e+27
1.46301        7.11204e+27
1.46575        7.11434e+27
1.46849        7.11684e+27
1.47123        7.11956e+27
1.47397        7.12251e+27
1.47671        7.12569e+27
1.47945        7.12912e+27
1.48219        7.13281e+27
1.48493        7.13678e+27
1.48767        7.14103e+27
1.49041        7.14558e+27
1.49315        7.15045e+27
1.49589        7.15565e+27
1.49863        7.16119e+27
1.50137        7.16708e+27
1.50411        7.17333e+27
1.50685        7.17994e+27
1.50959        7.18692e+27
1.51233        7.19425e+27
1.51507        7.20191e+27
1.51781        7.20987e+27
1.52055        7.2181e+27
1.52329        7.22652e+27
1.52603        7.23506e+27
1.52877        7.24361e+27
1.53151        7.25205e+27
1.53425        7.26023e+27
1.53699        7.26797e+27
1.53973        7.27512e+27
1.54247        7.28147e+27
1.54521        7.28684e+27
1.54795        7.29109e+27
1.55068        7.29408e+27
1.55342        7.29573e+27
1.55616        7.296e+27
1.5589        7.29491e+27
1.56164        7.29253e+27
1.56438        7.28899e+27
1.56712        7.28443e+27
1.56986        7.27903e+27
1.5726        7.27298e+27
1.57534        7.26645e+27
1.57808        7.25962e+27
1.58082        7.25264e+27
1.58356        7.24563e+27
1.5863        7.23872e+27
1.58904        7.23198e+27
1.59178        7.22548e+27
1.59452        7.21927e+27
1.59726        7.21338e+27
1.6        7.20784e+27
1.60274        7.20266e+27
1.60548        7.19783e+27
1.60822        7.19336e+27
1.61096        7.18924e+27
1.6137        7.18545e+27
1.61644        7.18199e+27
1.61918        7.17884e+27
1.62192        7.17599e+27
1.62466        7.17343e+27
1.6274        7.17114e+27
1.63014        7.1691e+27
1.63288        7.1673e+27
1.63562        7.16574e+27
1.63836        7.1644e+27
1.6411        7.16327e+27
1.64384        7.16234e+27
1.64658        7.1616e+27
1.64932        7.16105e+27
1.65205        7.16067e+27
1.65479        7.16047e+27
1.65753        7.16042e+27
1.66027        7.16054e+27
1.66301        7.16082e+27
1.66575        7.16125e+27
1.66849        7.16184e+27
1.67123        7.16257e+27
1.67397        7.16345e+27
1.67671        7.16449e+27
1.67945        7.16567e+27
1.68219        7.167e+27
1.68493        7.16849e+27
1.68767        7.17013e+27
1.69041        7.17193e+27
1.69315        7.17389e+27
1.69589        7.17602e+27
1.69863        7.17833e+27
1.70137        7.18082e+27
1.70411        7.1835e+27
1.70685        7.18637e+27
1.70959        7.18945e+27
1.71233        7.19275e+27
1.71507        7.19627e+27
1.71781        7.20004e+27
1.72055        7.20405e+27
1.72329        7.20833e+27
1.72603        7.21289e+27
1.72877        7.21774e+27
1.73151        7.2229e+27
1.73425        7.22838e+27
1.73699        7.23419e+27
1.73973        7.24034e+27
1.74247        7.24684e+27
1.74521        7.25369e+27
1.74795        7.26089e+27
1.75068        7.26842e+27
1.75342        7.27627e+27
1.75616        7.2844e+27
1.7589        7.29277e+27
1.76164        7.3013e+27
1.76438        7.30992e+27
1.76712        7.3185e+27
1.76986        7.32692e+27
1.7726        7.33503e+27
1.77534        7.34266e+27
1.77808        7.34962e+27
1.78082        7.35573e+27
1.78356        7.36082e+27
1.7863        7.36473e+27
1.78904        7.36735e+27
1.79178        7.3686e+27
1.79452        7.36845e+27
1.79726        7.36696e+27
1.8        7.3642e+27
1.80274        7.36029e+27
1.80548        7.35541e+27
1.80822        7.34972e+27
1.81096        7.34341e+27
1.8137        7.33667e+27
1.81644        7.32965e+27
1.81918        7.32251e+27
1.82192        7.31537e+27
1.82466        7.30834e+27
1.8274        7.30149e+27
1.83014        7.29489e+27
1.83288        7.28859e+27
1.83562        7.2826e+27
1.83836        7.27696e+27
1.8411        7.27168e+27
1.84384        7.26674e+27
1.84658        7.26215e+27
1.84932        7.25791e+27
1.85205        7.25399e+27
1.85479        7.2504e+27
1.85753        7.24711e+27
1.86027        7.24411e+27
1.86301        7.24138e+27
1.86575        7.23892e+27
1.86849        7.23672e+27
1.87123        7.23475e+27
1.87397        7.23301e+27
1.87671        7.23148e+27
1.87945        7.23016e+27
1.88219        7.22904e+27
1.88493        7.22811e+27
1.88767        7.22736e+27
1.89041        7.22679e+27
1.89315        7.22638e+27
1.89589        7.22615e+27
1.89863        7.22607e+27
1.90137        7.22615e+27
1.90411        7.22638e+27
1.90685        7.22677e+27
1.90959        7.22731e+27
1.91233        7.22801e+27
1.91507        7.22885e+27
1.91781        7.22985e+27
1.92055        7.231e+27
1.92329        7.23231e+27
1.92603        7.23378e+27
1.92877        7.23542e+27
1.93151        7.23723e+27
1.93425        7.23921e+27
1.93699        7.24137e+27
1.93973        7.24372e+27
1.94247        7.24626e+27
1.94521        7.24901e+27
1.94795        7.25198e+27
1.95068        7.25517e+27
1.95342        7.2586e+27
1.95616        7.26228e+27
1.9589        7.26622e+27
1.96164        7.27043e+27
1.96438        7.27494e+27
1.96712        7.27975e+27
1.96986        7.28487e+27
1.9726        7.29033e+27
1.97534        7.29613e+27
1.97808        7.30228e+27
1.98082        7.30879e+27
1.98356        7.31565e+27
1.9863        7.32288e+27
1.98904        7.33044e+27
1.99178        7.33832e+27
1.99452        7.34648e+27
1.99726        7.35487e+27
2        7.36341e+27
2.00274        7.37201e+27
2.00548        7.38057e+27
2.00822        7.38893e+27
2.01096        7.39695e+27
2.0137        7.40445e+27
2.01644        7.41125e+27
2.01918        7.41716e+27
2.02192        7.42202e+27
2.02466        7.42567e+27
2.0274        7.42801e+27
2.03014        7.42898e+27
2.03288        7.42858e+27
2.03562        7.42685e+27
2.03836        7.42389e+27
2.0411        7.41983e+27
2.04384        7.41484e+27
2.04658        7.40911e+27
2.04932        7.40281e+27
2.05205        7.39613e+27
2.05479        7.38923e+27
2.05753        7.38224e+27
2.06027        7.37529e+27
2.06301        7.36847e+27
2.06575        7.36187e+27
2.06849        7.35554e+27
2.07123        7.34952e+27
2.07397        7.34383e+27
2.07671        7.33849e+27
2.07945        7.33352e+27
2.08219        7.3289e+27
2.08493        7.32464e+27
2.08767        7.32072e+27
2.09041        7.31714e+27
2.09315        7.31388e+27
2.09589        7.31092e+27
2.09863        7.30826e+27
2.10137        7.30588e+27
2.10411        7.30376e+27
2.10685        7.3019e+27
2.10959        7.30028e+27
2.11233        7.29888e+27
2.11507        7.2977e+27
2.11781        7.29674e+27
2.12055        7.29597e+27
2.12329        7.29539e+27
2.12603        7.29499e+27
2.12877        7.29477e+27
2.13151        7.29472e+27
2.13425        7.29484e+27
2.13699        7.29512e+27
2.13973        7.29556e+27
2.14247        7.29616e+27
2.14521        7.29691e+27
2.14795        7.29781e+27
2.15068        7.29886e+27
2.15342        7.30007e+27
2.15616        7.30143e+27
2.1589        7.30295e+27
2.16164        7.30462e+27
2.16438        7.30646e+27
2.16712        7.30846e+27
2.16986        7.31063e+27
2.1726        7.31297e+27
2.17534        7.3155e+27
2.17808        7.31821e+27
2.18082        7.32112e+27
2.18356        7.32423e+27
2.1863        7.32756e+27
2.18904        7.33111e+27
2.19178        7.3349e+27
2.19452        7.33894e+27
2.19726        7.34324e+27
2.2        7.34781e+27
2.20274        7.35267e+27
2.20548        7.35783e+27
2.20822        7.36331e+27
2.21096        7.36912e+27
2.2137        7.37527e+27
2.21644        7.38176e+27
2.21918        7.3886e+27
2.22192        7.3958e+27
2.22466        7.40335e+27
2.2274        7.41122e+27
2.23014        7.41939e+27
2.23288        7.42783e+27
2.23562        7.43646e+27
2.23836        7.44523e+27
2.2411        7.45402e+27
2.24384        7.46272e+27
2.24658        7.47118e+27
2.24932        7.47925e+27
2.25205        7.48674e+27
2.25479        7.49347e+27
2.25753        7.49926e+27
2.26027        7.50394e+27
2.26301        7.50738e+27
2.26575        7.50949e+27
2.26849        7.5102e+27
2.27123        7.50954e+27
2.27397        7.50756e+27
2.27671        7.50437e+27
2.27945        7.50011e+27
2.28219        7.49496e+27
2.28493        7.4891e+27
2.28767        7.48271e+27
2.29041        7.47596e+27
2.29315        7.46902e+27
2.29589        7.46202e+27
2.29863        7.45508e+27
2.30137        7.44828e+27
2.30411        7.44169e+27
2.30685        7.43538e+27
2.30959        7.42937e+27
2.31233        7.42369e+27
2.31507        7.41836e+27
2.31781        7.41337e+27
2.32055        7.40873e+27
2.32329        7.40444e+27
2.32603        7.40047e+27
2.32877        7.39682e+27
2.33151        7.39348e+27
2.33425        7.39043e+27
2.33699        7.38766e+27
2.33973        7.38516e+27
2.34247        7.38291e+27
2.34521        7.38089e+27
2.34795        7.3791e+27
2.35068        7.37753e+27
2.35342        7.37616e+27
2.35616        7.37499e+27
2.3589        7.374e+27
2.36164        7.3732e+27
2.36438        7.37256e+27
2.36712        7.37209e+27
2.36986        7.37178e+27
2.3726        7.37163e+27
2.37534        7.37163e+27
2.37808        7.37177e+27
2.38082        7.37207e+27
2.38356        7.37251e+27
2.3863        7.37309e+27
2.38904        7.37382e+27
2.39178        7.37469e+27
2.39452        7.37571e+27
2.39726        7.37688e+27
2.4        7.3782e+27
2.40274        7.37968e+27
2.40548        7.38131e+27
2.40822        7.38311e+27
2.41096        7.38508e+27
2.4137        7.38722e+27
2.41644        7.38955e+27
2.41918        7.39208e+27
2.42192        7.3948e+27
2.42466        7.39774e+27
2.4274        7.4009e+27
2.43014        7.4043e+27
2.43288        7.40795e+27
2.43562        7.41186e+27
2.43836        7.41604e+27
2.4411        7.42051e+27
2.44384        7.42529e+27
2.44658        7.43038e+27
2.44932        7.43581e+27
2.45205        7.44157e+27
2.45479        7.44768e+27
2.45753        7.45415e+27
2.46027        7.46097e+27
2.46301        7.46813e+27
2.46575        7.47561e+27
2.46849        7.48339e+27
2.47123        7.49141e+27
2.47397        7.49963e+27
2.47671        7.50795e+27
2.47945        7.51627e+27
2.48219        7.52447e+27
2.48493        7.5324e+27
2.48767        7.53989e+27
2.49041        7.54676e+27
2.49315        7.55283e+27
2.49589        7.55792e+27
2.49863        7.56188e+27
2.50137        7.56456e+27
2.50411        7.5659e+27
2.50685        7.56585e+27
2.50959        7.56445e+27
2.51233        7.56175e+27
2.51507        7.55789e+27
2.51781        7.55301e+27
2.52055        7.54729e+27
2.52329        7.54091e+27
2.52603        7.53406e+27
2.52877        7.52691e+27
2.53151        7.51961e+27
2.53425        7.51229e+27
2.53699        7.50506e+27
2.53973        7.498e+27
2.54247        7.49119e+27
2.54521        7.48466e+27
2.54795        7.47847e+27
2.55068        7.47262e+27
2.55342        7.46712e+27
2.55616        7.46199e+27
2.5589        7.45721e+27
2.56164        7.45279e+27
2.56438        7.4487e+27
2.56712        7.44495e+27
2.56986        7.44151e+27
2.5726        7.43837e+27
2.57534        7.43552e+27
2.57808        7.43294e+27
2.58082        7.43063e+27
2.58356        7.42857e+27
2.5863        7.42674e+27
2.58904        7.42514e+27
2.59178        7.42376e+27
2.59452        7.42258e+27
2.59726        7.4216e+27
2.6        7.42082e+27
2.60274        7.42022e+27
2.60548        7.41979e+27
2.60822        7.41954e+27
2.61096        7.41946e+27
2.6137        7.41955e+27
2.61644        7.4198e+27
2.61918        7.42021e+27
2.62192        7.42078e+27
2.62466        7.42151e+27
2.6274        7.4224e+27
2.63014        7.42344e+27
2.63288        7.42465e+27
2.63562        7.42603e+27
2.63836        7.42757e+27
2.6411        7.42928e+27
2.64384        7.43116e+27
2.64658        7.43322e+27
2.64932        7.43547e+27
2.65205        7.43792e+27
2.65479        7.44056e+27
2.65753        7.44341e+27
2.66027        7.44649e+27
2.66301        7.44979e+27
2.66575        7.45332e+27
2.66849        7.45712e+27
2.67123        7.46117e+27
2.67397        7.46551e+27
2.67671        7.47013e+27
2.67945        7.47506e+27
2.68219        7.48031e+27
2.68493        7.48589e+27
2.68767        7.49182e+27
2.69041        7.4981e+27
2.69315        7.50474e+27
2.69589        7.51174e+27
2.69863        7.51911e+27
2.70137        7.52682e+27
2.70411        7.53486e+27
2.70685        7.5432e+27
2.70959        7.55178e+27
2.71233        7.56054e+27
2.71507        7.56939e+27
2.71781        7.57821e+27
2.72055        7.58689e+27
2.72329        7.59527e+27
2.72603        7.60317e+27
2.72877        7.61041e+27
2.73151        7.61681e+27
2.73425        7.6222e+27
2.73699        7.62642e+27
2.73973        7.62935e+27
2.74247        7.63092e+27
2.74521        7.63112e+27
2.74795        7.62997e+27
2.75068        7.62757e+27
2.75342        7.62404e+27
2.75616        7.61954e+27
2.7589        7.61425e+27
2.76164        7.60835e+27
2.76438        7.60203e+27
2.76712        7.59544e+27
2.76986        7.58874e+27
2.7726        7.58206e+27
2.77534        7.57549e+27
2.77808        7.56911e+27
2.78082        7.56299e+27
2.78356        7.55717e+27
2.7863        7.55168e+27
2.78904        7.54654e+27
2.79178        7.54175e+27
2.79452        7.53732e+27
2.79726        7.53325e+27
2.8        7.52952e+27
2.80274        7.52613e+27
2.80548        7.52306e+27
2.80822        7.5203e+27
2.81096        7.51783e+27
2.8137        7.51565e+27
2.81644        7.51373e+27
2.81918        7.51206e+27
2.82192        7.51063e+27
2.82466        7.50944e+27
2.8274        7.50846e+27
2.83014        7.50768e+27
2.83288        7.50711e+27
2.83562        7.50672e+27
2.83836        7.50651e+27
2.8411        7.50648e+27
2.84384        7.50662e+27
2.84658        7.50692e+27
2.84932        7.50738e+27
2.85205        7.508e+27
2.85479        7.50877e+27
2.85753        7.50968e+27
2.86027        7.51075e+27
2.86301        7.51197e+27
2.86575        7.51333e+27
2.86849        7.51484e+27
2.87123        7.51651e+27
2.87397        7.51832e+27
2.87671        7.52029e+27
2.87945        7.52242e+27
2.88219        7.52471e+27
2.88493        7.52717e+27
2.88767        7.5298e+27
2.89041        7.53262e+27
2.89315        7.53562e+27
2.89589        7.53883e+27
2.89863        7.54223e+27
2.90137        7.54586e+27
2.90411        7.54971e+27
2.90685        7.55381e+27
2.90959        7.55815e+27
2.91233        7.56277e+27
2.91507        7.56766e+27
2.91781        7.57284e+27
2.92055        7.57834e+27
2.92329        7.58415e+27
2.92603        7.59029e+27
2.92877        7.59678e+27
2.93151        7.60361e+27
2.93425        7.61079e+27
2.93699        7.61831e+27
2.93973        7.62616e+27
2.94247        7.63431e+27
2.94521        7.64273e+27
2.94795        7.65136e+27
2.95068        7.66014e+27
2.95342        7.66896e+27
2.95616        7.67772e+27
2.9589        7.68627e+27
2.96164        7.69446e+27
2.96438        7.70212e+27
2.96712        7.70905e+27
2.96986        7.71508e+27
2.9726        7.72004e+27
2.97534        7.72379e+27
2.97808        7.7262e+27
2.98082        7.72724e+27
2.98356        7.72688e+27
2.9863        7.72519e+27
2.98904        7.72225e+27
2.99178        7.71821e+27
2.99452        7.71322e+27
2.99726        7.70748e+27
3        7.70116e+27
3.00274        7.69445e+27
3.00548        7.6875e+27
3.00822        7.68046e+27
3.01096        7.67344e+27
3.0137        7.66655e+27
3.01644        7.65986e+27
3.01918        7.65342e+27
3.02192        7.64728e+27
3.02466        7.64146e+27
3.0274        7.63598e+27
3.03014        7.63085e+27
3.03288        7.62607e+27
3.03562        7.62162e+27
3.03836        7.61751e+27
3.0411        7.61372e+27
3.04384        7.61024e+27
3.04658        7.60706e+27
3.04932        7.60415e+27
3.05205        7.60151e+27
3.05479        7.59913e+27
3.05753        7.59699e+27
3.06027        7.59508e+27
3.06301        7.59338e+27
3.06575        7.5919e+27
3.06849        7.59061e+27
3.07123        7.58951e+27
3.07397        7.58859e+27
3.07671        7.58784e+27
3.07945        7.58727e+27
3.08219        7.58685e+27
3.08493        7.58659e+27
3.08767        7.58649e+27
3.09041        7.58654e+27
3.09315        7.58673e+27
3.09589        7.58708e+27
3.09863        7.58757e+27
3.10137        7.5882e+27
3.10411        7.58898e+27
3.10685        7.58991e+27
3.10959        7.59099e+27
3.11233        7.59222e+27
3.11507        7.59361e+27
3.11781        7.59516e+27
3.12055        7.59687e+27
3.12329        7.59876e+27
3.12603        7.60082e+27
3.12877        7.60307e+27
3.13151        7.60551e+27
3.13425        7.60815e+27
3.13699        7.611e+27
3.13973        7.61408e+27
3.14247        7.61739e+27
3.14521        7.62096e+27
3.14795        7.62478e+27
3.15068        7.62887e+27
3.15342        7.63326e+27
3.15616        7.63795e+27
3.1589        7.64295e+27
3.16164        7.64828e+27
3.16438        7.65396e+27
3.16712        7.65998e+27
3.16986        7.66636e+27
3.1726        7.67309e+27
3.17534        7.68017e+27
3.17808        7.68759e+27
3.18082        7.6953e+27
3.18356        7.70329e+27
3.1863        7.71147e+27
3.18904        7.71979e+27
3.19178        7.72814e+27
3.19452        7.73639e+27
3.19726        7.74442e+27
3.2        7.75205e+27
3.20274        7.75911e+27
3.20548        7.76541e+27
3.20822        7.77078e+27
3.21096        7.77505e+27
3.2137        7.77808e+27
3.21644        7.77977e+27
3.21918        7.78009e+27
3.22192        7.77904e+27
3.22466        7.77668e+27
3.2274        7.77312e+27
3.23014        7.7685e+27
3.23288        7.76301e+27
3.23562        7.75682e+27
3.23836        7.75011e+27
3.2411        7.74306e+27
3.24384        7.73582e+27
3.24658        7.72854e+27
3.24932        7.72132e+27
3.25205        7.71426e+27
3.25479        7.70743e+27
3.25753        7.70088e+27
3.26027        7.69464e+27
3.26301        7.68875e+27
3.26575        7.68322e+27
3.26849        7.67804e+27
3.27123        7.67323e+27
3.27397        7.66876e+27
3.27671        7.66464e+27
3.27945        7.66084e+27
3.28219        7.65737e+27
3.28493        7.6542e+27
3.28767        7.65132e+27
3.29041        7.64872e+27
3.29315        7.64638e+27
3.29589        7.64429e+27
3.29863        7.64244e+27
3.30137        7.64082e+27
3.30411        7.63942e+27
3.30685        7.63822e+27
3.30959        7.63722e+27
3.31233        7.63641e+27
3.31507        7.63578e+27
3.31781        7.63533e+27
3.32055        7.63506e+27
3.32329        7.63495e+27
3.32603        7.635e+27
3.32877        7.63522e+27
3.33151        7.63559e+27
3.33425        7.63612e+27
3.33699        7.63681e+27
3.33973        7.63765e+27
3.34247        7.63865e+27
3.34521        7.6398e+27
3.34795        7.64111e+27
3.35068        7.64259e+27
3.35342        7.64423e+27
3.35616        7.64604e+27
3.3589        7.64802e+27
3.36164        7.65019e+27
3.36438        7.65254e+27
3.36712        7.65508e+27
3.36986        7.65783e+27
3.3726        7.66078e+27
3.37534        7.66396e+27
3.37808        7.66737e+27
3.38082        7.67103e+27
3.38356        7.67494e+27
3.3863        7.67912e+27
3.38904        7.68358e+27
3.39178        7.68834e+27
3.39452        7.6934e+27
3.39726        7.6988e+27
3.4        7.70452e+27
3.40274        7.7106e+27
3.40548        7.71702e+27
3.40822        7.72381e+27
3.41096        7.73095e+27
3.4137        7.73843e+27
3.41644        7.74625e+27
3.41918        7.75436e+27
3.42192        7.76272e+27
3.42466        7.77127e+27
3.4274        7.77993e+27
3.43014        7.78859e+27
3.43288        7.79712e+27
3.43562        7.80538e+27
3.43836        7.81321e+27
3.4411        7.82041e+27
3.44384        7.82681e+27
3.44658        7.83222e+27
3.44932        7.8365e+27
3.45205        7.8395e+27
3.45479        7.84116e+27
3.45753        7.84142e+27
3.46027        7.84033e+27
3.46301        7.83795e+27
3.46575        7.8344e+27
3.46849        7.82983e+27
3.47123        7.82442e+27
3.47397        7.81836e+27
3.47671        7.81182e+27
3.47945        7.80497e+27
3.48219        7.79797e+27
3.48493        7.79095e+27
3.48767        7.78402e+27
3.49041        7.77725e+27
3.49315        7.77072e+27
3.49589        7.76448e+27
3.49863        7.75855e+27
3.50137        7.75297e+27
3.50411        7.74773e+27
3.50685        7.74285e+27
3.50959        7.73831e+27
3.51233        7.73412e+27
3.51507        7.73026e+27
3.51781        7.72671e+27
3.52055        7.72348e+27
3.52329        7.72053e+27
3.52603        7.71787e+27
3.52877        7.71547e+27
3.53151        7.71332e+27
3.53425        7.7114e+27
3.53699        7.70972e+27
3.53973        7.70825e+27
3.54247        7.70698e+27
3.54521        7.70591e+27
3.54795        7.70503e+27
3.55068        7.70432e+27
3.55342        7.70379e+27
3.55616        7.70342e+27
3.5589        7.70322e+27
3.56164        7.70317e+27
3.56438        7.70327e+27
3.56712        7.70353e+27
3.56986        7.70393e+27
3.5726        7.70448e+27
3.57534        7.70517e+27
3.57808        7.70601e+27
3.58082        7.707e+27
3.58356        7.70813e+27
3.5863        7.70942e+27
3.58904        7.71085e+27
3.59178        7.71245e+27
3.59452        7.71421e+27
3.59726        7.71613e+27
3.6        7.71822e+27
3.60274        7.7205e+27
3.60548        7.72296e+27
3.60822        7.72561e+27
3.61096        7.72848e+27
3.6137        7.73155e+27
3.61644        7.73486e+27
3.61918        7.7384e+27
3.62192        7.74219e+27
3.62466        7.74625e+27
3.6274        7.75059e+27
3.63014        7.75522e+27
3.63288        7.76015e+27
3.63562        7.76541e+27
3.63836        7.771e+27
3.6411        7.77693e+27
3.64384        7.78321e+27
3.64658        7.78984e+27
3.64932        7.79682e+27
3.65205        7.80413e+27
3.65479        7.81176e+27
3.65753        7.81968e+27
3.66027        7.82782e+27
3.66301        7.83613e+27
3.66575        7.84452e+27
3.66849        7.85288e+27
3.67123        7.86108e+27
3.67397        7.86895e+27
3.67671        7.87634e+27
3.67945        7.88307e+27
3.68219        7.88894e+27
3.68493        7.89378e+27
3.68767        7.89744e+27
3.69041        7.89981e+27
3.69315        7.90081e+27
3.69589        7.90043e+27
3.69863        7.89869e+27
3.70137        7.8957e+27
3.70411        7.89157e+27
3.70685        7.88647e+27
3.70959        7.88058e+27
3.71233        7.87408e+27
3.71507        7.86715e+27
3.71781        7.85996e+27
3.72055        7.85265e+27
3.72329        7.84535e+27
3.72603        7.83817e+27
3.72877        7.83117e+27
3.73151        7.82443e+27
3.73425        7.81799e+27
3.73699        7.81188e+27
3.73973        7.80612e+27
3.74247        7.80071e+27
3.74521        7.79566e+27
3.74795        7.79096e+27
3.75068        7.7866e+27
3.75342        7.78258e+27
3.75616        7.77888e+27
3.7589        7.7755e+27
3.76164        7.7724e+27
3.76438        7.76959e+27
3.76712        7.76705e+27
3.76986        7.76476e+27
3.7726        7.76272e+27
3.77534        7.76091e+27
3.77808        7.75931e+27
3.78082        7.75793e+27
3.78356        7.75675e+27
3.7863        7.75577e+27
3.78904        7.75497e+27
3.79178        7.75435e+27
3.79452        7.7539e+27
3.79726        7.75362e+27
3.8        7.75351e+27
3.80274        7.75356e+27
3.80548        7.75377e+27
3.80822        7.75414e+27
3.81096        7.75467e+27
3.8137        7.75535e+27
3.81644        7.75618e+27
3.81918        7.75718e+27
3.82192        7.75833e+27
3.82466        7.75965e+27
3.8274        7.76113e+27
3.83014        7.76278e+27
3.83288        7.7646e+27
3.83562        7.7666e+27
3.83836        7.76878e+27
3.8411        7.77116e+27
3.84384        7.77374e+27
3.84658        7.77653e+27
3.84932        7.77953e+27
3.85205        7.78277e+27
3.85479        7.78624e+27
3.85753        7.78997e+27
3.86027        7.79396e+27
3.86301        7.79823e+27
3.86575        7.8028e+27
3.86849        7.80767e+27
3.87123        7.81286e+27
3.87397        7.81839e+27
3.87671        7.82426e+27
3.87945        7.83048e+27
3.88219        7.83706e+27
3.88493        7.84401e+27
3.88767        7.85131e+27
3.89041        7.85895e+27
3.89315        7.86692e+27
3.89589        7.87516e+27
3.89863        7.88362e+27
3.90137        7.89225e+27
3.90411        7.90093e+27
3.90685        7.90956e+27
3.90959        7.91799e+27
3.91233        7.92608e+27
3.91507        7.93364e+27
3.91781        7.94049e+27
3.92055        7.94646e+27
3.92329        7.95136e+27
3.92603        7.95505e+27
3.92877        7.95743e+27
3.93151        7.95845e+27
3.93425        7.95809e+27
3.93699        7.9564e+27
3.93973        7.95348e+27
3.94247        7.94948e+27
3.94521        7.94455e+27
3.94795        7.93888e+27
3.95068        7.93265e+27
3.95342        7.92604e+27
3.95616        7.91921e+27
3.9589        7.91231e+27
3.96164        7.90544e+27
3.96438        7.8987e+27
3.96712        7.89219e+27
3.96986        7.88593e+27
3.9726        7.87999e+27
3.97534        7.87439e+27
3.97808        7.86913e+27
3.98082        7.86423e+27
3.98356        7.85969e+27
3.9863        7.8555e+27
3.98904        7.85165e+27
3.99178        7.84813e+27
3.99452        7.84492e+27
3.99726        7.84203e+27
4        7.83942e+27
4.00274        7.83709e+27
4.00548        7.83502e+27
4.00822        7.8332e+27
4.01096        7.83161e+27
4.0137        7.83025e+27
4.01644        7.82911e+27
4.01918        7.82816e+27
4.02192        7.82741e+27
4.02466        7.82685e+27
4.0274        7.82647e+27
4.03014        7.82626e+27
4.03288        7.82622e+27
4.03562        7.82633e+27
4.03836        7.82661e+27
4.0411        7.82704e+27
4.04384        7.82762e+27
4.04658        7.82835e+27
4.04932        7.82923e+27
4.05205        7.83025e+27
4.05479        7.83143e+27
4.05753        7.83275e+27
4.06027        7.83422e+27
4.06301        7.83584e+27
4.06575        7.83762e+27
4.06849        7.83956e+27
4.07123        7.84167e+27
4.07397        7.84394e+27
4.07671        7.84639e+27
4.07945        7.84902e+27
4.08219        7.85184e+27
4.08493        7.85486e+27
4.08767        7.85809e+27
4.09041        7.86154e+27
4.09315        7.86521e+27
4.09589        7.86914e+27
4.09863        7.87331e+27
4.10137        7.87776e+27
4.10411        7.88249e+27
4.10685        7.88752e+27
4.10959        7.89285e+27
4.11233        7.89851e+27
4.11507        7.9045e+27
4.11781        7.91084e+27
4.12055        7.91751e+27
4.12329        7.92454e+27
4.12603        7.9319e+27
4.12877        7.93959e+27
4.13151        7.94757e+27
4.13425        7.9558e+27
4.13699        7.96423e+27
4.13973        7.97278e+27
4.14247        7.98134e+27
4.14521        7.9898e+27
4.14795        7.99802e+27
4.15068        8.00583e+27
4.15342        8.01305e+27
4.15616        8.0195e+27
4.1589        8.02499e+27
4.16164        8.02938e+27
4.16438        8.03251e+27
4.16712        8.03429e+27
4.16986        8.03468e+27
4.1726        8.03369e+27
4.17534        8.03138e+27
4.17808        8.02786e+27
4.18082        8.02327e+27
4.18356        8.01779e+27
4.1863        8.0116e+27
4.18904        8.00489e+27
4.19178        7.99782e+27
4.19452        7.99055e+27
4.19726        7.98322e+27
4.2        7.97595e+27
4.20274        7.96882e+27
4.20548        7.96191e+27
4.20822        7.95526e+27
4.21096        7.94891e+27
4.2137        7.9429e+27
4.21644        7.93722e+27
4.21918        7.93189e+27
4.22192        7.9269e+27
4.22466        7.92225e+27
4.2274        7.91792e+27
4.23014        7.91391e+27
4.23288        7.91021e+27
4.23562        7.90679e+27
4.23836        7.90366e+27
4.2411        7.90078e+27
4.24384        7.89815e+27
4.24658        7.89576e+27
4.24932        7.89359e+27
4.25205        7.89163e+27
4.25479        7.88988e+27
4.25753        7.88832e+27
4.26027        7.88695e+27
4.26301        7.88575e+27
4.26575        7.88472e+27
4.26849        7.88386e+27
4.27123        7.88316e+27
4.27397        7.88261e+27
4.27671        7.88221e+27
4.27945        7.88196e+27
4.28219        7.88185e+27
4.28493        7.8819e+27
4.28767        7.88208e+27
4.29041        7.88241e+27
4.29315        7.88288e+27
4.29589        7.88351e+27
4.29863        7.88427e+27
4.30137        7.8852e+27
4.30411        7.88627e+27
4.30685        7.88751e+27
4.30959        7.88891e+27
4.31233        7.89048e+27
4.31507        7.89223e+27
4.31781        7.89417e+27
4.32055        7.89629e+27
4.32329        7.89863e+27
4.32603        7.90117e+27
4.32877        7.90395e+27
4.33151        7.90695e+27
4.33425        7.91021e+27
4.33699        7.91373e+27
4.33973        7.91753e+27
4.34247        7.92162e+27
4.34521        7.92602e+27
4.34795        7.93073e+27
4.35068        7.93578e+27
4.35342        7.94117e+27
4.35616        7.9469e+27
4.3589        7.953e+27
4.36164        7.95944e+27
4.36438        7.96623e+27
4.36712        7.97334e+27
4.36986        7.98075e+27
4.3726        7.98841e+27
4.37534        7.99625e+27
4.37808        8.0042e+27
4.38082        8.01214e+27
4.38356        8.01997e+27
4.3863        8.02751e+27
4.38904        8.03462e+27
4.39178        8.0411e+27
4.39452        8.04678e+27
4.39726        8.05147e+27
4.4        8.05503e+27
4.40274        8.05731e+27
4.40548        8.05825e+27
4.40822        8.0578e+27
4.41096        8.056e+27
4.4137        8.05291e+27
4.41644        8.04866e+27
4.41918        8.0434e+27
4.42192        8.03731e+27
4.42466        8.03057e+27
4.4274        8.02336e+27
4.43014        8.01586e+27
4.43288        8.00821e+27
4.43562        8.00055e+27
4.43836        7.99298e+27
4.4411        7.98559e+27
4.44384        7.97845e+27
4.44658        7.9716e+27
4.44932        7.96507e+27
4.45205        7.9589e+27
4.45479        7.95308e+27
4.45753        7.94762e+27
4.46027        7.94252e+27
4.46301        7.93777e+27
4.46575        7.93336e+27
4.46849        7.92928e+27
4.47123        7.92552e+27
4.47397        7.92206e+27
4.47671        7.91888e+27
4.47945        7.91598e+27
4.48219        7.91335e+27
4.48493        7.91096e+27
4.48767        7.90881e+27
4.49041        7.90688e+27
4.49315        7.90517e+27
4.49589        7.90366e+27
4.49863        7.90236e+27
4.50137        7.90124e+27
4.50411        7.90031e+27
4.50685        7.89956e+27
4.50959        7.89897e+27
4.51233        7.89856e+27
4.51507        7.89831e+27
4.51781        7.89822e+27
4.52055        7.8983e+27
4.52329        7.89853e+27
4.52603        7.89892e+27
4.52877        7.89946e+27
4.53151        7.90017e+27
4.53425        7.90103e+27
4.53699        7.90206e+27
4.53973        7.90325e+27
4.54247        7.90461e+27
4.54521        7.90614e+27
4.54795        7.90785e+27
4.55068        7.90975e+27
4.55342        7.91183e+27
4.55616        7.91412e+27
4.5589        7.91661e+27
4.56164        7.91931e+27
4.56438        7.92225e+27
4.56712        7.92542e+27
4.56986        7.92884e+27
4.5726        7.93252e+27
4.57534        7.93648e+27
4.57808        7.94072e+27
4.58082        7.94527e+27
4.58356        7.95013e+27
4.5863        7.95533e+27
4.58904        7.96086e+27
4.59178        7.96675e+27
4.59452        7.97299e+27
4.59726        7.9796e+27
4.6        7.98656e+27
4.60274        7.99386e+27
4.60548        8.00149e+27
4.60822        8.0094e+27
4.61096        8.01756e+27
4.6137        8.02588e+27
4.61644        8.03429e+27
4.61918        8.04267e+27
4.62192        8.05089e+27
4.62466        8.0588e+27
4.6274        8.06622e+27
4.63014        8.07298e+27
4.63288        8.07888e+27
4.63562        8.08376e+27
4.63836        8.08746e+27
4.6411        8.08986e+27
4.64384        8.09091e+27
4.64658        8.09057e+27
4.64932        8.08888e+27
4.65205        8.08594e+27
4.65479        8.08187e+27
4.65753        8.07683e+27
4.66027        8.071e+27
4.66301        8.06457e+27
4.66575        8.05771e+27
4.66849        8.05059e+27
4.67123        8.04336e+27
4.67397        8.03613e+27
4.67671        8.02902e+27
4.67945        8.0221e+27
4.68219        8.01544e+27
4.68493        8.00907e+27
4.68767        8.00303e+27
4.69041        7.99733e+27
4.69315        7.99198e+27
4.69589        7.98699e+27
4.69863        7.98234e+27
4.70137        7.97804e+27
4.70411        7.97406e+27
4.70685        7.9704e+27
4.70959        7.96705e+27
4.71233        7.96398e+27
4.71507        7.96119e+27
4.71781        7.95866e+27
4.72055        7.95638e+27
4.72329        7.95433e+27
4.72603        7.95251e+27
4.72877        7.9509e+27
4.73151        7.94949e+27
4.73425        7.94828e+27
4.73699        7.94725e+27
4.73973        7.94639e+27
4.74247        7.94571e+27
4.74521        7.94519e+27
4.74795        7.94483e+27
4.75068        7.94463e+27
4.75342        7.94457e+27
4.75616        7.94467e+27
4.7589        7.94491e+27
4.76164        7.9453e+27
4.76438        7.94583e+27
4.76712        7.94651e+27
4.76986        7.94733e+27
4.7726        7.9483e+27
4.77534        7.94942e+27
4.77808        7.95069e+27
4.78082        7.95212e+27
4.78356        7.9537e+27
4.7863        7.95546e+27
4.78904        7.95738e+27
4.79178        7.95949e+27
4.79452        7.96178e+27
4.79726        7.96427e+27
4.8        7.96696e+27
4.80274        7.96987e+27
4.80548        7.973e+27
4.80822        7.97638e+27
4.81096        7.98e+27
4.8137        7.9839e+27
4.81644        7.98807e+27
4.81918        7.99253e+27
4.82192        7.9973e+27
4.82466        8.00239e+27
4.8274        8.00781e+27
4.83014        8.01358e+27
4.83288        8.01968e+27
4.83562        8.02614e+27
4.83836        8.03294e+27
4.8411        8.04006e+27
4.84384        8.04749e+27
4.84658        8.05519e+27
4.84932        8.0631e+27
4.85205        8.07114e+27
4.85479        8.07924e+27
4.85753        8.08726e+27
4.86027        8.09507e+27
4.86301        8.10252e+27
4.86575        8.10943e+27
4.86849        8.11562e+27
4.87123        8.1209e+27
4.87397        8.1251e+27
4.87671        8.12808e+27
4.87945        8.12974e+27
4.88219        8.13001e+27
4.88493        8.1289e+27
4.88767        8.12646e+27
4.89041        8.12278e+27
4.89315        8.118e+27
4.89589        8.11229e+27
4.89863        8.10583e+27
4.90137        8.09881e+27
4.90411        8.0914e+27
4.90685        8.08376e+27
4.90959        8.07603e+27
4.91233        8.06834e+27
4.91507        8.06078e+27
4.91781        8.05343e+27
4.92055        8.04633e+27
4.92329        8.03954e+27
4.92603        8.03308e+27
4.92877        8.02696e+27
4.93151        8.02119e+27
4.93425        8.01577e+27
4.93699        8.0107e+27
4.93973        8.00596e+27
4.94247        8.00155e+27
4.94521        7.99745e+27
4.94795        7.99365e+27
4.95068        7.99013e+27
4.95342        7.98689e+27
4.95616        7.9839e+27
4.9589        7.98116e+27
4.96164        7.97866e+27
4.96438        7.97637e+27
4.96712        7.9743e+27
4.96986        7.97243e+27
4.9726        7.97076e+27
4.97534        7.96926e+27
4.97808        7.96795e+27
4.98082        7.96681e+27
4.98356        7.96584e+27
4.9863        7.96502e+27
4.98904        7.96437e+27
4.99178        7.96387e+27
4.99452        7.96353e+27
4.99726        7.96333e+27
0        6.8939e+27
0.00273973        6.89361e+27
0.00547945        6.89348e+27
0.00821918        6.89348e+27
0.0109589        6.89364e+27
0.0136986        6.89394e+27
0.0164384        6.89439e+27
0.0191781        6.89499e+27
0.0219178        6.89574e+27
0.0246575        6.89665e+27
0.0273973        6.89771e+27
0.030137        6.89894e+27
0.0328767        6.90034e+27
0.0356164        6.90191e+27
0.0383562        6.90366e+27
0.0410959        6.90561e+27
0.0438356        6.90775e+27
0.0465753        6.91011e+27
0.0493151        6.91268e+27
0.0520548        6.91548e+27
0.0547945        6.91853e+27
0.0575342        6.92184e+27
0.060274        6.92541e+27
0.0630137        6.92927e+27
0.0657534        6.93343e+27
0.0684932        6.9379e+27
0.0712329        6.94269e+27
0.0739726        6.94782e+27
0.0767123        6.9533e+27
0.0794521        6.95913e+27
0.0821918        6.96532e+27
0.0849315        6.97185e+27
0.0876712        6.97872e+27
0.090411        6.98591e+27
0.0931507        6.99338e+27
0.0958904        7.00107e+27
0.0986301        7.00891e+27
0.10137        7.01682e+27
0.10411        7.02467e+27
0.106849        7.03234e+27
0.109589        7.03966e+27
0.112329        7.04647e+27
0.115068        7.05258e+27
0.117808        7.0578e+27
0.120548        7.06197e+27
0.123288        7.06494e+27
0.126027        7.0666e+27
0.128767        7.06689e+27
0.131507        7.0658e+27
0.134247        7.06337e+27
0.136986        7.05971e+27
0.139726        7.05495e+27
0.142466        7.04925e+27
0.145205        7.0428e+27
0.147945        7.03578e+27
0.150685        7.02836e+27
0.153425        7.02071e+27
0.156164        7.01298e+27
0.158904        7.00528e+27
0.161644        6.99771e+27
0.164384        6.99035e+27
0.167123        6.98326e+27
0.169863        6.97647e+27
0.172603        6.97002e+27
0.175342        6.96393e+27
0.178082        6.95819e+27
0.180822        6.95281e+27
0.183562        6.94779e+27
0.186301        6.94311e+27
0.189041        6.93876e+27
0.191781        6.93474e+27
0.194521        6.93103e+27
0.19726        6.92761e+27
0.2        6.92447e+27
0.20274        6.9216e+27
0.205479        6.91899e+27
0.208219        6.91661e+27
0.210959        6.91447e+27
0.213699        6.91255e+27
0.216438        6.91084e+27
0.219178        6.90933e+27
0.221918        6.90801e+27
0.224658        6.90688e+27
0.227397        6.90593e+27
0.230137        6.90515e+27
0.232877        6.90455e+27
0.235616        6.90411e+27
0.238356        6.90383e+27
0.241096        6.9037e+27
0.243836        6.90374e+27
0.246575        6.90394e+27
0.249315        6.90429e+27
0.252055        6.90479e+27
0.254795        6.90546e+27
0.257534        6.90628e+27
0.260274        6.90727e+27
0.263014        6.90842e+27
0.265753        6.90973e+27
0.268493        6.91123e+27
0.271233        6.9129e+27
0.273973        6.91476e+27
0.276712        6.91681e+27
0.279452        6.91906e+27
0.282192        6.92152e+27
0.284932        6.9242e+27
0.287671        6.92711e+27
0.290411        6.93026e+27
0.293151        6.93366e+27
0.29589        6.93733e+27
0.29863        6.94128e+27
0.30137        6.94553e+27
0.30411        6.95008e+27
0.306849        6.95495e+27
0.309589        6.96016e+27
0.312329        6.96571e+27
0.315068        6.97161e+27
0.317808        6.97787e+27
0.320548        6.9845e+27
0.323288        6.99147e+27
0.326027        6.99878e+27
0.328767        7.00639e+27
0.331507        7.01428e+27
0.334247        7.02238e+27
0.336986        7.03061e+27
0.339726        7.03888e+27
0.342466        7.04707e+27
0.345205        7.05504e+27
0.347945        7.06262e+27
0.350685        7.06964e+27
0.353425        7.07591e+27
0.356164        7.08125e+27
0.358904        7.0855e+27
0.361644        7.08852e+27
0.364384        7.0902e+27
0.367123        7.09051e+27
0.369863        7.08945e+27
0.372603        7.08707e+27
0.375342        7.08348e+27
0.378082        7.07883e+27
0.380822        7.07328e+27
0.383562        7.06703e+27
0.386301        7.06025e+27
0.389041        7.05311e+27
0.391781        7.04578e+27
0.394521        7.0384e+27
0.39726        7.03106e+27
0.4        7.02388e+27
0.40274        7.01692e+27
0.405479        7.01023e+27
0.408219        7.00386e+27
0.410959        6.99782e+27
0.413699        6.99213e+27
0.416438        6.98679e+27
0.419178        6.98181e+27
0.421918        6.97717e+27
0.424658        6.97287e+27
0.427397        6.96889e+27
0.430137        6.96523e+27
0.432877        6.96186e+27
0.435616        6.95878e+27
0.438356        6.95597e+27
0.441096        6.95341e+27
0.443836        6.9511e+27
0.446575        6.94902e+27
0.449315        6.94716e+27
0.452055        6.94551e+27
0.454795        6.94406e+27
0.457534        6.94281e+27
0.460274        6.94173e+27
0.463014        6.94083e+27
0.465753        6.9401e+27
0.468493        6.93953e+27
0.471233        6.93912e+27
0.473973        6.93887e+27
0.476712        6.93877e+27
0.479452        6.93882e+27
0.482192        6.93901e+27
0.484932        6.93936e+27
0.487671        6.93985e+27
0.490411        6.94049e+27
0.493151        6.94127e+27
0.49589        6.94221e+27
0.49863        6.9433e+27
0.50137        6.94455e+27
0.50411        6.94596e+27
0.506849        6.94753e+27
0.509589        6.94927e+27
0.512329        6.9512e+27
0.515068        6.9533e+27
0.517808        6.9556e+27
0.520548        6.95811e+27
0.523288        6.96082e+27
0.526027        6.96376e+27
0.528767        6.96694e+27
0.531507        6.97036e+27
0.534247        6.97405e+27
0.536986        6.97801e+27
0.539726        6.98225e+27
0.542466        6.9868e+27
0.545205        6.99167e+27
0.547945        6.99687e+27
0.550685        7.0024e+27
0.553425        7.00828e+27
0.556164        7.01451e+27
0.558904        7.0211e+27
0.561644        7.02802e+27
0.564384        7.03527e+27
0.567123        7.04281e+27
0.569863        7.0506e+27
0.572603        7.05858e+27
0.575342        7.06667e+27
0.578082        7.07476e+27
0.580822        7.08272e+27
0.583562        7.09042e+27
0.586301        7.09769e+27
0.589041        7.10434e+27
0.591781        7.1102e+27
0.594521        7.11507e+27
0.59726        7.11881e+27
0.6        7.12129e+27
0.60274        7.12242e+27
0.605479        7.12216e+27
0.608219        7.12053e+27
0.610959        7.11761e+27
0.613699        7.11351e+27
0.616438        7.10839e+27
0.619178        7.10242e+27
0.621918        7.09579e+27
0.624658        7.08867e+27
0.627397        7.08124e+27
0.630137        7.07366e+27
0.632877        7.06604e+27
0.635616        7.05851e+27
0.638356        7.05115e+27
0.641096        7.04403e+27
0.643836        7.03719e+27
0.646575        7.03067e+27
0.649315        7.0245e+27
0.652055        7.01867e+27
0.654795        7.01321e+27
0.657534        7.0081e+27
0.660274        7.00334e+27
0.663014        6.99891e+27
0.665753        6.99481e+27
0.668493        6.99103e+27
0.671233        6.98754e+27
0.673973        6.98434e+27
0.676712        6.98141e+27
0.679452        6.97874e+27
0.682192        6.97631e+27
0.684932        6.97412e+27
0.687671        6.97216e+27
0.690411        6.97041e+27
0.693151        6.96886e+27
0.69589        6.96751e+27
0.69863        6.96634e+27
0.70137        6.96536e+27
0.70411        6.96456e+27
0.706849        6.96392e+27
0.709589        6.96345e+27
0.712329        6.96315e+27
0.715068        6.963e+27
0.717808        6.96302e+27
0.720548        6.96319e+27
0.723288        6.96352e+27
0.726027        6.964e+27
0.728767        6.96464e+27
0.731507        6.96545e+27
0.734247        6.96641e+27
0.736986        6.96754e+27
0.739726        6.96883e+27
0.742466        6.9703e+27
0.745205        6.97194e+27
0.747945        6.97377e+27
0.750685        6.97579e+27
0.753425        6.97801e+27
0.756164        6.98044e+27
0.758904        6.98308e+27
0.761644        6.98595e+27
0.764384        6.98906e+27
0.767123        6.99242e+27
0.769863        6.99604e+27
0.772603        6.99993e+27
0.775342        7.00412e+27
0.778082        7.00861e+27
0.780822        7.01342e+27
0.783562        7.01856e+27
0.786301        7.02404e+27
0.789041        7.02988e+27
0.791781        7.03608e+27
0.794521        7.04264e+27
0.79726        7.04956e+27
0.8        7.05683e+27
0.80274        7.06443e+27
0.805479        7.07232e+27
0.808219        7.08046e+27
0.810959        7.08879e+27
0.813699        7.0972e+27
0.816438        7.1056e+27
0.819178        7.11386e+27
0.821918        7.12182e+27
0.824658        7.1293e+27
0.827397        7.13614e+27
0.830137        7.14215e+27
0.832877        7.14714e+27
0.835616        7.15098e+27
0.838356        7.15353e+27
0.841096        7.15473e+27
0.843836        7.15454e+27
0.846575        7.15302e+27
0.849315        7.15024e+27
0.852055        7.14632e+27
0.854795        7.14143e+27
0.857534        7.13575e+27
0.860274        7.12946e+27
0.863014        7.12273e+27
0.865753        7.11574e+27
0.868493        7.10864e+27
0.871233        7.10154e+27
0.873973        7.09456e+27
0.876712        7.08778e+27
0.879452        7.08125e+27
0.882192        7.07502e+27
0.884932        7.06913e+27
0.887671        7.06358e+27
0.890411        7.0584e+27
0.893151        7.05358e+27
0.89589        7.04911e+27
0.89863        7.04499e+27
0.90137        7.04121e+27
0.90411        7.03776e+27
0.906849        7.03462e+27
0.909589        7.03177e+27
0.912329        7.02921e+27
0.915068        7.02692e+27
0.917808        7.02489e+27
0.920548        7.0231e+27
0.923288        7.02155e+27
0.926027        7.02021e+27
0.928767        7.01909e+27
0.931507        7.01816e+27
0.934247        7.01743e+27
0.936986        7.01689e+27
0.939726        7.01652e+27
0.942466        7.01633e+27
0.945205        7.0163e+27
0.947945        7.01644e+27
0.950685        7.01673e+27
0.953425        7.01718e+27
0.956164        7.01779e+27
0.958904        7.01854e+27
0.961644        7.01945e+27
0.964384        7.02051e+27
0.967123        7.02173e+27
0.969863        7.02309e+27
0.972603        7.02462e+27
0.975342        7.0263e+27
0.978082        7.02814e+27
0.980822        7.03015e+27
0.983562        7.03233e+27
0.986301        7.03469e+27
0.989041        7.03724e+27
0.991781        7.03997e+27
0.994521        7.04291e+27
0.99726        7.04605e+27
1        7.04942e+27
1.00274        7.05302e+27
1.00548        7.05686e+27
1.00822        7.06095e+27
1.01096        7.06532e+27
1.0137        7.06996e+27
1.01644        7.07491e+27
1.01918        7.08016e+27
1.02192        7.08574e+27
1.02466        7.09165e+27
1.0274        7.0979e+27
1.03014        7.1045e+27
1.03288        7.11145e+27
1.03562        7.11875e+27
1.03836        7.12638e+27
1.0411        7.13432e+27
1.04384        7.14252e+27
1.04658        7.15095e+27
1.04932        7.15952e+27
1.05205        7.16815e+27
1.05479        7.17671e+27
1.05753        7.18508e+27
1.06027        7.19309e+27
1.06301        7.20058e+27
1.06575        7.20735e+27
1.06849        7.21323e+27
1.07123        7.21804e+27
1.07397        7.22164e+27
1.07671        7.22392e+27
1.07945        7.22481e+27
1.08219        7.22432e+27
1.08493        7.22249e+27
1.08767        7.2194e+27
1.09041        7.21521e+27
1.09315        7.21007e+27
1.09589        7.20417e+27
1.09863        7.19769e+27
1.10137        7.19081e+27
1.10411        7.18369e+27
1.10685        7.17647e+27
1.10959        7.16927e+27
1.11233        7.16219e+27
1.11507        7.15531e+27
1.11781        7.14868e+27
1.12055        7.14235e+27
1.12329        7.13634e+27
1.12603        7.13067e+27
1.12877        7.12535e+27
1.13151        7.12037e+27
1.13425        7.11573e+27
1.13699        7.11142e+27
1.13973        7.10743e+27
1.14247        7.10376e+27
1.14521        7.10037e+27
1.14795        7.09727e+27
1.15068        7.09443e+27
1.15342        7.09184e+27
1.15616        7.0895e+27
1.1589        7.08738e+27
1.16164        7.08548e+27
1.16438        7.08379e+27
1.16712        7.08229e+27
1.16986        7.08097e+27
1.1726        7.07984e+27
1.17534        7.07888e+27
1.17808        7.07808e+27
1.18082        7.07745e+27
1.18356        7.07697e+27
1.1863        7.07664e+27
1.18904        7.07646e+27
1.19178        7.07642e+27
1.19452        7.07653e+27
1.19726        7.07679e+27
1.2        7.07718e+27
1.20274        7.07772e+27
1.20548        7.07841e+27
1.20822        7.07924e+27
1.21096        7.08022e+27
1.2137        7.08136e+27
1.21644        7.08265e+27
1.21918        7.0841e+27
1.22192        7.08572e+27
1.22466        7.08752e+27
1.2274        7.0895e+27
1.23014        7.09166e+27
1.23288        7.09403e+27
1.23562        7.09661e+27
1.23836        7.0994e+27
1.2411        7.10243e+27
1.24384        7.1057e+27
1.24658        7.10923e+27
1.24932        7.11303e+27
1.25205        7.11712e+27
1.25479        7.12151e+27
1.25753        7.12621e+27
1.26027        7.13123e+27
1.26301        7.1366e+27
1.26575        7.14231e+27
1.26849        7.14837e+27
1.27123        7.15479e+27
1.27397        7.16155e+27
1.27671        7.16864e+27
1.27945        7.17603e+27
1.28219        7.18369e+27
1.28493        7.19155e+27
1.28767        7.19955e+27
1.29041        7.20757e+27
1.29315        7.21551e+27
1.29589        7.22322e+27
1.29863        7.23054e+27
1.30137        7.23729e+27
1.30411        7.2433e+27
1.30685        7.24836e+27
1.30959        7.25233e+27
1.31233        7.25507e+27
1.31507        7.25647e+27
1.31781        7.25649e+27
1.32055        7.25515e+27
1.32329        7.25249e+27
1.32603        7.24862e+27
1.32877        7.24369e+27
1.33151        7.23788e+27
1.33425        7.23136e+27
1.33699        7.22432e+27
1.33973        7.21693e+27
1.34247        7.20936e+27
1.34521        7.20173e+27
1.34795        7.19416e+27
1.35068        7.18675e+27
1.35342        7.17956e+27
1.35616        7.17266e+27
1.3589        7.16607e+27
1.36164        7.15983e+27
1.36438        7.15393e+27
1.36712        7.1484e+27
1.36986        7.14323e+27
1.3726        7.13842e+27
1.37534        7.13394e+27
1.37808        7.1298e+27
1.38082        7.12598e+27
1.38356        7.12247e+27
1.3863        7.11925e+27
1.38904        7.1163e+27
1.39178        7.11363e+27
1.39452        7.1112e+27
1.39726        7.10902e+27
1.4        7.10706e+27
1.40274        7.10533e+27
1.40548        7.10381e+27
1.40822        7.10248e+27
1.41096        7.10135e+27
1.4137        7.10041e+27
1.41644        7.09964e+27
1.41918        7.09906e+27
1.42192        7.09864e+27
1.42466        7.09839e+27
1.4274        7.0983e+27
1.43014        7.09838e+27
1.43288        7.09861e+27
1.43562        7.09901e+27
1.43836        7.09956e+27
1.4411        7.10027e+27
1.44384        7.10115e+27
1.44658        7.10219e+27
1.44932        7.10339e+27
1.45205        7.10476e+27
1.45479        7.10631e+27
1.45753        7.10803e+27
1.46027        7.10994e+27
1.46301        7.11204e+27
1.46575        7.11434e+27
1.46849        7.11684e+27
1.47123        7.11956e+27
1.47397        7.12251e+27
1.47671        7.12569e+27
1.47945        7.12912e+27
1.48219        7.13281e+27
1.48493        7.13678e+27
1.48767        7.14103e+27
1.49041        7.14558e+27
1.49315        7.15045e+27
1.49589        7.15565e+27
1.49863        7.16119e+27
1.50137        7.16708e+27
1.50411        7.17333e+27
1.50685        7.17994e+27
1.50959        7.18692e+27
1.51233        7.19425e+27
1.51507        7.20191e+27
1.51781        7.20987e+27
1.52055        7.2181e+27
1.52329        7.22652e+27
1.52603        7.23506e+27
1.52877        7.24361e+27
1.53151        7.25205e+27
1.53425        7.26023e+27
1.53699        7.26797e+27
1.53973        7.27512e+27
1.54247        7.28147e+27
1.54521        7.28684e+27
1.54795        7.29109e+27
1.55068        7.29408e+27
1.55342        7.29573e+27
1.55616        7.296e+27
1.5589        7.29491e+27
1.56164        7.29253e+27
1.56438        7.28899e+27
1.56712        7.28443e+27
1.56986        7.27903e+27
1.5726        7.27298e+27
1.57534        7.26645e+27
1.57808        7.25962e+27
1.58082        7.25264e+27
1.58356        7.24563e+27
1.5863        7.23872e+27
1.58904        7.23198e+27
1.59178        7.22548e+27
1.59452        7.21927e+27
1.59726        7.21338e+27
1.6        7.20784e+27
1.60274        7.20266e+27
1.60548        7.19783e+27
1.60822        7.19336e+27
1.61096        7.18924e+27
1.6137        7.18545e+27
1.61644        7.18199e+27
1.61918        7.17884e+27
1.62192        7.17599e+27
1.62466        7.17343e+27
1.6274        7.17114e+27
1.63014        7.1691e+27
1.63288        7.1673e+27
1.63562        7.16574e+27
1.63836        7.1644e+27
1.6411        7.16327e+27
1.64384        7.16234e+27
1.64658        7.1616e+27
1.64932        7.16105e+27
1.65205        7.16067e+27
1.65479        7.16047e+27
1.65753        7.16042e+27
1.66027        7.16054e+27
1.66301        7.16082e+27
1.66575        7.16125e+27
1.66849        7.16184e+27
1.67123        7.16257e+27
1.67397        7.16345e+27
1.67671        7.16449e+27
1.67945        7.16567e+27
1.68219        7.167e+27
1.68493        7.16849e+27
1.68767        7.17013e+27
1.69041        7.17193e+27
1.69315        7.17389e+27
1.69589        7.17602e+27
1.69863        7.17833e+27
1.70137        7.18082e+27
1.70411        7.1835e+27
1.70685        7.18637e+27
1.70959        7.18945e+27
1.71233        7.19275e+27
1.71507        7.19627e+27
1.71781        7.20004e+27
1.72055        7.20405e+27
1.72329        7.20833e+27
1.72603        7.21289e+27
1.72877        7.21774e+27
1.73151        7.2229e+27
1.73425        7.22838e+27
1.73699        7.23419e+27
1.73973        7.24034e+27
1.74247        7.24684e+27
1.74521        7.25369e+27
1.74795        7.26089e+27
1.75068        7.26842e+27
1.75342        7.27627e+27
1.75616        7.2844e+27
1.7589        7.29277e+27
1.76164        7.3013e+27
1.76438        7.30992e+27
1.76712        7.3185e+27
1.76986        7.32692e+27
1.7726        7.33503e+27
1.77534        7.34266e+27
1.77808        7.34962e+27
1.78082        7.35573e+27
1.78356        7.36082e+27
1.7863        7.36473e+27
1.78904        7.36735e+27
1.79178        7.3686e+27
1.79452        7.36845e+27
1.79726        7.36696e+27
1.8        7.3642e+27
1.80274        7.36029e+27
1.80548        7.35541e+27
1.80822        7.34972e+27
1.81096        7.34341e+27
1.8137        7.33667e+27
1.81644        7.32965e+27
1.81918        7.32251e+27
1.82192        7.31537e+27
1.82466        7.30834e+27
1.8274        7.30149e+27
1.83014        7.29489e+27
1.83288        7.28859e+27
1.83562        7.2826e+27
1.83836        7.27696e+27
1.8411        7.27168e+27
1.84384        7.26674e+27
1.84658        7.26215e+27
1.84932        7.25791e+27
1.85205        7.25399e+27
1.85479        7.2504e+27
1.85753        7.24711e+27
1.86027        7.24411e+27
1.86301        7.24138e+27
1.86575        7.23892e+27
1.86849        7.23672e+27
1.87123        7.23475e+27
1.87397        7.23301e+27
1.87671        7.23148e+27
1.87945        7.23016e+27
1.88219        7.22904e+27
1.88493        7.22811e+27
1.88767        7.22736e+27
1.89041        7.22679e+27
1.89315        7.22638e+27
1.89589        7.22615e+27
1.89863        7.22607e+27
1.90137        7.22615e+27
1.90411        7.22638e+27
1.90685        7.22677e+27
1.90959        7.22731e+27
1.91233        7.22801e+27
1.91507        7.22885e+27
1.91781        7.22985e+27
1.92055        7.231e+27
1.92329        7.23231e+27
1.92603        7.23378e+27
1.92877        7.23542e+27
1.93151        7.23723e+27
1.93425        7.23921e+27
1.93699        7.24137e+27
1.93973        7.24372e+27
1.94247        7.24626e+27
1.94521        7.24901e+27
1.94795        7.25198e+27
1.95068        7.25517e+27
1.95342        7.2586e+27
1.95616        7.26228e+27
1.9589        7.26622e+27
1.96164        7.27043e+27
1.96438        7.27494e+27
1.96712        7.27975e+27
1.96986        7.28487e+27
1.9726        7.29033e+27
1.97534        7.29613e+27
1.97808        7.30228e+27
1.98082        7.30879e+27
1.98356        7.31565e+27
1.9863        7.32288e+27
1.98904        7.33044e+27
1.99178        7.33832e+27
1.99452        7.34648e+27
1.99726        7.35487e+27
2        7.36341e+27
2.00274        7.37201e+27
2.00548        7.38057e+27
2.00822        7.38893e+27
2.01096        7.39695e+27
2.0137        7.40445e+27
2.01644        7.41125e+27
2.01918        7.41716e+27
2.02192        7.42202e+27
2.02466        7.42567e+27
2.0274        7.42801e+27
2.03014        7.42898e+27
2.03288        7.42858e+27
2.03562        7.42685e+27
2.03836        7.42389e+27
2.0411        7.41983e+27
2.04384        7.41484e+27
2.04658        7.40911e+27
2.04932        7.40281e+27
2.05205        7.39613e+27
2.05479        7.38923e+27
2.05753        7.38224e+27
2.06027        7.37529e+27
2.06301        7.36847e+27
2.06575        7.36187e+27
2.06849        7.35554e+27
2.07123        7.34952e+27
2.07397        7.34383e+27
2.07671        7.33849e+27
2.07945        7.33352e+27
2.08219        7.3289e+27
2.08493        7.32464e+27
2.08767        7.32072e+27
2.09041        7.31714e+27
2.09315        7.31388e+27
2.09589        7.31092e+27
2.09863        7.30826e+27
2.10137        7.30588e+27
2.10411        7.30376e+27
2.10685        7.3019e+27
2.10959        7.30028e+27
2.11233        7.29888e+27
2.11507        7.2977e+27
2.11781        7.29674e+27
2.12055        7.29597e+27
2.12329        7.29539e+27
2.12603        7.29499e+27
2.12877        7.29477e+27
2.13151        7.29472e+27
2.13425        7.29484e+27
2.13699        7.29512e+27
2.13973        7.29556e+27
2.14247        7.29616e+27
2.14521        7.29691e+27
2.14795        7.29781e+27
2.15068        7.29886e+27
2.15342        7.30007e+27
2.15616        7.30143e+27
2.1589        7.30295e+27
2.16164        7.30462e+27
2.16438        7.30646e+27
2.16712        7.30846e+27
2.16986        7.31063e+27
2.1726        7.31297e+27
2.17534        7.3155e+27
2.17808        7.31821e+27
2.18082        7.32112e+27
2.18356        7.32423e+27
2.1863        7.32756e+27
2.18904        7.33111e+27
2.19178        7.3349e+27
2.19452        7.33894e+27
2.19726        7.34324e+27
2.2        7.34781e+27
2.20274        7.35267e+27
2.20548        7.35783e+27
2.20822        7.36331e+27
2.21096        7.36912e+27
2.2137        7.37527e+27
2.21644        7.38176e+27
2.21918        7.3886e+27
2.22192        7.3958e+27
2.22466        7.40335e+27
2.2274        7.41122e+27
2.23014        7.41939e+27
2.23288        7.42783e+27
2.23562        7.43646e+27
2.23836        7.44523e+27
2.2411        7.45402e+27
2.24384        7.46272e+27
2.24658        7.47118e+27
2.24932        7.47925e+27
2.25205        7.48674e+27
2.25479        7.49347e+27
2.25753        7.49926e+27
2.26027        7.50394e+27
2.26301        7.50738e+27
2.26575        7.50949e+27
2.26849        7.5102e+27
2.27123        7.50954e+27
2.27397        7.50756e+27
2.27671        7.50437e+27
2.27945        7.50011e+27
2.28219        7.49496e+27
2.28493        7.4891e+27
2.28767        7.48271e+27
2.29041        7.47596e+27
2.29315        7.46902e+27
2.29589        7.46202e+27
2.29863        7.45508e+27
2.30137        7.44828e+27
2.30411        7.44169e+27
2.30685        7.43538e+27
2.30959        7.42937e+27
2.31233        7.42369e+27
2.31507        7.41836e+27
2.31781        7.41337e+27
2.32055        7.40873e+27
2.32329        7.40444e+27
2.32603        7.40047e+27
2.32877        7.39682e+27
2.33151        7.39348e+27
2.33425        7.39043e+27
2.33699        7.38766e+27
2.33973        7.38516e+27
2.34247        7.38291e+27
2.34521        7.38089e+27
2.34795        7.3791e+27
2.35068        7.37753e+27
2.35342        7.37616e+27
2.35616        7.37499e+27
2.3589        7.374e+27
2.36164        7.3732e+27
2.36438        7.37256e+27
2.36712        7.37209e+27
2.36986        7.37178e+27
2.3726        7.37163e+27
2.37534        7.37163e+27
2.37808        7.37177e+27
2.38082        7.37207e+27
2.38356        7.37251e+27
2.3863        7.37309e+27
2.38904        7.37382e+27
2.39178        7.37469e+27
2.39452        7.37571e+27
2.39726        7.37688e+27
2.4        7.3782e+27
2.40274        7.37968e+27
2.40548        7.38131e+27
2.40822        7.38311e+27
2.41096        7.38508e+27
2.4137        7.38722e+27
2.41644        7.38955e+27
2.41918        7.39208e+27
2.42192        7.3948e+27
2.42466        7.39774e+27
2.4274        7.4009e+27
2.43014        7.4043e+27
2.43288        7.40795e+27
2.43562        7.41186e+27
2.43836        7.41604e+27
2.4411        7.42051e+27
2.44384        7.42529e+27
2.44658        7.43038e+27
2.44932        7.43581e+27
2.45205        7.44157e+27
2.45479        7.44768e+27
2.45753        7.45415e+27
2.46027        7.46097e+27
2.46301        7.46813e+27
2.46575        7.47561e+27
2.46849        7.48339e+27
2.47123        7.49141e+27
2.47397        7.49963e+27
2.47671        7.50795e+27
2.47945        7.51627e+27
2.48219        7.52447e+27
2.48493        7.5324e+27
2.48767        7.53989e+27
2.49041        7.54676e+27
2.49315        7.55283e+27
2.49589        7.55792e+27
2.49863        7.56188e+27
2.50137        7.56456e+27
2.50411        7.5659e+27
2.50685        7.56585e+27
2.50959        7.56445e+27
2.51233        7.56175e+27
2.51507        7.55789e+27
2.51781        7.55301e+27
2.52055        7.54729e+27
2.52329        7.54091e+27
2.52603        7.53406e+27
2.52877        7.52691e+27
2.53151        7.51961e+27
2.53425        7.51229e+27
2.53699        7.50506e+27
2.53973        7.498e+27
2.54247        7.49119e+27
2.54521        7.48466e+27
2.54795        7.47847e+27
2.55068        7.47262e+27
2.55342        7.46712e+27
2.55616        7.46199e+27
2.5589        7.45721e+27
2.56164        7.45279e+27
2.56438        7.4487e+27
2.56712        7.44495e+27
2.56986        7.44151e+27
2.5726        7.43837e+27
2.57534        7.43552e+27
2.57808        7.43294e+27
2.58082        7.43063e+27
2.58356        7.42857e+27
2.5863        7.42674e+27
2.58904        7.42514e+27
2.59178        7.42376e+27
2.59452        7.42258e+27
2.59726        7.4216e+27
2.6        7.42082e+27
2.60274        7.42022e+27
2.60548        7.41979e+27
2.60822        7.41954e+27
2.61096        7.41946e+27
2.6137        7.41955e+27
2.61644        7.4198e+27
2.61918        7.42021e+27
2.62192        7.42078e+27
2.62466        7.42151e+27
2.6274        7.4224e+27
2.63014        7.42344e+27
2.63288        7.42465e+27
2.63562        7.42603e+27
2.63836        7.42757e+27
2.6411        7.42928e+27
2.64384        7.43116e+27
2.64658        7.43322e+27
2.64932        7.43547e+27
2.65205        7.43792e+27
2.65479        7.44056e+27
2.65753        7.44341e+27
2.66027        7.44649e+27
2.66301        7.44979e+27
2.66575        7.45332e+27
2.66849        7.45712e+27
2.67123        7.46117e+27
2.67397        7.46551e+27
2.67671        7.47013e+27
2.67945        7.47506e+27
2.68219        7.48031e+27
2.68493        7.48589e+27
2.68767        7.49182e+27
2.69041        7.4981e+27
2.69315        7.50474e+27
2.69589        7.51174e+27
2.69863        7.51911e+27
2.70137        7.52682e+27
2.70411        7.53486e+27
2.70685        7.5432e+27
2.70959        7.55178e+27
2.71233        7.56054e+27
2.71507        7.56939e+27
2.71781        7.57821e+27
2.72055        7.58689e+27
2.72329        7.59527e+27
2.72603        7.60317e+27
2.72877        7.61041e+27
2.73151        7.61681e+27
2.73425        7.6222e+27
2.73699        7.62642e+27
2.73973        7.62935e+27
2.74247        7.63092e+27
2.74521        7.63112e+27
2.74795        7.62997e+27
2.75068        7.62757e+27
2.75342        7.62404e+27
2.75616        7.61954e+27
2.7589        7.61425e+27
2.76164        7.60835e+27
2.76438        7.60203e+27
2.76712        7.59544e+27
2.76986        7.58874e+27
2.7726        7.58206e+27
2.77534        7.57549e+27
2.77808        7.56911e+27
2.78082        7.56299e+27
2.78356        7.55717e+27
2.7863        7.55168e+27
2.78904        7.54654e+27
2.79178        7.54175e+27
2.79452        7.53732e+27
2.79726        7.53325e+27
2.8        7.52952e+27
2.80274        7.52613e+27
2.80548        7.52306e+27
2.80822        7.5203e+27
2.81096        7.51783e+27
2.8137        7.51565e+27
2.81644        7.51373e+27
2.81918        7.51206e+27
2.82192        7.51063e+27
2.82466        7.50944e+27
2.8274        7.50846e+27
2.83014        7.50768e+27
2.83288        7.50711e+27
2.83562        7.50672e+27
2.83836        7.50651e+27
2.8411        7.50648e+27
2.84384        7.50662e+27
2.84658        7.50692e+27
2.84932        7.50738e+27
2.85205        7.508e+27
2.85479        7.50877e+27
2.85753        7.50968e+27
2.86027        7.51075e+27
2.86301        7.51197e+27
2.86575        7.51333e+27
2.86849        7.51484e+27
2.87123        7.51651e+27
2.87397        7.51832e+27
2.87671        7.52029e+27
2.87945        7.52242e+27
2.88219        7.52471e+27
2.88493        7.52717e+27
2.88767        7.5298e+27
2.89041        7.53262e+27
2.89315        7.53562e+27
2.89589        7.53883e+27
2.89863        7.54223e+27
2.90137        7.54586e+27
2.90411        7.54971e+27
2.90685        7.55381e+27
2.90959        7.55815e+27
2.91233        7.56277e+27
2.91507        7.56766e+27
2.91781        7.57284e+27
2.92055        7.57834e+27
2.92329        7.58415e+27
2.92603        7.59029e+27
2.92877        7.59678e+27
2.93151        7.60361e+27
2.93425        7.61079e+27
2.93699        7.61831e+27
2.93973        7.62616e+27
2.94247        7.63431e+27
2.94521        7.64273e+27
2.94795        7.65136e+27
2.95068        7.66014e+27
2.95342        7.66896e+27
2.95616        7.67772e+27
2.9589        7.68627e+27
2.96164        7.69446e+27
2.96438        7.70212e+27
2.96712        7.70905e+27
2.96986        7.71508e+27
2.9726        7.72004e+27
2.97534        7.72379e+27
2.97808        7.7262e+27
2.98082        7.72724e+27
2.98356        7.72688e+27
2.9863        7.72519e+27
2.98904        7.72225e+27
2.99178        7.71821e+27
2.99452        7.71322e+27
2.99726        7.70748e+27
3        7.70116e+27
3.00274        7.69445e+27
3.00548        7.6875e+27
3.00822        7.68046e+27
3.01096        7.67344e+27
3.0137        7.66655e+27
3.01644        7.65986e+27
3.01918        7.65342e+27
3.02192        7.64728e+27
3.02466        7.64146e+27
3.0274        7.63598e+27
3.03014        7.63085e+27
3.03288        7.62607e+27
3.03562        7.62162e+27
3.03836        7.61751e+27
3.0411        7.61372e+27
3.04384        7.61024e+27
3.04658        7.60706e+27
3.04932        7.60415e+27
3.05205        7.60151e+27
3.05479        7.59913e+27
3.05753        7.59699e+27
3.06027        7.59508e+27
3.06301        7.59338e+27
3.06575        7.5919e+27
3.06849        7.59061e+27
3.07123        7.58951e+27
3.07397        7.58859e+27
3.07671        7.58784e+27
3.07945        7.58727e+27
3.08219        7.58685e+27
3.08493        7.58659e+27
3.08767        7.58649e+27
3.09041        7.58654e+27
3.09315        7.58673e+27
3.09589        7.58708e+27
3.09863        7.58757e+27
3.10137        7.5882e+27
3.10411        7.58898e+27
3.10685        7.58991e+27
3.10959        7.59099e+27
3.11233        7.59222e+27
3.11507        7.59361e+27
3.11781        7.59516e+27
3.12055        7.59687e+27
3.12329        7.59876e+27
3.12603        7.60082e+27
3.12877        7.60307e+27
3.13151        7.60551e+27
3.13425        7.60815e+27
3.13699        7.611e+27
3.13973        7.61408e+27
3.14247        7.61739e+27
3.14521        7.62096e+27
3.14795        7.62478e+27
3.15068        7.62887e+27
3.15342        7.63326e+27
3.15616        7.63795e+27
3.1589        7.64295e+27
3.16164        7.64828e+27
3.16438        7.65396e+27
3.16712        7.65998e+27
3.16986        7.66636e+27
3.1726        7.67309e+27
3.17534        7.68017e+27
3.17808        7.68759e+27
3.18082        7.6953e+27
3.18356        7.70329e+27
3.1863        7.71147e+27
3.18904        7.71979e+27
3.19178        7.72814e+27
3.19452        7.73639e+27
3.19726        7.74442e+27
3.2        7.75205e+27
3.20274        7.75911e+27
3.20548        7.76541e+27
3.20822        7.77078e+27
3.21096        7.77505e+27
3.2137        7.77808e+27
3.21644        7.77977e+27
3.21918        7.78009e+27
3.22192        7.77904e+27
3.22466        7.77668e+27
3.2274        7.77312e+27
3.23014        7.7685e+27
3.23288        7.76301e+27
3.23562        7.75682e+27
3.23836        7.75011e+27
3.2411        7.74306e+27
3.24384        7.73582e+27
3.24658        7.72854e+27
3.24932        7.72132e+27
3.25205        7.71426e+27
3.25479        7.70743e+27
3.25753        7.70088e+27
3.26027        7.69464e+27
3.26301        7.68875e+27
3.26575        7.68322e+27
3.26849        7.67804e+27
3.27123        7.67323e+27
3.27397        7.66876e+27
3.27671        7.66464e+27
3.27945        7.66084e+27
3.28219        7.65737e+27
3.28493        7.6542e+27
3.28767        7.65132e+27
3.29041        7.64872e+27
3.29315        7.64638e+27
3.29589        7.64429e+27
3.29863        7.64244e+27
3.30137        7.64082e+27
3.30411        7.63942e+27
3.30685        7.63822e+27
3.30959        7.63722e+27
3.31233        7.63641e+27
3.31507        7.63578e+27
3.31781        7.63533e+27
3.32055        7.63506e+27
3.32329        7.63495e+27
3.32603        7.635e+27
3.32877        7.63522e+27
3.33151        7.63559e+27
3.33425        7.63612e+27
3.33699        7.63681e+27
3.33973        7.63765e+27
3.34247        7.63865e+27
3.34521        7.6398e+27
3.34795        7.64111e+27
3.35068        7.64259e+27
3.35342        7.64423e+27
3.35616        7.64604e+27
3.3589        7.64802e+27
3.36164        7.65019e+27
3.36438        7.65254e+27
3.36712        7.65508e+27
3.36986        7.65783e+27
3.3726        7.66078e+27
3.37534        7.66396e+27
3.37808        7.66737e+27
3.38082        7.67103e+27
3.38356        7.67494e+27
3.3863        7.67912e+27
3.38904        7.68358e+27
3.39178        7.68834e+27
3.39452        7.6934e+27
3.39726        7.6988e+27
3.4        7.70452e+27
3.40274        7.7106e+27
3.40548        7.71702e+27
3.40822        7.72381e+27
3.41096        7.73095e+27
3.4137        7.73843e+27
3.41644        7.74625e+27
3.41918        7.75436e+27
3.42192        7.76272e+27
3.42466        7.77127e+27
3.4274        7.77993e+27
3.43014        7.78859e+27
3.43288        7.79712e+27
3.43562        7.80538e+27
3.43836        7.81321e+27
3.4411        7.82041e+27
3.44384        7.82681e+27
3.44658        7.83222e+27
3.44932        7.8365e+27
3.45205        7.8395e+27
3.45479        7.84116e+27
3.45753        7.84142e+27
3.46027        7.84033e+27
3.46301        7.83795e+27
3.46575        7.8344e+27
3.46849        7.82983e+27
3.47123        7.82442e+27
3.47397        7.81836e+27
3.47671        7.81182e+27
3.47945        7.80497e+27
3.48219        7.79797e+27
3.48493        7.79095e+27
3.48767        7.78402e+27
3.49041        7.77725e+27
3.49315        7.77072e+27
3.49589        7.76448e+27
3.49863        7.75855e+27
3.50137        7.75297e+27
3.50411        7.74773e+27
3.50685        7.74285e+27
3.50959        7.73831e+27
3.51233        7.73412e+27
3.51507        7.73026e+27
3.51781        7.72671e+27
3.52055        7.72348e+27
3.52329        7.72053e+27
3.52603        7.71787e+27
3.52877        7.71547e+27
3.53151        7.71332e+27
3.53425        7.7114e+27
3.53699        7.70972e+27
3.53973        7.70825e+27
3.54247        7.70698e+27
3.54521        7.70591e+27
3.54795        7.70503e+27
3.55068        7.70432e+27
3.55342        7.70379e+27
3.55616        7.70342e+27
3.5589        7.70322e+27
3.56164        7.70317e+27
3.56438        7.70327e+27
3.56712        7.70353e+27
3.56986        7.70393e+27
3.5726        7.70448e+27
3.57534        7.70517e+27
3.57808        7.70601e+27
3.58082        7.707e+27
3.58356        7.70813e+27
3.5863        7.70942e+27
3.58904        7.71085e+27
3.59178        7.71245e+27
3.59452        7.71421e+27
3.59726        7.71613e+27
3.6        7.71822e+27
3.60274        7.7205e+27
3.60548        7.72296e+27
3.60822        7.72561e+27
3.61096        7.72848e+27
3.6137        7.73155e+27
3.61644        7.73486e+27
3.61918        7.7384e+27
3.62192        7.74219e+27
3.62466        7.74625e+27
3.6274        7.75059e+27
3.63014        7.75522e+27
3.63288        7.76015e+27
3.63562        7.76541e+27
3.63836        7.771e+27
3.6411        7.77693e+27
3.64384        7.78321e+27
3.64658        7.78984e+27
3.64932        7.79682e+27
3.65205        7.80413e+27
3.65479        7.81176e+27
3.65753        7.81968e+27
3.66027        7.82782e+27
3.66301        7.83613e+27
3.66575        7.84452e+27
3.66849        7.85288e+27
3.67123        7.86108e+27
3.67397        7.86895e+27
3.67671        7.87634e+27
3.67945        7.88307e+27
3.68219        7.88894e+27
3.68493        7.89378e+27
3.68767        7.89744e+27
3.69041        7.89981e+27
3.69315        7.90081e+27
3.69589        7.90043e+27
3.69863        7.89869e+27
3.70137        7.8957e+27
3.70411        7.89157e+27
3.70685        7.88647e+27
3.70959        7.88058e+27
3.71233        7.87408e+27
3.71507        7.86715e+27
3.71781        7.85996e+27
3.72055        7.85265e+27
3.72329        7.84535e+27
3.72603        7.83817e+27
3.72877        7.83117e+27
3.73151        7.82443e+27
3.73425        7.81799e+27
3.73699        7.81188e+27
3.73973        7.80612e+27
3.74247        7.80071e+27
3.74521        7.79566e+27
3.74795        7.79096e+27
3.75068        7.7866e+27
3.75342        7.78258e+27
3.75616        7.77888e+27
3.7589        7.7755e+27
3.76164        7.7724e+27
3.76438        7.76959e+27
3.76712        7.76705e+27
3.76986        7.76476e+27
3.7726        7.76272e+27
3.77534        7.76091e+27
3.77808        7.75931e+27
3.78082        7.75793e+27
3.78356        7.75675e+27
3.7863        7.75577e+27
3.78904        7.75497e+27
3.79178        7.75435e+27
3.79452        7.7539e+27
3.79726        7.75362e+27
3.8        7.75351e+27
3.80274        7.75356e+27
3.80548        7.75377e+27
3.80822        7.75414e+27
3.81096        7.75467e+27
3.8137        7.75535e+27
3.81644        7.75618e+27
3.81918        7.75718e+27
3.82192        7.75833e+27
3.82466        7.75965e+27
3.8274        7.76113e+27
3.83014        7.76278e+27
3.83288        7.7646e+27
3.83562        7.7666e+27
3.83836        7.76878e+27
3.8411        7.77116e+27
3.84384        7.77374e+27
3.84658        7.77653e+27
3.84932        7.77953e+27
3.85205        7.78277e+27
3.85479        7.78624e+27
3.85753        7.78997e+27
3.86027        7.79396e+27
3.86301        7.79823e+27
3.86575        7.8028e+27
3.86849        7.80767e+27
3.87123        7.81286e+27
3.87397        7.81839e+27
3.87671        7.82426e+27
3.87945        7.83048e+27
3.88219        7.83706e+27
3.88493        7.84401e+27
3.88767        7.85131e+27
3.89041        7.85895e+27
3.89315        7.86692e+27
3.89589        7.87516e+27
3.89863        7.88362e+27
3.90137        7.89225e+27
3.90411        7.90093e+27
3.90685        7.90956e+27
3.90959        7.91799e+27
3.91233        7.92608e+27
3.91507        7.93364e+27
3.91781        7.94049e+27
3.92055        7.94646e+27
3.92329        7.95136e+27
3.92603        7.95505e+27
3.92877        7.95743e+27
3.93151        7.95845e+27
3.93425        7.95809e+27
3.93699        7.9564e+27
3.93973        7.95348e+27
3.94247        7.94948e+27
3.94521        7.94455e+27
3.94795        7.93888e+27
3.95068        7.93265e+27
3.95342        7.92604e+27
3.95616        7.91921e+27
3.9589        7.91231e+27
3.96164        7.90544e+27
3.96438        7.8987e+27
3.96712        7.89219e+27
3.96986        7.88593e+27
3.9726        7.87999e+27
3.97534        7.87439e+27
3.97808        7.86913e+27
3.98082        7.86423e+27
3.98356        7.85969e+27
3.9863        7.8555e+27
3.98904        7.85165e+27
3.99178        7.84813e+27
3.99452        7.84492e+27
3.99726        7.84203e+27
4        7.83942e+27
4.00274        7.83709e+27
4.00548        7.83502e+27
4.00822        7.8332e+27
4.01096        7.83161e+27
4.0137        7.83025e+27
4.01644        7.82911e+27
4.01918        7.82816e+27
4.02192        7.82741e+27
4.02466        7.82685e+27
4.0274        7.82647e+27
4.03014        7.82626e+27
4.03288        7.82622e+27
4.03562        7.82633e+27
4.03836        7.82661e+27
4.0411        7.82704e+27
4.04384        7.82762e+27
4.04658        7.82835e+27
4.04932        7.82923e+27
4.05205        7.83025e+27
4.05479        7.83143e+27
4.05753        7.83275e+27
4.06027        7.83422e+27
4.06301        7.83584e+27
4.06575        7.83762e+27
4.06849        7.83956e+27
4.07123        7.84167e+27
4.07397        7.84394e+27
4.07671        7.84639e+27
4.07945        7.84902e+27
4.08219        7.85184e+27
4.08493        7.85486e+27
4.08767        7.85809e+27
4.09041        7.86154e+27
4.09315        7.86521e+27
4.09589        7.86914e+27
4.09863        7.87331e+27
4.10137        7.87776e+27
4.10411        7.88249e+27
4.10685        7.88752e+27
4.10959        7.89285e+27
4.11233        7.89851e+27
4.11507        7.9045e+27
4.11781        7.91084e+27
4.12055        7.91751e+27
4.12329        7.92454e+27
4.12603        7.9319e+27
4.12877        7.93959e+27
4.13151        7.94757e+27
4.13425        7.9558e+27
4.13699        7.96423e+27
4.13973        7.97278e+27
4.14247        7.98134e+27
4.14521        7.9898e+27
4.14795        7.99802e+27
4.15068        8.00583e+27
4.15342        8.01305e+27
4.15616        8.0195e+27
4.1589        8.02499e+27
4.16164        8.02938e+27
4.16438        8.03251e+27
4.16712        8.03429e+27
4.16986        8.03468e+27
4.1726        8.03369e+27
4.17534        8.03138e+27
4.17808        8.02786e+27
4.18082        8.02327e+27
4.18356        8.01779e+27
4.1863        8.0116e+27
4.18904        8.00489e+27
4.19178        7.99782e+27
4.19452        7.99055e+27
4.19726        7.98322e+27
4.2        7.97595e+27
4.20274        7.96882e+27
4.20548        7.96191e+27
4.20822        7.95526e+27
4.21096        7.94891e+27
4.2137        7.9429e+27
4.21644        7.93722e+27
4.21918        7.93189e+27
4.22192        7.9269e+27
4.22466        7.92225e+27
4.2274        7.91792e+27
4.23014        7.91391e+27
4.23288        7.91021e+27
4.23562        7.90679e+27
4.23836        7.90366e+27
4.2411        7.90078e+27
4.24384        7.89815e+27
4.24658        7.89576e+27
4.24932        7.89359e+27
4.25205        7.89163e+27
4.25479        7.88988e+27
4.25753        7.88832e+27
4.26027        7.88695e+27
4.26301        7.88575e+27
4.26575        7.88472e+27
4.26849        7.88386e+27
4.27123        7.88316e+27
4.27397        7.88261e+27
4.27671        7.88221e+27
4.27945        7.88196e+27
4.28219        7.88185e+27
4.28493        7.8819e+27
4.28767        7.88208e+27
4.29041        7.88241e+27
4.29315        7.88288e+27
4.29589        7.88351e+27
4.29863        7.88427e+27
4.30137        7.8852e+27
4.30411        7.88627e+27
4.30685        7.88751e+27
4.30959        7.88891e+27
4.31233        7.89048e+27
4.31507        7.89223e+27
4.31781        7.89417e+27
4.32055        7.89629e+27
4.32329        7.89863e+27
4.32603        7.90117e+27
4.32877        7.90395e+27
4.33151        7.90695e+27
4.33425        7.91021e+27
4.33699        7.91373e+27
4.33973        7.91753e+27
4.34247        7.92162e+27
4.34521        7.92602e+27
4.34795        7.93073e+27
4.35068        7.93578e+27
4.35342        7.94117e+27
4.35616        7.9469e+27
4.3589        7.953e+27
4.36164        7.95944e+27
4.36438        7.96623e+27
4.36712        7.97334e+27
4.36986        7.98075e+27
4.3726        7.98841e+27
4.37534        7.99625e+27
4.37808        8.0042e+27
4.38082        8.01214e+27
4.38356        8.01997e+27
4.3863        8.02751e+27
4.38904        8.03462e+27
4.39178        8.0411e+27
4.39452        8.04678e+27
4.39726        8.05147e+27
4.4        8.05503e+27
4.40274        8.05731e+27
4.40548        8.05825e+27
4.40822        8.0578e+27
4.41096        8.056e+27
4.4137        8.05291e+27
4.41644        8.04866e+27
4.41918        8.0434e+27
4.42192        8.03731e+27
4.42466        8.03057e+27
4.4274        8.02336e+27
4.43014        8.01586e+27
4.43288        8.00821e+27
4.43562        8.00055e+27
4.43836        7.99298e+27
4.4411        7.98559e+27
4.44384        7.97845e+27
4.44658        7.9716e+27
4.44932        7.96507e+27
4.45205        7.9589e+27
4.45479        7.95308e+27
4.45753        7.94762e+27
4.46027        7.94252e+27
4.46301        7.93777e+27
4.46575        7.93336e+27
4.46849        7.92928e+27
4.47123        7.92552e+27
4.47397        7.92206e+27
4.47671        7.91888e+27
4.47945        7.91598e+27
4.48219        7.91335e+27
4.48493        7.91096e+27
4.48767        7.90881e+27
4.49041        7.90688e+27
4.49315        7.90517e+27
4.49589        7.90366e+27
4.49863        7.90236e+27
4.50137        7.90124e+27
4.50411        7.90031e+27
4.50685        7.89956e+27
4.50959        7.89897e+27
4.51233        7.89856e+27
4.51507        7.89831e+27
4.51781        7.89822e+27
4.52055        7.8983e+27
4.52329        7.89853e+27
4.52603        7.89892e+27
4.52877        7.89946e+27
4.53151        7.90017e+27
4.53425        7.90103e+27
4.53699        7.90206e+27
4.53973        7.90325e+27
4.54247        7.90461e+27
4.54521        7.90614e+27
4.54795        7.90785e+27
4.55068        7.90975e+27
4.55342        7.91183e+27
4.55616        7.91412e+27
4.5589        7.91661e+27
4.56164        7.91931e+27
4.56438        7.92225e+27
4.56712        7.92542e+27
4.56986        7.92884e+27
4.5726        7.93252e+27
4.57534        7.93648e+27
4.57808        7.94072e+27
4.58082        7.94527e+27
4.58356        7.95013e+27
4.5863        7.95533e+27
4.58904        7.96086e+27
4.59178        7.96675e+27
4.59452        7.97299e+27
4.59726        7.9796e+27
4.6        7.98656e+27
4.60274        7.99386e+27
4.60548        8.00149e+27
4.60822        8.0094e+27
4.61096        8.01756e+27
4.6137        8.02588e+27
4.61644        8.03429e+27
4.61918        8.04267e+27
4.62192        8.05089e+27
4.62466        8.0588e+27
4.6274        8.06622e+27
4.63014        8.07298e+27
4.63288        8.07888e+27
4.63562        8.08376e+27
4.63836        8.08746e+27
4.6411        8.08986e+27
4.64384        8.09091e+27
4.64658        8.09057e+27
4.64932        8.08888e+27
4.65205        8.08594e+27
4.65479        8.08187e+27
4.65753        8.07683e+27
4.66027        8.071e+27
4.66301        8.06457e+27
4.66575        8.05771e+27
4.66849        8.05059e+27
4.67123        8.04336e+27
4.67397        8.03613e+27
4.67671        8.02902e+27
4.67945        8.0221e+27
4.68219        8.01544e+27
4.68493        8.00907e+27
4.68767        8.00303e+27
4.69041        7.99733e+27
4.69315        7.99198e+27
4.69589        7.98699e+27
4.69863        7.98234e+27
4.70137        7.97804e+27
4.70411        7.97406e+27
4.70685        7.9704e+27
4.70959        7.96705e+27
4.71233        7.96398e+27
4.71507        7.96119e+27
4.71781        7.95866e+27
4.72055        7.95638e+27
4.72329        7.95433e+27
4.72603        7.95251e+27
4.72877        7.9509e+27
4.73151        7.94949e+27
4.73425        7.94828e+27
4.73699        7.94725e+27
4.73973        7.94639e+27
4.74247        7.94571e+27
4.74521        7.94519e+27
4.74795        7.94483e+27
4.75068        7.94463e+27
4.75342        7.94457e+27
4.75616        7.94467e+27
4.7589        7.94491e+27
4.76164        7.9453e+27
4.76438        7.94583e+27
4.76712        7.94651e+27
4.76986        7.94733e+27
4.7726        7.9483e+27
4.77534        7.94942e+27
4.77808        7.95069e+27
4.78082        7.95212e+27
4.78356        7.9537e+27
4.7863        7.95546e+27
4.78904        7.95738e+27
4.79178        7.95949e+27
4.79452        7.96178e+27
4.79726        7.96427e+27
4.8        7.96696e+27
4.80274        7.96987e+27
4.80548        7.973e+27
4.80822        7.97638e+27
4.81096        7.98e+27
4.8137        7.9839e+27
4.81644        7.98807e+27
4.81918        7.99253e+27
4.82192        7.9973e+27
4.82466        8.00239e+27
4.8274        8.00781e+27
4.83014        8.01358e+27
4.83288        8.01968e+27
4.83562        8.02614e+27
4.83836        8.03294e+27
4.8411        8.04006e+27
4.84384        8.04749e+27
4.84658        8.05519e+27
4.84932        8.0631e+27
4.85205        8.07114e+27
4.85479        8.07924e+27
4.85753        8.08726e+27
4.86027        8.09507e+27
4.86301        8.10252e+27
4.86575        8.10943e+27
4.86849        8.11562e+27
4.87123        8.1209e+27
4.87397        8.1251e+27
4.87671        8.12808e+27
4.87945        8.12974e+27
4.88219        8.13001e+27
4.88493        8.1289e+27
4.88767        8.12646e+27
4.89041        8.12278e+27
4.89315        8.118e+27
4.89589        8.11229e+27
4.89863        8.10583e+27
4.90137        8.09881e+27
4.90411        8.0914e+27
4.90685        8.08376e+27
4.90959        8.07603e+27
4.91233        8.06834e+27
4.91507        8.06078e+27
4.91781        8.05343e+27
4.92055        8.04633e+27
4.92329        8.03954e+27
4.92603        8.03308e+27
4.92877        8.02696e+27
4.93151        8.02119e+27
4.93425        8.01577e+27
4.93699        8.0107e+27
4.93973        8.00596e+27
4.94247        8.00155e+27
4.94521        7.99745e+27
4.94795        7.99365e+27
4.95068        7.99013e+27
4.95342        7.98689e+27
4.95616        7.9839e+27
4.9589        7.98116e+27
4.96164        7.97866e+27
4.96438        7.97637e+27
4.96712        7.9743e+27
4.96986        7.97243e+27
4.9726        7.97076e+27
4.97534        7.96926e+27
4.97808        7.96795e+27
4.98082        7.96681e+27
4.98356        7.96584e+27
4.9863        7.96502e+27
4.98904        7.96437e+27
4.99178        7.96387e+27
4.99452        7.96353e+27
4.99726        7.96333e+27
