Euler algorithm (2D)
earth (x, y, vx, vy)
Timestep: 20 years

0.830758        0.554645        -3.57651        5.21651        
0.759227        0.658975        -3.57651        5.21651        
0.687697        0.763305        -3.57651        5.21651        
0.616167        0.867635        -3.57651        5.21651        
0.544637        0.971965        -3.57651        5.21651        
0.473107        1.0763        -3.57651        5.21651        
0.401577        1.18063        -3.57651        5.21651        
0.330047        1.28496        -3.57651        5.21651        
0.258517        1.38929        -3.57651        5.21651        
0.186987        1.49362        -3.57651        5.21651        
0.115456        1.59795        -3.57651        5.21651        
0.0439264        1.70228        -3.57651        5.21651        
-0.0276037        1.80661        -3.57651        5.21651        
-0.0991338        1.91094        -3.57651        5.21651        
-0.170664        2.01527        -3.57651        5.21651        
-0.242194        2.1196        -3.57651        5.21651        
-0.313724        2.22393        -3.57651        5.21651        
-0.385254        2.32826        -3.57651        5.21651        
-0.456784        2.43259        -3.57651        5.21651        
-0.528314        2.53692        -3.57651        5.21651        
-0.599845        2.64125        -3.57651        5.21651        
-0.671375        2.74558        -3.57651        5.21651        
-0.742905        2.84991        -3.57651        5.21651        
-0.814435        2.95424        -3.57651        5.21651        
-0.885965        3.05857        -3.57651        5.21651        
-0.957495        3.1629        -3.57651        5.21651        
-1.02903        3.26723        -3.57651        5.21651        
-1.10056        3.37156        -3.57651        5.21651        
-1.17209        3.47589        -3.57651        5.21651        
-1.24362        3.58022        -3.57651        5.21651        
-1.31515        3.68455        -3.57651        5.21651        
-1.38668        3.78888        -3.57651        5.21651        
-1.45821        3.89321        -3.57651        5.21651        
-1.52974        3.99754        -3.57651        5.21651        
-1.60127        4.10187        -3.57651        5.21651        
-1.6728        4.2062        -3.57651        5.21651        
-1.74433        4.31053        -3.57651        5.21651        
-1.81586        4.41486        -3.57651        5.21651        
-1.88739        4.51919        -3.57651        5.21651        
-1.95892        4.62352        -3.57651        5.21651        
-2.03045        4.72785        -3.57651        5.21651        
-2.10198        4.83218        -3.57651        5.21651        
-2.17351        4.93651        -3.57651        5.21651        
-2.24504        5.04084        -3.57651        5.21651        
-2.31657        5.14517        -3.57651        5.21651        
-2.3881        5.2495        -3.57651        5.21651        
-2.45963        5.35383        -3.57651        5.21651        
-2.53116        5.45816        -3.57651        5.21651        
-2.60269        5.56249        -3.57651        5.21651        
-2.67422        5.66682        -3.57651        5.21651        
-2.74575        5.77115        -3.57651        5.21651        
-2.81728        5.87548        -3.57651        5.21651        
-2.88881        5.97981        -3.57651        5.21651        
-2.96034        6.08414        -3.57651        5.21651        
-3.03187        6.18847        -3.57651        5.21651        
-3.1034        6.2928        -3.57651        5.21651        
-3.17493        6.39713        -3.57651        5.21651        
-3.24646        6.50146        -3.57651        5.21651        
-3.31799        6.60579        -3.57651        5.21651        
-3.38952        6.71012        -3.57651        5.21651        
-3.46105        6.81445        -3.57651        5.21651        
-3.53258        6.91878        -3.57651        5.21651        
-3.60411        7.02311        -3.57651        5.21651        
-3.67564        7.12744        -3.57651        5.21651        
-3.74717        7.23177        -3.57651        5.21651        
-3.8187        7.3361        -3.57651        5.21651        
-3.89023        7.44043        -3.57651        5.21651        
-3.96176        7.54476        -3.57651        5.21651        
-4.03329        7.64909        -3.57651        5.21651        
-4.10482        7.75342        -3.57651        5.21651        
-4.17635        7.85775        -3.57651        5.21651        
-4.24788        7.96208        -3.57651        5.21651        
-4.31941        8.06641        -3.57651        5.21651        
-4.39094        8.17074        -3.57651        5.21651        
-4.46247        8.27507        -3.57651        5.21651        
-4.534        8.3794        -3.57651        5.21651        
-4.60553        8.48373        -3.57651        5.21651        
-4.67706        8.58806        -3.57651        5.21651        
-4.74859        8.69239        -3.57651        5.21651        
-4.82012        8.79673        -3.57651        5.21651        
-4.89165        8.90106        -3.57651        5.21651        
-4.96318        9.00539        -3.57651        5.21651        
-5.03471        9.10972        -3.57651        5.21651        
-5.10624        9.21405        -3.57651        5.21651        
-5.17777        9.31838        -3.57651        5.21651        
-5.2493        9.42271        -3.57651        5.21651        
-5.32083        9.52704        -3.57651        5.21651        
-5.39236        9.63137        -3.57651        5.21651        
-5.46389        9.7357        -3.57651        5.21651        
-5.53542        9.84003        -3.57651        5.21651        
-5.60695        9.94436        -3.57651        5.21651        
-5.67848        10.0487        -3.57651        5.21651        
-5.75001        10.153        -3.57651        5.21651        
-5.82154        10.2573        -3.57651        5.21651        
-5.89307        10.3617        -3.57651        5.21651        
-5.9646        10.466        -3.57651        5.21651        
-6.03613        10.5703        -3.57651        5.21651        
-6.10766        10.6747        -3.57651        5.21651        
-6.17919        10.779        -3.57651        5.21651        
-6.25072        10.8833        -3.57651        5.21651        
-6.32225        10.9877        -3.57651        5.21651        
-6.39378        11.092        -3.57651        5.21651        
-6.46531        11.1963        -3.57651        5.21651        
-6.53684        11.3006        -3.57651        5.21651        
-6.60837        11.405        -3.57651        5.21651        
-6.6799        11.5093        -3.57651        5.21651        
-6.75143        11.6136        -3.57651        5.21651        
-6.82296        11.718        -3.57651        5.21651        
-6.89449        11.8223        -3.57651        5.21651        
-6.96602        11.9266        -3.57651        5.21651        
-7.03755        12.031        -3.57651        5.21651        
-7.10908        12.1353        -3.57651        5.21651        
-7.18061        12.2396        -3.57651        5.21651        
-7.25214        12.3439        -3.57651        5.21651        
-7.32367        12.4483        -3.57651        5.21651        
-7.3952        12.5526        -3.57651        5.21651        
-7.46673        12.6569        -3.57651        5.21651        
-7.53826        12.7613        -3.57651        5.21651        
-7.60979        12.8656        -3.57651        5.21651        
-7.68132        12.9699        -3.57651        5.21651        
-7.75285        13.0743        -3.57651        5.21651        
-7.82438        13.1786        -3.57651        5.21651        
-7.89592        13.2829        -3.57651        5.21651        
-7.96745        13.3873        -3.57651        5.21651        
-8.03898        13.4916        -3.57651        5.21651        
-8.11051        13.5959        -3.57651        5.21651        
-8.18204        13.7002        -3.57651        5.21651        
-8.25357        13.8046        -3.57651        5.21651        
-8.3251        13.9089        -3.57651        5.21651        
-8.39663        14.0132        -3.57651        5.21651        
-8.46816        14.1176        -3.57651        5.21651        
-8.53969        14.2219        -3.57651        5.21651        
-8.61122        14.3262        -3.57651        5.21651        
-8.68275        14.4306        -3.57651        5.21651        
-8.75428        14.5349        -3.57651        5.21651        
-8.82581        14.6392        -3.57651        5.21651        
-8.89734        14.7435        -3.57651        5.21651        
-8.96887        14.8479        -3.57651        5.21651        
-9.0404        14.9522        -3.57651        5.21651        
-9.11193        15.0565        -3.57651        5.21651        
-9.18346        15.1609        -3.57651        5.21651        
-9.25499        15.2652        -3.57651        5.21651        
-9.32652        15.3695        -3.57651        5.21651        
-9.39805        15.4739        -3.57651        5.21651        
-9.46958        15.5782        -3.57651        5.21651        
-9.54111        15.6825        -3.57651        5.21651        
-9.61264        15.7868        -3.57651        5.21651        
-9.68417        15.8912        -3.57651        5.21651        
-9.7557        15.9955        -3.57651        5.21651        
-9.82723        16.0998        -3.57651        5.21651        
-9.89876        16.2042        -3.57651        5.21651        
-9.97029        16.3085        -3.57651        5.21651        
-10.0418        16.4128        -3.57651        5.21651        
-10.1133        16.5172        -3.57651        5.21651        
-10.1849        16.6215        -3.57651        5.21651        
-10.2564        16.7258        -3.57651        5.21651        
-10.3279        16.8301        -3.57651        5.21651        
-10.3995        16.9345        -3.57651        5.21651        
-10.471        17.0388        -3.57651        5.21651        
-10.5425        17.1431        -3.57651        5.21651        
-10.6141        17.2475        -3.57651        5.21651        
-10.6856        17.3518        -3.57651        5.21651        
-10.7571        17.4561        -3.57651        5.21651        
-10.8286        17.5605        -3.57651        5.21651        
-10.9002        17.6648        -3.57651        5.21651        
-10.9717        17.7691        -3.57651        5.21651        
-11.0432        17.8734        -3.57651        5.21651        
-11.1148        17.9778        -3.57651        5.21651        
-11.1863        18.0821        -3.57651        5.21651        
-11.2578        18.1864        -3.57651        5.21651        
-11.3294        18.2908        -3.57651        5.21651        
-11.4009        18.3951        -3.57651        5.21651        
-11.4724        18.4994        -3.57651        5.21651        
-11.544        18.6038        -3.57651        5.21651        
-11.6155        18.7081        -3.57651        5.21651        
-11.687        18.8124        -3.57651        5.21651        
-11.7585        18.9167        -3.57651        5.21651        
-11.8301        19.0211        -3.57651        5.21651        
-11.9016        19.1254        -3.57651        5.21651        
-11.9731        19.2297        -3.57651        5.21651        
-12.0447        19.3341        -3.57651        5.21651        
-12.1162        19.4384        -3.57651        5.21651        
-12.1877        19.5427        -3.57651        5.21651        
-12.2593        19.6471        -3.57651        5.21651        
-12.3308        19.7514        -3.57651        5.21651        
-12.4023        19.8557        -3.57651        5.21651        
-12.4738        19.96        -3.57651        5.21651        
-12.5454        20.0644        -3.57651        5.21651        
-12.6169        20.1687        -3.57651        5.21651        
-12.6884        20.273        -3.57651        5.21651        
-12.76        20.3774        -3.57651        5.21651        
-12.8315        20.4817        -3.57651        5.21651        
-12.903        20.586        -3.57651        5.21651        
-12.9746        20.6904        -3.57651        5.21651        
-13.0461        20.7947        -3.57651        5.21651        
-13.1176        20.899        -3.57651        5.21651        
-13.1891        21.0034        -3.57651        5.21651        
-13.2607        21.1077        -3.57651        5.21651        
-13.3322        21.212        -3.57651        5.21651        
-13.4037        21.3163        -3.57651        5.21651        
-13.4753        21.4207        -3.57651        5.21651        
-13.5468        21.525        -3.57651        5.21651        
-13.6183        21.6293        -3.57651        5.21651        
-13.6899        21.7337        -3.57651        5.21651        
-13.7614        21.838        -3.57651        5.21651        
-13.8329        21.9423        -3.57651        5.21651        
-13.9044        22.0467        -3.57651        5.21651        
-13.976        22.151        -3.57651        5.21651        
-14.0475        22.2553        -3.57651        5.21651        
-14.119        22.3596        -3.57651        5.21651        
-14.1906        22.464        -3.57651        5.21651        
-14.2621        22.5683        -3.57651        5.21651        
-14.3336        22.6726        -3.57651        5.21651        
-14.4052        22.777        -3.57651        5.21651        
-14.4767        22.8813        -3.57651        5.21651        
-14.5482        22.9856        -3.57651        5.21651        
-14.6197        23.09        -3.57651        5.21651        
-14.6913        23.1943        -3.57651        5.21651        
-14.7628        23.2986        -3.57651        5.21651        
-14.8343        23.4029        -3.57651        5.21651        
-14.9059        23.5073        -3.57651        5.21651        
-14.9774        23.6116        -3.57651        5.21651        
-15.0489        23.7159        -3.57651        5.21651        
-15.1205        23.8203        -3.57651        5.21651        
-15.192        23.9246        -3.57651        5.21651        
-15.2635        24.0289        -3.57651        5.21651        
-15.335        24.1333        -3.57651        5.21651        
-15.4066        24.2376        -3.57651        5.21651        
-15.4781        24.3419        -3.57651        5.21651        
-15.5496        24.4462        -3.57651        5.21651        
-15.6212        24.5506        -3.57651        5.21651        
-15.6927        24.6549        -3.57651        5.21651        
-15.7642        24.7592        -3.57651        5.21651        
-15.8358        24.8636        -3.57651        5.21651        
-15.9073        24.9679        -3.57651        5.21651        
-15.9788        25.0722        -3.57651        5.21651        
-16.0503        25.1766        -3.57651        5.21651        
-16.1219        25.2809        -3.57651        5.21651        
-16.1934        25.3852        -3.57651        5.21651        
-16.2649        25.4895        -3.57651        5.21651        
-16.3365        25.5939        -3.57651        5.21651        
-16.408        25.6982        -3.57651        5.21651        
-16.4795        25.8025        -3.57651        5.21651        
-16.5511        25.9069        -3.57651        5.21651        
-16.6226        26.0112        -3.57651        5.21651        
-16.6941        26.1155        -3.57651        5.21651        
-16.7656        26.2199        -3.57651        5.21651        
-16.8372        26.3242        -3.57651        5.21651        
-16.9087        26.4285        -3.57651        5.21651        
-16.9802        26.5328        -3.57651        5.21651        
-17.0518        26.6372        -3.57651        5.21651        
-17.1233        26.7415        -3.57651        5.21651        
-17.1948        26.8458        -3.57651        5.21651        
-17.2664        26.9502        -3.57651        5.21651        
-17.3379        27.0545        -3.57651        5.21651        
-17.4094        27.1588        -3.57651        5.21651        
-17.4809        27.2632        -3.57651        5.21651        
-17.5525        27.3675        -3.57651        5.21651        
-17.624        27.4718        -3.57651        5.21651        
-17.6955        27.5761        -3.57651        5.21651        
-17.7671        27.6805        -3.57651        5.21651        
-17.8386        27.7848        -3.57651        5.21651        
-17.9101        27.8891        -3.57651        5.21651        
-17.9817        27.9935        -3.57651        5.21651        
-18.0532        28.0978        -3.57651        5.21651        
-18.1247        28.2021        -3.57651        5.21651        
-18.1962        28.3065        -3.57651        5.21651        
-18.2678        28.4108        -3.57651        5.21651        
-18.3393        28.5151        -3.57651        5.21651        
-18.4108        28.6194        -3.57651        5.21651        
-18.4824        28.7238        -3.57651        5.21651        
-18.5539        28.8281        -3.57651        5.21651        
-18.6254        28.9324        -3.57651        5.21651        
-18.697        29.0368        -3.57651        5.21651        
-18.7685        29.1411        -3.57651        5.21651        
-18.84        29.2454        -3.57651        5.21651        
-18.9116        29.3498        -3.57651        5.21651        
-18.9831        29.4541        -3.57651        5.21651        
-19.0546        29.5584        -3.57651        5.21651        
-19.1261        29.6628        -3.57651        5.21651        
-19.1977        29.7671        -3.57651        5.21651        
-19.2692        29.8714        -3.57651        5.21651        
-19.3407        29.9757        -3.57651        5.21651        
-19.4123        30.0801        -3.57651        5.21651        
-19.4838        30.1844        -3.57651        5.21651        
-19.5553        30.2887        -3.57651        5.21651        
-19.6269        30.3931        -3.57651        5.21651        
-19.6984        30.4974        -3.57651        5.21651        
-19.7699        30.6017        -3.57651        5.21651        
-19.8414        30.7061        -3.57651        5.21651        
-19.913        30.8104        -3.57651        5.21651        
-19.9845        30.9147        -3.57651        5.21651        
-20.056        31.019        -3.57651        5.21651        
-20.1276        31.1234        -3.57651        5.21651        
-20.1991        31.2277        -3.57651        5.21651        
-20.2706        31.332        -3.57651        5.21651        
-20.3422        31.4364        -3.57651        5.21651        
-20.4137        31.5407        -3.57651        5.21651        
-20.4852        31.645        -3.57651        5.21651        
-20.5567        31.7494        -3.57651        5.21651        
-20.6283        31.8537        -3.57651        5.21651        
-20.6998        31.958        -3.57651        5.21651        
-20.7713        32.0623        -3.57651        5.21651        
-20.8429        32.1667        -3.57651        5.21651        
-20.9144        32.271        -3.57651        5.21651        
-20.9859        32.3753        -3.57651        5.21651        
-21.0575        32.4797        -3.57651        5.21651        
-21.129        32.584        -3.57651        5.21651        
-21.2005        32.6883        -3.57651        5.21651        
-21.272        32.7927        -3.57651        5.21651        
-21.3436        32.897        -3.57651        5.21651        
-21.4151        33.0013        -3.57651        5.21651        
-21.4866        33.1056        -3.57651        5.21651        
-21.5582        33.21        -3.57651        5.21651        
-21.6297        33.3143        -3.57651        5.21651        
-21.7012        33.4186        -3.57651        5.21651        
-21.7728        33.523        -3.57651        5.21651        
-21.8443        33.6273        -3.57651        5.21651        
-21.9158        33.7316        -3.57651        5.21651        
-21.9873        33.836        -3.57651        5.21651        
-22.0589        33.9403        -3.57651        5.21651        
-22.1304        34.0446        -3.57651        5.21651        
-22.2019        34.1489        -3.57651        5.21651        
-22.2735        34.2533        -3.57651        5.21651        
-22.345        34.3576        -3.57651        5.21651        
-22.4165        34.4619        -3.57651        5.21651        
-22.4881        34.5663        -3.57651        5.21651        
-22.5596        34.6706        -3.57651        5.21651        
-22.6311        34.7749        -3.57651        5.21651        
-22.7026        34.8793        -3.57651        5.21651        
-22.7742        34.9836        -3.57651        5.21651        
-22.8457        35.0879        -3.57651        5.21651        
-22.9172        35.1922        -3.57651        5.21651        
-22.9888        35.2966        -3.57651        5.21651        
-23.0603        35.4009        -3.57651        5.21651        
-23.1318        35.5052        -3.57651        5.21651        
-23.2034        35.6096        -3.57651        5.21651        
-23.2749        35.7139        -3.57651        5.21651        
-23.3464        35.8182        -3.57651        5.21651        
-23.4179        35.9226        -3.57651        5.21651        
-23.4895        36.0269        -3.57651        5.21651        
-23.561        36.1312        -3.57651        5.21651        
-23.6325        36.2355        -3.57651        5.21651        
-23.7041        36.3399        -3.57651        5.21651        
-23.7756        36.4442        -3.57651        5.21651        
-23.8471        36.5485        -3.57651        5.21651        
-23.9187        36.6529        -3.57651        5.21651        
-23.9902        36.7572        -3.57651        5.21651        
-24.0617        36.8615        -3.57651        5.21651        
-24.1332        36.9659        -3.57651        5.21651        
-24.2048        37.0702        -3.57651        5.21651        
-24.2763        37.1745        -3.57651        5.21651        
-24.3478        37.2789        -3.57651        5.21651        
-24.4194        37.3832        -3.57651        5.21651        
-24.4909        37.4875        -3.57651        5.21651        
-24.5624        37.5918        -3.57651        5.21651        
-24.634        37.6962        -3.57651        5.21651        
-24.7055        37.8005        -3.57651        5.21651        
-24.777        37.9048        -3.57651        5.21651        
-24.8485        38.0092        -3.57651        5.21651        
-24.9201        38.1135        -3.57651        5.21651        
-24.9916        38.2178        -3.57651        5.21651        
-25.0631        38.3222        -3.57651        5.21651        
-25.1347        38.4265        -3.57651        5.21651        
-25.2062        38.5308        -3.57651        5.21651        
-25.2777        38.6351        -3.57651        5.21651        
-25.3493        38.7395        -3.57651        5.21651        
-25.4208        38.8438        -3.57651        5.21651        
-25.4923        38.9481        -3.57651        5.21651        
-25.5639        39.0525        -3.57651        5.21651        
-25.6354        39.1568        -3.57651        5.21651        
-25.7069        39.2611        -3.57651        5.21651        
-25.7784        39.3655        -3.57651        5.21651        
-25.85        39.4698        -3.57651        5.21651        
-25.9215        39.5741        -3.57651        5.21651        
-25.993        39.6784        -3.57651        5.21651        
-26.0646        39.7828        -3.57651        5.21651        
-26.1361        39.8871        -3.57651        5.21651        
-26.2076        39.9914        -3.57651        5.21651        
-26.2792        40.0958        -3.57651        5.21651        
-26.3507        40.2001        -3.57651        5.21651        
-26.4222        40.3044        -3.57651        5.21651        
-26.4937        40.4088        -3.57651        5.21651        
-26.5653        40.5131        -3.57651        5.21651        
-26.6368        40.6174        -3.57651        5.21651        
-26.7083        40.7217        -3.57651        5.21651        
-26.7799        40.8261        -3.57651        5.21651        
-26.8514        40.9304        -3.57651        5.21651        
-26.9229        41.0347        -3.57651        5.21651        
-26.9945        41.1391        -3.57651        5.21651        
-27.066        41.2434        -3.57651        5.21651        
-27.1375        41.3477        -3.57651        5.21651        
-27.209        41.4521        -3.57651        5.21651        
-27.2806        41.5564        -3.57651        5.21651        
-27.3521        41.6607        -3.57651        5.21651        
-27.4236        41.765        -3.57651        5.21651        
-27.4952        41.8694        -3.57651        5.21651        
-27.5667        41.9737        -3.57651        5.21651        
-27.6382        42.078        -3.57651        5.21651        
-27.7098        42.1824        -3.57651        5.21651        
-27.7813        42.2867        -3.57651        5.21651        
-27.8528        42.391        -3.57651        5.21651        
-27.9243        42.4954        -3.57651        5.21651        
-27.9959        42.5997        -3.57651        5.21651        
-28.0674        42.704        -3.57651        5.21651        
-28.1389        42.8083        -3.57651        5.21651        
-28.2105        42.9127        -3.57651        5.21651        
-28.282        43.017        -3.57651        5.21651        
-28.3535        43.1213        -3.57651        5.21651        
-28.4251        43.2257        -3.57651        5.21651        
-28.4966        43.33        -3.57651        5.21651        
-28.5681        43.4343        -3.57651        5.21651        
-28.6396        43.5387        -3.57651        5.21651        
-28.7112        43.643        -3.57651        5.21651        
-28.7827        43.7473        -3.57651        5.21651        
-28.8542        43.8516        -3.57651        5.21651        
-28.9258        43.956        -3.57651        5.21651        
-28.9973        44.0603        -3.57651        5.21651        
-29.0688        44.1646        -3.57651        5.21651        
-29.1404        44.269        -3.57651        5.21651        
-29.2119        44.3733        -3.57651        5.21651        
-29.2834        44.4776        -3.57651        5.21651        
-29.3549        44.582        -3.57651        5.21651        
-29.4265        44.6863        -3.57651        5.21651        
-29.498        44.7906        -3.57651        5.21651        
-29.5695        44.8949        -3.57651        5.21651        
-29.6411        44.9993        -3.57651        5.21651        
-29.7126        45.1036        -3.57651        5.21651        
-29.7841        45.2079        -3.57651        5.21651        
-29.8557        45.3123        -3.57651        5.21651        
-29.9272        45.4166        -3.57651        5.21651        
-29.9987        45.5209        -3.57651        5.21651        
-30.0702        45.6253        -3.57651        5.21651        
-30.1418        45.7296        -3.57651        5.21651        
-30.2133        45.8339        -3.57651        5.21651        
-30.2848        45.9383        -3.57651        5.21651        
-30.3564        46.0426        -3.57651        5.21651        
-30.4279        46.1469        -3.57651        5.21651        
-30.4994        46.2512        -3.57651        5.21651        
-30.571        46.3556        -3.57651        5.21651        
-30.6425        46.4599        -3.57651        5.21651        
-30.714        46.5642        -3.57651        5.21651        
-30.7855        46.6686        -3.57651        5.21651        
-30.8571        46.7729        -3.57651        5.21651        
-30.9286        46.8772        -3.57651        5.21651        
-31.0001        46.9816        -3.57651        5.21651        
-31.0717        47.0859        -3.57651        5.21651        
-31.1432        47.1902        -3.57651        5.21651        
-31.2147        47.2945        -3.57651        5.21651        
-31.2863        47.3989        -3.57651        5.21651        
-31.3578        47.5032        -3.57651        5.21651        
-31.4293        47.6075        -3.57651        5.21651        
-31.5008        47.7119        -3.57651        5.21651        
-31.5724        47.8162        -3.57651        5.21651        
-31.6439        47.9205        -3.57651        5.21651        
-31.7154        48.0249        -3.57651        5.21651        
-31.787        48.1292        -3.57651        5.21651        
-31.8585        48.2335        -3.57651        5.21651        
-31.93        48.3378        -3.57651        5.21651        
-32.0016        48.4422        -3.57651        5.21651        
-32.0731        48.5465        -3.57651        5.21651        
-32.1446        48.6508        -3.57651        5.21651        
-32.2161        48.7552        -3.57651        5.21651        
-32.2877        48.8595        -3.57651        5.21651        
-32.3592        48.9638        -3.57651        5.21651        
-32.4307        49.0682        -3.57651        5.21651        
-32.5023        49.1725        -3.57651        5.21651        
-32.5738        49.2768        -3.57651        5.21651        
-32.6453        49.3811        -3.57651        5.21651        
-32.7169        49.4855        -3.57651        5.21651        
-32.7884        49.5898        -3.57651        5.21651        
-32.8599        49.6941        -3.57651        5.21651        
-32.9315        49.7985        -3.57651        5.21651        
-33.003        49.9028        -3.57651        5.21651        
-33.0745        50.0071        -3.57651        5.21651        
-33.146        50.1115        -3.57651        5.21651        
-33.2176        50.2158        -3.57651        5.21651        
-33.2891        50.3201        -3.57651        5.21651        
-33.3606        50.4244        -3.57651        5.21651        
-33.4322        50.5288        -3.57651        5.21651        
-33.5037        50.6331        -3.57651        5.21651        
-33.5752        50.7374        -3.57651        5.21651        
-33.6468        50.8418        -3.57651        5.21651        
-33.7183        50.9461        -3.57651        5.21651        
-33.7898        51.0504        -3.57651        5.21651        
-33.8613        51.1548        -3.57651        5.21651        
-33.9329        51.2591        -3.57651        5.21651        
-34.0044        51.3634        -3.57651        5.21651        
-34.0759        51.4677        -3.57651        5.21651        
-34.1475        51.5721        -3.57651        5.21651        
-34.219        51.6764        -3.57651        5.21651        
-34.2905        51.7807        -3.57651        5.21651        
-34.3621        51.8851        -3.57651        5.21651        
-34.4336        51.9894        -3.57651        5.21651        
-34.5051        52.0937        -3.57651        5.21651        
-34.5766        52.1981        -3.57651        5.21651        
-34.6482        52.3024        -3.57651        5.21651        
-34.7197        52.4067        -3.57651        5.21651        
-34.7912        52.511        -3.57651        5.21651        
-34.8628        52.6154        -3.57651        5.21651        
-34.9343        52.7197        -3.57651        5.21651        
-35.0058        52.824        -3.57651        5.21651        
-35.0774        52.9284        -3.57651        5.21651        
-35.1489        53.0327        -3.57651        5.21651        
-35.2204        53.137        -3.57651        5.21651        
-35.2919        53.2414        -3.57651        5.21651        
-35.3635        53.3457        -3.57651        5.21651        
-35.435        53.45        -3.57651        5.21651        
-35.5065        53.5544        -3.57651        5.21651        
-35.5781        53.6587        -3.57651        5.21651        
-35.6496        53.763        -3.57651        5.21651        
-35.7211        53.8673        -3.57651        5.21651        
-35.7927        53.9717        -3.57651        5.21651        
-35.8642        54.076        -3.57651        5.21651        
-35.9357        54.1803        -3.57651        5.21651        
-36.0072        54.2847        -3.57651        5.21651        
-36.0788        54.389        -3.57651        5.21651        
-36.1503        54.4933        -3.57651        5.21651        
-36.2218        54.5977        -3.57651        5.21651        
-36.2934        54.702        -3.57651        5.21651        
-36.3649        54.8063        -3.57651        5.21651        
-36.4364        54.9106        -3.57651        5.21651        
-36.508        55.015        -3.57651        5.21651        
-36.5795        55.1193        -3.57651        5.21651        
-36.651        55.2236        -3.57651        5.21651        
-36.7225        55.328        -3.57651        5.21651        
-36.7941        55.4323        -3.57651        5.21651        
-36.8656        55.5366        -3.57651        5.21651        
-36.9371        55.641        -3.57651        5.21651        
-37.0087        55.7453        -3.57651        5.21651        
-37.0802        55.8496        -3.57651        5.21651        
-37.1517        55.9539        -3.57651        5.21651        
-37.2233        56.0583        -3.57651        5.21651        
-37.2948        56.1626        -3.57651        5.21651        
-37.3663        56.2669        -3.57651        5.21651        
-37.4378        56.3713        -3.57651        5.21651        
-37.5094        56.4756        -3.57651        5.21651        
-37.5809        56.5799        -3.57651        5.21651        
-37.6524        56.6843        -3.57651        5.21651        
-37.724        56.7886        -3.57651        5.21651        
-37.7955        56.8929        -3.57651        5.21651        
-37.867        56.9972        -3.57651        5.21651        
-37.9386        57.1016        -3.57651        5.21651        
-38.0101        57.2059        -3.57651        5.21651        
-38.0816        57.3102        -3.57651        5.21651        
-38.1531        57.4146        -3.57651        5.21651        
-38.2247        57.5189        -3.57651        5.21651        
-38.2962        57.6232        -3.57651        5.21651        
-38.3677        57.7276        -3.57651        5.21651        
-38.4393        57.8319        -3.57651        5.21651        
-38.5108        57.9362        -3.57651        5.21651        
-38.5823        58.0405        -3.57651        5.21651        
-38.6539        58.1449        -3.57651        5.21651        
-38.7254        58.2492        -3.57651        5.21651        
-38.7969        58.3535        -3.57651        5.21651        
-38.8684        58.4579        -3.57651        5.21651        
-38.94        58.5622        -3.57651        5.21651        
-39.0115        58.6665        -3.57651        5.21651        
-39.083        58.7709        -3.57651        5.21651        
-39.1546        58.8752        -3.57651        5.21651        
-39.2261        58.9795        -3.57651        5.21651        
-39.2976        59.0838        -3.57651        5.21651        
-39.3692        59.1882        -3.57651        5.21651        
-39.4407        59.2925        -3.57651        5.21651        
-39.5122        59.3968        -3.57651        5.21651        
-39.5838        59.5012        -3.57651        5.21651        
-39.6553        59.6055        -3.57651        5.21651        
-39.7268        59.7098        -3.57651        5.21651        
-39.7983        59.8142        -3.57651        5.21651        
-39.8699        59.9185        -3.57651        5.21651        
-39.9414        60.0228        -3.57651        5.21651        
-40.0129        60.1271        -3.57651        5.21651        
-40.0845        60.2315        -3.57651        5.21651        
-40.156        60.3358        -3.57651        5.21651        
-40.2275        60.4401        -3.57651        5.21651        
-40.2991        60.5445        -3.57651        5.21651        
-40.3706        60.6488        -3.57651        5.21651        
-40.4421        60.7531        -3.57651        5.21651        
-40.5136        60.8575        -3.57651        5.21651        
-40.5852        60.9618        -3.57651        5.21651        
-40.6567        61.0661        -3.57651        5.21651        
-40.7282        61.1704        -3.57651        5.21651        
-40.7998        61.2748        -3.57651        5.21651        
-40.8713        61.3791        -3.57651        5.21651        
-40.9428        61.4834        -3.57651        5.21651        
-41.0144        61.5878        -3.57651        5.21651        
-41.0859        61.6921        -3.57651        5.21651        
-41.1574        61.7964        -3.57651        5.21651        
-41.2289        61.9008        -3.57651        5.21651        
-41.3005        62.0051        -3.57651        5.21651        
-41.372        62.1094        -3.57651        5.21651        
-41.4435        62.2138        -3.57651        5.21651        
-41.5151        62.3181        -3.57651        5.21651        
-41.5866        62.4224        -3.57651        5.21651        
-41.6581        62.5267        -3.57651        5.21651        
-41.7297        62.6311        -3.57651        5.21651        
-41.8012        62.7354        -3.57651        5.21651        
-41.8727        62.8397        -3.57651        5.21651        
-41.9442        62.9441        -3.57651        5.21651        
-42.0158        63.0484        -3.57651        5.21651        
-42.0873        63.1527        -3.57651        5.21651        
-42.1588        63.2571        -3.57651        5.21651        
-42.2304        63.3614        -3.57651        5.21651        
-42.3019        63.4657        -3.57651        5.21651        
-42.3734        63.57        -3.57651        5.21651        
-42.445        63.6744        -3.57651        5.21651        
-42.5165        63.7787        -3.57651        5.21651        
-42.588        63.883        -3.57651        5.21651        
-42.6595        63.9874        -3.57651        5.21651        
-42.7311        64.0917        -3.57651        5.21651        
-42.8026        64.196        -3.57651        5.21651        
-42.8741        64.3004        -3.57651        5.21651        
-42.9457        64.4047        -3.57651        5.21651        
-43.0172        64.509        -3.57651        5.21651        
-43.0887        64.6133        -3.57651        5.21651        
-43.1603        64.7177        -3.57651        5.21651        
-43.2318        64.822        -3.57651        5.21651        
-43.3033        64.9263        -3.57651        5.21651        
-43.3748        65.0307        -3.57651        5.21651        
-43.4464        65.135        -3.57651        5.21651        
-43.5179        65.2393        -3.57651        5.21651        
-43.5894        65.3437        -3.57651        5.21651        
-43.661        65.448        -3.57651        5.21651        
-43.7325        65.5523        -3.57651        5.21651        
-43.804        65.6566        -3.57651        5.21651        
-43.8756        65.761        -3.57651        5.21651        
-43.9471        65.8653        -3.57651        5.21651        
-44.0186        65.9696        -3.57651        5.21651        
-44.0901        66.074        -3.57651        5.21651        
-44.1617        66.1783        -3.57651        5.21651        
-44.2332        66.2826        -3.57651        5.21651        
-44.3047        66.387        -3.57651        5.21651        
-44.3763        66.4913        -3.57651        5.21651        
-44.4478        66.5956        -3.57651        5.21651        
-44.5193        66.6999        -3.57651        5.21651        
-44.5909        66.8043        -3.57651        5.21651        
-44.6624        66.9086        -3.57651        5.21651        
-44.7339        67.0129        -3.57651        5.21651        
-44.8054        67.1173        -3.57651        5.21651        
-44.877        67.2216        -3.57651        5.21651        
-44.9485        67.3259        -3.57651        5.21651        
-45.02        67.4303        -3.57651        5.21651        
-45.0916        67.5346        -3.57651        5.21651        
-45.1631        67.6389        -3.57651        5.21651        
-45.2346        67.7432        -3.57651        5.21651        
-45.3062        67.8476        -3.57651        5.21651        
-45.3777        67.9519        -3.57651        5.21651        
-45.4492        68.0562        -3.57651        5.21651        
-45.5207        68.1606        -3.57651        5.21651        
-45.5923        68.2649        -3.57651        5.21651        
-45.6638        68.3692        -3.57651        5.21651        
-45.7353        68.4736        -3.57651        5.21651        
-45.8069        68.5779        -3.57651        5.21651        
-45.8784        68.6822        -3.57651        5.21651        
-45.9499        68.7865        -3.57651        5.21651        
-46.0215        68.8909        -3.57651        5.21651        
-46.093        68.9952        -3.57651        5.21651        
-46.1645        69.0995        -3.57651        5.21651        
-46.2361        69.2039        -3.57651        5.21651        
-46.3076        69.3082        -3.57651        5.21651        
-46.3791        69.4125        -3.57651        5.21651        
-46.4506        69.5169        -3.57651        5.21651        
-46.5222        69.6212        -3.57651        5.21651        
-46.5937        69.7255        -3.57651        5.21651        
-46.6652        69.8299        -3.57651        5.21651        
-46.7368        69.9342        -3.57651        5.21651        
-46.8083        70.0385        -3.57651        5.21651        
-46.8798        70.1428        -3.57651        5.21651        
-46.9514        70.2472        -3.57651        5.21651        
-47.0229        70.3515        -3.57651        5.21651        
-47.0944        70.4558        -3.57651        5.21651        
-47.1659        70.5602        -3.57651        5.21651        
-47.2375        70.6645        -3.57651        5.21651        
-47.309        70.7688        -3.57651        5.21651        
-47.3805        70.8732        -3.57651        5.21651        
-47.4521        70.9775        -3.57651        5.21651        
-47.5236        71.0818        -3.57651        5.21651        
-47.5951        71.1861        -3.57651        5.21651        
-47.6667        71.2905        -3.57651        5.21651        
-47.7382        71.3948        -3.57651        5.21651        
-47.8097        71.4991        -3.57651        5.21651        
-47.8812        71.6035        -3.57651        5.21651        
-47.9528        71.7078        -3.57651        5.21651        
-48.0243        71.8121        -3.57651        5.21651        
-48.0958        71.9165        -3.57651        5.21651        
-48.1674        72.0208        -3.57651        5.21651        
-48.2389        72.1251        -3.57651        5.21651        
-48.3104        72.2294        -3.57651        5.21651        
-48.382        72.3338        -3.57651        5.21651        
-48.4535        72.4381        -3.57651        5.21651        
-48.525        72.5424        -3.57651        5.21651        
-48.5965        72.6468        -3.57651        5.21651        
-48.6681        72.7511        -3.57651        5.21651        
-48.7396        72.8554        -3.57651        5.21651        
-48.8111        72.9598        -3.57651        5.21651        
-48.8827        73.0641        -3.57651        5.21651        
-48.9542        73.1684        -3.57651        5.21651        
-49.0257        73.2727        -3.57651        5.21651        
-49.0973        73.3771        -3.57651        5.21651        
-49.1688        73.4814        -3.57651        5.21651        
-49.2403        73.5857        -3.57651        5.21651        
-49.3118        73.6901        -3.57651        5.21651        
-49.3834        73.7944        -3.57651        5.21651        
-49.4549        73.8987        -3.57651        5.21651        
-49.5264        74.0031        -3.57651        5.21651        
-49.598        74.1074        -3.57651        5.21651        
-49.6695        74.2117        -3.57651        5.21651        
-49.741        74.316        -3.57651        5.21651        
-49.8126        74.4204        -3.57651        5.21651        
-49.8841        74.5247        -3.57651        5.21651        
-49.9556        74.629        -3.57651        5.21651        
-50.0271        74.7334        -3.57651        5.21651        
-50.0987        74.8377        -3.57651        5.21651        
-50.1702        74.942        -3.57651        5.21651        
-50.2417        75.0464        -3.57651        5.21651        
-50.3133        75.1507        -3.57651        5.21651        
-50.3848        75.255        -3.57651        5.21651        
-50.4563        75.3593        -3.57651        5.21651        
-50.5279        75.4637        -3.57651        5.21651        
-50.5994        75.568        -3.57651        5.21651        
-50.6709        75.6723        -3.57651        5.21651        
-50.7424        75.7767        -3.57651        5.21651        
-50.814        75.881        -3.57651        5.21651        
-50.8855        75.9853        -3.57651        5.21651        
-50.957        76.0897        -3.57651        5.21651        
-51.0286        76.194        -3.57651        5.21651        
-51.1001        76.2983        -3.57651        5.21651        
-51.1716        76.4026        -3.57651        5.21651        
-51.2432        76.507        -3.57651        5.21651        
-51.3147        76.6113        -3.57651        5.21651        
-51.3862        76.7156        -3.57651        5.21651        
-51.4577        76.82        -3.57651        5.21651        
-51.5293        76.9243        -3.57651        5.21651        
-51.6008        77.0286        -3.57651        5.21651        
-51.6723        77.133        -3.57651        5.21651        
-51.7439        77.2373        -3.57651        5.21651        
-51.8154        77.3416        -3.57651        5.21651        
-51.8869        77.4459        -3.57651        5.21651        
-51.9585        77.5503        -3.57651        5.21651        
-52.03        77.6546        -3.57651        5.21651        
-52.1015        77.7589        -3.57651        5.21651        
-52.173        77.8633        -3.57651        5.21651        
-52.2446        77.9676        -3.57651        5.21651        
-52.3161        78.0719        -3.57651        5.21651        
-52.3876        78.1763        -3.57651        5.21651        
-52.4592        78.2806        -3.57651        5.21651        
-52.5307        78.3849        -3.57651        5.21651        
-52.6022        78.4893        -3.57651        5.21651        
-52.6738        78.5936        -3.57651        5.21651        
-52.7453        78.6979        -3.57651        5.21651        
-52.8168        78.8022        -3.57651        5.21651        
-52.8883        78.9066        -3.57651        5.21651        
-52.9599        79.0109        -3.57651        5.21651        
-53.0314        79.1152        -3.57651        5.21651        
-53.1029        79.2196        -3.57651        5.21651        
-53.1745        79.3239        -3.57651        5.21651        
-53.246        79.4282        -3.57651        5.21651        
-53.3175        79.5326        -3.57651        5.21651        
-53.3891        79.6369        -3.57651        5.21651        
-53.4606        79.7412        -3.57651        5.21651        
-53.5321        79.8455        -3.57651        5.21651        
-53.6037        79.9499        -3.57651        5.21651        
-53.6752        80.0542        -3.57651        5.21651        
-53.7467        80.1585        -3.57651        5.21651        
-53.8182        80.2629        -3.57651        5.21651        
-53.8898        80.3672        -3.57651        5.21651        
-53.9613        80.4715        -3.57651        5.21651        
-54.0328        80.5759        -3.57651        5.21651        
-54.1044        80.6802        -3.57651        5.21651        
-54.1759        80.7845        -3.57651        5.21651        
-54.2474        80.8888        -3.57651        5.21651        
-54.319        80.9932        -3.57651        5.21651        
-54.3905        81.0975        -3.57651        5.21651        
-54.462        81.2018        -3.57651        5.21651        
-54.5335        81.3062        -3.57651        5.21651        
-54.6051        81.4105        -3.57651        5.21651        
-54.6766        81.5148        -3.57651        5.21651        
-54.7481        81.6192        -3.57651        5.21651        
-54.8197        81.7235        -3.57651        5.21651        
-54.8912        81.8278        -3.57651        5.21651        
-54.9627        81.9321        -3.57651        5.21651        
-55.0343        82.0365        -3.57651        5.21651        
-55.1058        82.1408        -3.57651        5.21651        
-55.1773        82.2451        -3.57651        5.21651        
-55.2488        82.3495        -3.57651        5.21651        
-55.3204        82.4538        -3.57651        5.21651        
-55.3919        82.5581        -3.57651        5.21651        
-55.4634        82.6625        -3.57651        5.21651        
-55.535        82.7668        -3.57651        5.21651        
-55.6065        82.8711        -3.57651        5.21651        
-55.678        82.9754        -3.57651        5.21651        
-55.7496        83.0798        -3.57651        5.21651        
-55.8211        83.1841        -3.57651        5.21651        
-55.8926        83.2884        -3.57651        5.21651        
-55.9641        83.3928        -3.57651        5.21651        
-56.0357        83.4971        -3.57651        5.21651        
-56.1072        83.6014        -3.57651        5.21651        
-56.1787        83.7058        -3.57651        5.21651        
-56.2503        83.8101        -3.57651        5.21651        
-56.3218        83.9144        -3.57651        5.21651        
-56.3933        84.0187        -3.57651        5.21651        
-56.4649        84.1231        -3.57651        5.21651        
-56.5364        84.2274        -3.57651        5.21651        
-56.6079        84.3317        -3.57651        5.21651        
-56.6794        84.4361        -3.57651        5.21651        
-56.751        84.5404        -3.57651        5.21651        
-56.8225        84.6447        -3.57651        5.21651        
-56.894        84.7491        -3.57651        5.21651        
-56.9656        84.8534        -3.57651        5.21651        
-57.0371        84.9577        -3.57651        5.21651        
-57.1086        85.062        -3.57651        5.21651        
-57.1802        85.1664        -3.57651        5.21651        
-57.2517        85.2707        -3.57651        5.21651        
-57.3232        85.375        -3.57651        5.21651        
-57.3947        85.4794        -3.57651        5.21651        
-57.4663        85.5837        -3.57651        5.21651        
-57.5378        85.688        -3.57651        5.21651        
-57.6093        85.7924        -3.57651        5.21651        
-57.6809        85.8967        -3.57651        5.21651        
-57.7524        86.001        -3.57651        5.21651        
-57.8239        86.1054        -3.57651        5.21651        
-57.8955        86.2097        -3.57651        5.21651        
-57.967        86.314        -3.57651        5.21651        
-58.0385        86.4183        -3.57651        5.21651        
-58.11        86.5227        -3.57651        5.21651        
-58.1816        86.627        -3.57651        5.21651        
-58.2531        86.7313        -3.57651        5.21651        
-58.3246        86.8357        -3.57651        5.21651        
-58.3962        86.94        -3.57651        5.21651        
-58.4677        87.0443        -3.57651        5.21651        
-58.5392        87.1487        -3.57651        5.21651        
-58.6108        87.253        -3.57651        5.21651        
-58.6823        87.3573        -3.57651        5.21651        
-58.7538        87.4616        -3.57651        5.21651        
-58.8253        87.566        -3.57651        5.21651        
-58.8969        87.6703        -3.57651        5.21651        
-58.9684        87.7746        -3.57651        5.21651        
-59.0399        87.879        -3.57651        5.21651        
-59.1115        87.9833        -3.57651        5.21651        
-59.183        88.0876        -3.57651        5.21651        
-59.2545        88.192        -3.57651        5.21651        
-59.3261        88.2963        -3.57651        5.21651        
-59.3976        88.4006        -3.57651        5.21651        
-59.4691        88.5049        -3.57651        5.21651        
-59.5406        88.6093        -3.57651        5.21651        
-59.6122        88.7136        -3.57651        5.21651        
-59.6837        88.8179        -3.57651        5.21651        
-59.7552        88.9223        -3.57651        5.21651        
-59.8268        89.0266        -3.57651        5.21651        
-59.8983        89.1309        -3.57651        5.21651        
-59.9698        89.2353        -3.57651        5.21651        
-60.0414        89.3396        -3.57651        5.21651        
-60.1129        89.4439        -3.57651        5.21651        
-60.1844        89.5482        -3.57651        5.21651        
-60.256        89.6526        -3.57651        5.21651        
-60.3275        89.7569        -3.57651        5.21651        
-60.399        89.8612        -3.57651        5.21651        
-60.4705        89.9656        -3.57651        5.21651        
-60.5421        90.0699        -3.57651        5.21651        
-60.6136        90.1742        -3.57651        5.21651        
-60.6851        90.2786        -3.57651        5.21651        
-60.7567        90.3829        -3.57651        5.21651        
-60.8282        90.4872        -3.57651        5.21651        
-60.8997        90.5915        -3.57651        5.21651        
-60.9713        90.6959        -3.57651        5.21651        
-61.0428        90.8002        -3.57651        5.21651        
-61.1143        90.9045        -3.57651        5.21651        
-61.1858        91.0089        -3.57651        5.21651        
-61.2574        91.1132        -3.57651        5.21651        
-61.3289        91.2175        -3.57651        5.21651        
-61.4004        91.3219        -3.57651        5.21651        
-61.472        91.4262        -3.57651        5.21651        
-61.5435        91.5305        -3.57651        5.21651        
-61.615        91.6348        -3.57651        5.21651        
-61.6866        91.7392        -3.57651        5.21651        
-61.7581        91.8435        -3.57651        5.21651        
-61.8296        91.9478        -3.57651        5.21651        
-61.9011        92.0522        -3.57651        5.21651        
-61.9727        92.1565        -3.57651        5.21651        
-62.0442        92.2608        -3.57651        5.21651        
-62.1157        92.3652        -3.57651        5.21651        
-62.1873        92.4695        -3.57651        5.21651        
-62.2588        92.5738        -3.57651        5.21651        
-62.3303        92.6781        -3.57651        5.21651        
-62.4019        92.7825        -3.57651        5.21651        
-62.4734        92.8868        -3.57651        5.21651        
-62.5449        92.9911        -3.57651        5.21651        
-62.6164        93.0955        -3.57651        5.21651        
-62.688        93.1998        -3.57651        5.21651        
-62.7595        93.3041        -3.57651        5.21651        
-62.831        93.4085        -3.57651        5.21651        
-62.9026        93.5128        -3.57651        5.21651        
-62.9741        93.6171        -3.57651        5.21651        
-63.0456        93.7214        -3.57651        5.21651        
-63.1172        93.8258        -3.57651        5.21651        
-63.1887        93.9301        -3.57651        5.21651        
-63.2602        94.0344        -3.57651        5.21651        
-63.3317        94.1388        -3.57651        5.21651        
-63.4033        94.2431        -3.57651        5.21651        
-63.4748        94.3474        -3.57651        5.21651        
-63.5463        94.4518        -3.57651        5.21651        
-63.6179        94.5561        -3.57651        5.21651        
-63.6894        94.6604        -3.57651        5.21651        
-63.7609        94.7648        -3.57651        5.21651        
-63.8325        94.8691        -3.57651        5.21651        
-63.904        94.9734        -3.57651        5.21651        
-63.9755        95.0777        -3.57651        5.21651        
-64.047        95.1821        -3.57651        5.21651        
-64.1186        95.2864        -3.57651        5.21651        
-64.1901        95.3907        -3.57651        5.21651        
-64.2616        95.4951        -3.57651        5.21651        
-64.3332        95.5994        -3.57651        5.21651        
-64.4047        95.7037        -3.57651        5.21651        
-64.4762        95.8081        -3.57651        5.21651        
-64.5478        95.9124        -3.57651        5.21651        
-64.6193        96.0167        -3.57651        5.21651        
-64.6908        96.121        -3.57651        5.21651        
-64.7623        96.2254        -3.57651        5.21651        
-64.8339        96.3297        -3.57651        5.21651        
-64.9054        96.434        -3.57651        5.21651        
-64.9769        96.5384        -3.57651        5.21651        
-65.0485        96.6427        -3.57651        5.21651        
-65.12        96.747        -3.57651        5.21651        
-65.1915        96.8514        -3.57651        5.21651        
-65.2631        96.9557        -3.57651        5.21651        
-65.3346        97.06        -3.57651        5.21651        
-65.4061        97.1643        -3.57651        5.21651        
-65.4776        97.2687        -3.57651        5.21651        
-65.5492        97.373        -3.57651        5.21651        
-65.6207        97.4773        -3.57651        5.21651        
-65.6922        97.5817        -3.57651        5.21651        
-65.7638        97.686        -3.57651        5.21651        
-65.8353        97.7903        -3.57651        5.21651        
-65.9068        97.8947        -3.57651        5.21651        
-65.9784        97.999        -3.57651        5.21651        
-66.0499        98.1033        -3.57651        5.21651        
-66.1214        98.2076        -3.57651        5.21651        
-66.1929        98.312        -3.57651        5.21651        
-66.2645        98.4163        -3.57651        5.21651        
-66.336        98.5206        -3.57651        5.21651        
-66.4075        98.625        -3.57651        5.21651        
-66.4791        98.7293        -3.57651        5.21651        
-66.5506        98.8336        -3.57651        5.21651        
-66.6221        98.938        -3.57651        5.21651        
-66.6937        99.0423        -3.57651        5.21651        
-66.7652        99.1466        -3.57651        5.21651        
-66.8367        99.2509        -3.57651        5.21651        
-66.9082        99.3553        -3.57651        5.21651        
-66.9798        99.4596        -3.57651        5.21651        
-67.0513        99.5639        -3.57651        5.21651        
-67.1228        99.6683        -3.57651        5.21651        
-67.1944        99.7726        -3.57651        5.21651        
-67.2659        99.8769        -3.57651        5.21651        
-67.3374        99.9813        -3.57651        5.21651        
-67.409        100.086        -3.57651        5.21651        
-67.4805        100.19        -3.57651        5.21651        
-67.552        100.294        -3.57651        5.21651        
-67.6236        100.399        -3.57651        5.21651        
-67.6951        100.503        -3.57651        5.21651        
-67.7666        100.607        -3.57651        5.21651        
-67.8381        100.712        -3.57651        5.21651        
-67.9097        100.816        -3.57651        5.21651        
-67.9812        100.92        -3.57651        5.21651        
-68.0527        101.025        -3.57651        5.21651        
-68.1243        101.129        -3.57651        5.21651        
-68.1958        101.233        -3.57651        5.21651        
-68.2673        101.338        -3.57651        5.21651        
-68.3389        101.442        -3.57651        5.21651        
-68.4104        101.546        -3.57651        5.21651        
-68.4819        101.651        -3.57651        5.21651        
-68.5534        101.755        -3.57651        5.21651        
-68.625        101.859        -3.57651        5.21651        
-68.6965        101.964        -3.57651        5.21651        
-68.768        102.068        -3.57651        5.21651        
-68.8396        102.172        -3.57651        5.21651        
-68.9111        102.277        -3.57651        5.21651        
-68.9826        102.381        -3.57651        5.21651        
-69.0542        102.485        -3.57651        5.21651        
-69.1257        102.59        -3.57651        5.21651        
-69.1972        102.694        -3.57651        5.21651        
-69.2687        102.798        -3.57651        5.21651        
-69.3403        102.903        -3.57651        5.21651        
-69.4118        103.007        -3.57651        5.21651        
-69.4833        103.111        -3.57651        5.21651        
-69.5549        103.215        -3.57651        5.21651        
-69.6264        103.32        -3.57651        5.21651        
-69.6979        103.424        -3.57651        5.21651        
-69.7695        103.528        -3.57651        5.21651        
-69.841        103.633        -3.57651        5.21651        
-69.9125        103.737        -3.57651        5.21651        
-69.984        103.841        -3.57651        5.21651        
-70.0556        103.946        -3.57651        5.21651        
-70.1271        104.05        -3.57651        5.21651        
-70.1986        104.154        -3.57651        5.21651        
-70.2702        104.259        -3.57651        5.21651        
-70.3417        104.363        -3.57651        5.21651        
-70.4132        104.467        -3.57651        5.21651        
-70.4848        104.572        -3.57651        5.21651        
-70.5563        104.676        -3.57651        5.21651        
