Euler algorithm (2D)
jupiter (x, y, vx, vy)
Timestep: 20 years

-4.54463        -2.98089        1.47933        -2.17373        
-4.51504        -3.02436        1.47933        -2.17373        
-4.48546        -3.06784        1.47933        -2.17373        
-4.45587        -3.11131        1.47933        -2.17373        
-4.42628        -3.15479        1.47933        -2.17373        
-4.3967        -3.19826        1.47933        -2.17373        
-4.36711        -3.24174        1.47933        -2.17373        
-4.33752        -3.28521        1.47933        -2.17373        
-4.30794        -3.32868        1.47933        -2.17373        
-4.27835        -3.37216        1.47933        -2.17373        
-4.24876        -3.41563        1.47933        -2.17373        
-4.21918        -3.45911        1.47933        -2.17373        
-4.18959        -3.50258        1.47933        -2.17373        
-4.16        -3.54606        1.47933        -2.17373        
-4.13042        -3.58953        1.47933        -2.17373        
-4.10083        -3.63301        1.47933        -2.17373        
-4.07124        -3.67648        1.47933        -2.17373        
-4.04166        -3.71996        1.47933        -2.17373        
-4.01207        -3.76343        1.47933        -2.17373        
-3.98248        -3.80691        1.47933        -2.17373        
-3.9529        -3.85038        1.47933        -2.17373        
-3.92331        -3.89386        1.47933        -2.17373        
-3.89372        -3.93733        1.47933        -2.17373        
-3.86414        -3.9808        1.47933        -2.17373        
-3.83455        -4.02428        1.47933        -2.17373        
-3.80496        -4.06775        1.47933        -2.17373        
-3.77538        -4.11123        1.47933        -2.17373        
-3.74579        -4.1547        1.47933        -2.17373        
-3.7162        -4.19818        1.47933        -2.17373        
-3.68662        -4.24165        1.47933        -2.17373        
-3.65703        -4.28513        1.47933        -2.17373        
-3.62744        -4.3286        1.47933        -2.17373        
-3.59786        -4.37208        1.47933        -2.17373        
-3.56827        -4.41555        1.47933        -2.17373        
-3.53868        -4.45903        1.47933        -2.17373        
-3.5091        -4.5025        1.47933        -2.17373        
-3.47951        -4.54598        1.47933        -2.17373        
-3.44992        -4.58945        1.47933        -2.17373        
-3.42034        -4.63292        1.47933        -2.17373        
-3.39075        -4.6764        1.47933        -2.17373        
-3.36116        -4.71987        1.47933        -2.17373        
-3.33158        -4.76335        1.47933        -2.17373        
-3.30199        -4.80682        1.47933        -2.17373        
-3.2724        -4.8503        1.47933        -2.17373        
-3.24282        -4.89377        1.47933        -2.17373        
-3.21323        -4.93725        1.47933        -2.17373        
-3.18364        -4.98072        1.47933        -2.17373        
-3.15406        -5.0242        1.47933        -2.17373        
-3.12447        -5.06767        1.47933        -2.17373        
-3.09488        -5.11115        1.47933        -2.17373        
-3.0653        -5.15462        1.47933        -2.17373        
-3.03571        -5.1981        1.47933        -2.17373        
-3.00612        -5.24157        1.47933        -2.17373        
-2.97654        -5.28504        1.47933        -2.17373        
-2.94695        -5.32852        1.47933        -2.17373        
-2.91736        -5.37199        1.47933        -2.17373        
-2.88778        -5.41547        1.47933        -2.17373        
-2.85819        -5.45894        1.47933        -2.17373        
-2.8286        -5.50242        1.47933        -2.17373        
-2.79902        -5.54589        1.47933        -2.17373        
-2.76943        -5.58937        1.47933        -2.17373        
-2.73984        -5.63284        1.47933        -2.17373        
-2.71026        -5.67632        1.47933        -2.17373        
-2.68067        -5.71979        1.47933        -2.17373        
-2.65108        -5.76327        1.47933        -2.17373        
-2.6215        -5.80674        1.47933        -2.17373        
-2.59191        -5.85022        1.47933        -2.17373        
-2.56232        -5.89369        1.47933        -2.17373        
-2.53274        -5.93716        1.47933        -2.17373        
-2.50315        -5.98064        1.47933        -2.17373        
-2.47356        -6.02411        1.47933        -2.17373        
-2.44398        -6.06759        1.47933        -2.17373        
-2.41439        -6.11106        1.47933        -2.17373        
-2.3848        -6.15454        1.47933        -2.17373        
-2.35522        -6.19801        1.47933        -2.17373        
-2.32563        -6.24149        1.47933        -2.17373        
-2.29604        -6.28496        1.47933        -2.17373        
-2.26646        -6.32844        1.47933        -2.17373        
-2.23687        -6.37191        1.47933        -2.17373        
-2.20728        -6.41539        1.47933        -2.17373        
-2.1777        -6.45886        1.47933        -2.17373        
-2.14811        -6.50233        1.47933        -2.17373        
-2.11852        -6.54581        1.47933        -2.17373        
-2.08894        -6.58928        1.47933        -2.17373        
-2.05935        -6.63276        1.47933        -2.17373        
-2.02976        -6.67623        1.47933        -2.17373        
-2.00018        -6.71971        1.47933        -2.17373        
-1.97059        -6.76318        1.47933        -2.17373        
-1.941        -6.80666        1.47933        -2.17373        
-1.91142        -6.85013        1.47933        -2.17373        
-1.88183        -6.89361        1.47933        -2.17373        
-1.85224        -6.93708        1.47933        -2.17373        
-1.82266        -6.98056        1.47933        -2.17373        
-1.79307        -7.02403        1.47933        -2.17373        
-1.76348        -7.06751        1.47933        -2.17373        
-1.7339        -7.11098        1.47933        -2.17373        
-1.70431        -7.15445        1.47933        -2.17373        
-1.67472        -7.19793        1.47933        -2.17373        
-1.64514        -7.2414        1.47933        -2.17373        
-1.61555        -7.28488        1.47933        -2.17373        
-1.58596        -7.32835        1.47933        -2.17373        
-1.55638        -7.37183        1.47933        -2.17373        
-1.52679        -7.4153        1.47933        -2.17373        
-1.4972        -7.45878        1.47933        -2.17373        
-1.46762        -7.50225        1.47933        -2.17373        
-1.43803        -7.54573        1.47933        -2.17373        
-1.40844        -7.5892        1.47933        -2.17373        
-1.37886        -7.63268        1.47933        -2.17373        
-1.34927        -7.67615        1.47933        -2.17373        
-1.31968        -7.71963        1.47933        -2.17373        
-1.2901        -7.7631        1.47933        -2.17373        
-1.26051        -7.80657        1.47933        -2.17373        
-1.23092        -7.85005        1.47933        -2.17373        
-1.20134        -7.89352        1.47933        -2.17373        
-1.17175        -7.937        1.47933        -2.17373        
-1.14216        -7.98047        1.47933        -2.17373        
-1.11258        -8.02395        1.47933        -2.17373        
-1.08299        -8.06742        1.47933        -2.17373        
-1.0534        -8.1109        1.47933        -2.17373        
-1.02382        -8.15437        1.47933        -2.17373        
-0.994229        -8.19785        1.47933        -2.17373        
-0.964643        -8.24132        1.47933        -2.17373        
-0.935056        -8.2848        1.47933        -2.17373        
-0.905469        -8.32827        1.47933        -2.17373        
-0.875882        -8.37175        1.47933        -2.17373        
-0.846296        -8.41522        1.47933        -2.17373        
-0.816709        -8.45869        1.47933        -2.17373        
-0.787122        -8.50217        1.47933        -2.17373        
-0.757536        -8.54564        1.47933        -2.17373        
-0.727949        -8.58912        1.47933        -2.17373        
-0.698362        -8.63259        1.47933        -2.17373        
-0.668776        -8.67607        1.47933        -2.17373        
-0.639189        -8.71954        1.47933        -2.17373        
-0.609602        -8.76302        1.47933        -2.17373        
-0.580016        -8.80649        1.47933        -2.17373        
-0.550429        -8.84997        1.47933        -2.17373        
-0.520842        -8.89344        1.47933        -2.17373        
-0.491256        -8.93692        1.47933        -2.17373        
-0.461669        -8.98039        1.47933        -2.17373        
-0.432082        -9.02387        1.47933        -2.17373        
-0.402495        -9.06734        1.47933        -2.17373        
-0.372909        -9.11081        1.47933        -2.17373        
-0.343322        -9.15429        1.47933        -2.17373        
-0.313735        -9.19776        1.47933        -2.17373        
-0.284149        -9.24124        1.47933        -2.17373        
-0.254562        -9.28471        1.47933        -2.17373        
-0.224975        -9.32819        1.47933        -2.17373        
-0.195389        -9.37166        1.47933        -2.17373        
-0.165802        -9.41514        1.47933        -2.17373        
-0.136215        -9.45861        1.47933        -2.17373        
-0.106629        -9.50209        1.47933        -2.17373        
-0.077042        -9.54556        1.47933        -2.17373        
-0.0474553        -9.58904        1.47933        -2.17373        
-0.0178686        -9.63251        1.47933        -2.17373        
0.0117181        -9.67599        1.47933        -2.17373        
0.0413048        -9.71946        1.47933        -2.17373        
0.0708915        -9.76293        1.47933        -2.17373        
0.100478        -9.80641        1.47933        -2.17373        
0.130065        -9.84988        1.47933        -2.17373        
0.159652        -9.89336        1.47933        -2.17373        
0.189238        -9.93683        1.47933        -2.17373        
0.218825        -9.98031        1.47933        -2.17373        
0.248412        -10.0238        1.47933        -2.17373        
0.277998        -10.0673        1.47933        -2.17373        
0.307585        -10.1107        1.47933        -2.17373        
0.337172        -10.1542        1.47933        -2.17373        
0.366758        -10.1977        1.47933        -2.17373        
0.396345        -10.2412        1.47933        -2.17373        
0.425932        -10.2846        1.47933        -2.17373        
0.455518        -10.3281        1.47933        -2.17373        
0.485105        -10.3716        1.47933        -2.17373        
0.514692        -10.4151        1.47933        -2.17373        
0.544278        -10.4585        1.47933        -2.17373        
0.573865        -10.502        1.47933        -2.17373        
0.603452        -10.5455        1.47933        -2.17373        
0.633038        -10.589        1.47933        -2.17373        
0.662625        -10.6324        1.47933        -2.17373        
0.692212        -10.6759        1.47933        -2.17373        
0.721799        -10.7194        1.47933        -2.17373        
0.751385        -10.7629        1.47933        -2.17373        
0.780972        -10.8063        1.47933        -2.17373        
0.810559        -10.8498        1.47933        -2.17373        
0.840145        -10.8933        1.47933        -2.17373        
0.869732        -10.9368        1.47933        -2.17373        
0.899319        -10.9802        1.47933        -2.17373        
0.928905        -11.0237        1.47933        -2.17373        
0.958492        -11.0672        1.47933        -2.17373        
0.988079        -11.1106        1.47933        -2.17373        
1.01767        -11.1541        1.47933        -2.17373        
1.04725        -11.1976        1.47933        -2.17373        
1.07684        -11.2411        1.47933        -2.17373        
1.10643        -11.2845        1.47933        -2.17373        
1.13601        -11.328        1.47933        -2.17373        
1.1656        -11.3715        1.47933        -2.17373        
1.19519        -11.415        1.47933        -2.17373        
1.22477        -11.4584        1.47933        -2.17373        
1.25436        -11.5019        1.47933        -2.17373        
1.28395        -11.5454        1.47933        -2.17373        
1.31353        -11.5889        1.47933        -2.17373        
1.34312        -11.6323        1.47933        -2.17373        
1.37271        -11.6758        1.47933        -2.17373        
1.40229        -11.7193        1.47933        -2.17373        
1.43188        -11.7628        1.47933        -2.17373        
1.46147        -11.8062        1.47933        -2.17373        
1.49105        -11.8497        1.47933        -2.17373        
1.52064        -11.8932        1.47933        -2.17373        
1.55023        -11.9367        1.47933        -2.17373        
1.57981        -11.9801        1.47933        -2.17373        
1.6094        -12.0236        1.47933        -2.17373        
1.63899        -12.0671        1.47933        -2.17373        
1.66857        -12.1106        1.47933        -2.17373        
1.69816        -12.154        1.47933        -2.17373        
1.72775        -12.1975        1.47933        -2.17373        
1.75733        -12.241        1.47933        -2.17373        
1.78692        -12.2845        1.47933        -2.17373        
1.81651        -12.3279        1.47933        -2.17373        
1.84609        -12.3714        1.47933        -2.17373        
1.87568        -12.4149        1.47933        -2.17373        
1.90527        -12.4584        1.47933        -2.17373        
1.93485        -12.5018        1.47933        -2.17373        
1.96444        -12.5453        1.47933        -2.17373        
1.99403        -12.5888        1.47933        -2.17373        
2.02361        -12.6323        1.47933        -2.17373        
2.0532        -12.6757        1.47933        -2.17373        
2.08279        -12.7192        1.47933        -2.17373        
2.11237        -12.7627        1.47933        -2.17373        
2.14196        -12.8062        1.47933        -2.17373        
2.17155        -12.8496        1.47933        -2.17373        
2.20113        -12.8931        1.47933        -2.17373        
2.23072        -12.9366        1.47933        -2.17373        
2.26031        -12.9801        1.47933        -2.17373        
2.28989        -13.0235        1.47933        -2.17373        
2.31948        -13.067        1.47933        -2.17373        
2.34907        -13.1105        1.47933        -2.17373        
2.37865        -13.154        1.47933        -2.17373        
2.40824        -13.1974        1.47933        -2.17373        
2.43783        -13.2409        1.47933        -2.17373        
2.46741        -13.2844        1.47933        -2.17373        
2.497        -13.3279        1.47933        -2.17373        
2.52659        -13.3713        1.47933        -2.17373        
2.55617        -13.4148        1.47933        -2.17373        
2.58576        -13.4583        1.47933        -2.17373        
2.61535        -13.5018        1.47933        -2.17373        
2.64493        -13.5452        1.47933        -2.17373        
2.67452        -13.5887        1.47933        -2.17373        
2.70411        -13.6322        1.47933        -2.17373        
2.73369        -13.6757        1.47933        -2.17373        
2.76328        -13.7191        1.47933        -2.17373        
2.79287        -13.7626        1.47933        -2.17373        
2.82245        -13.8061        1.47933        -2.17373        
2.85204        -13.8496        1.47933        -2.17373        
2.88163        -13.893        1.47933        -2.17373        
2.91121        -13.9365        1.47933        -2.17373        
2.9408        -13.98        1.47933        -2.17373        
2.97039        -14.0235        1.47933        -2.17373        
2.99997        -14.0669        1.47933        -2.17373        
3.02956        -14.1104        1.47933        -2.17373        
3.05915        -14.1539        1.47933        -2.17373        
3.08873        -14.1974        1.47933        -2.17373        
3.11832        -14.2408        1.47933        -2.17373        
3.14791        -14.2843        1.47933        -2.17373        
3.17749        -14.3278        1.47933        -2.17373        
3.20708        -14.3712        1.47933        -2.17373        
3.23667        -14.4147        1.47933        -2.17373        
3.26625        -14.4582        1.47933        -2.17373        
3.29584        -14.5017        1.47933        -2.17373        
3.32543        -14.5451        1.47933        -2.17373        
3.35501        -14.5886        1.47933        -2.17373        
3.3846        -14.6321        1.47933        -2.17373        
3.41419        -14.6756        1.47933        -2.17373        
3.44377        -14.719        1.47933        -2.17373        
3.47336        -14.7625        1.47933        -2.17373        
3.50295        -14.806        1.47933        -2.17373        
3.53253        -14.8495        1.47933        -2.17373        
3.56212        -14.8929        1.47933        -2.17373        
3.59171        -14.9364        1.47933        -2.17373        
3.62129        -14.9799        1.47933        -2.17373        
3.65088        -15.0234        1.47933        -2.17373        
3.68047        -15.0668        1.47933        -2.17373        
3.71005        -15.1103        1.47933        -2.17373        
3.73964        -15.1538        1.47933        -2.17373        
3.76923        -15.1973        1.47933        -2.17373        
3.79881        -15.2407        1.47933        -2.17373        
3.8284        -15.2842        1.47933        -2.17373        
3.85799        -15.3277        1.47933        -2.17373        
3.88757        -15.3712        1.47933        -2.17373        
3.91716        -15.4146        1.47933        -2.17373        
3.94675        -15.4581        1.47933        -2.17373        
3.97633        -15.5016        1.47933        -2.17373        
4.00592        -15.5451        1.47933        -2.17373        
4.03551        -15.5885        1.47933        -2.17373        
4.06509        -15.632        1.47933        -2.17373        
4.09468        -15.6755        1.47933        -2.17373        
4.12427        -15.719        1.47933        -2.17373        
4.15385        -15.7624        1.47933        -2.17373        
4.18344        -15.8059        1.47933        -2.17373        
4.21303        -15.8494        1.47933        -2.17373        
4.24261        -15.8929        1.47933        -2.17373        
4.2722        -15.9363        1.47933        -2.17373        
4.30179        -15.9798        1.47933        -2.17373        
4.33137        -16.0233        1.47933        -2.17373        
4.36096        -16.0668        1.47933        -2.17373        
4.39055        -16.1102        1.47933        -2.17373        
4.42013        -16.1537        1.47933        -2.17373        
4.44972        -16.1972        1.47933        -2.17373        
4.47931        -16.2407        1.47933        -2.17373        
4.50889        -16.2841        1.47933        -2.17373        
4.53848        -16.3276        1.47933        -2.17373        
4.56807        -16.3711        1.47933        -2.17373        
4.59765        -16.4146        1.47933        -2.17373        
4.62724        -16.458        1.47933        -2.17373        
4.65683        -16.5015        1.47933        -2.17373        
4.68641        -16.545        1.47933        -2.17373        
4.716        -16.5885        1.47933        -2.17373        
4.74559        -16.6319        1.47933        -2.17373        
4.77517        -16.6754        1.47933        -2.17373        
4.80476        -16.7189        1.47933        -2.17373        
4.83435        -16.7624        1.47933        -2.17373        
4.86393        -16.8058        1.47933        -2.17373        
4.89352        -16.8493        1.47933        -2.17373        
4.92311        -16.8928        1.47933        -2.17373        
4.95269        -16.9363        1.47933        -2.17373        
4.98228        -16.9797        1.47933        -2.17373        
5.01187        -17.0232        1.47933        -2.17373        
5.04145        -17.0667        1.47933        -2.17373        
5.07104        -17.1102        1.47933        -2.17373        
5.10063        -17.1536        1.47933        -2.17373        
5.13021        -17.1971        1.47933        -2.17373        
5.1598        -17.2406        1.47933        -2.17373        
5.18939        -17.2841        1.47933        -2.17373        
5.21897        -17.3275        1.47933        -2.17373        
5.24856        -17.371        1.47933        -2.17373        
5.27815        -17.4145        1.47933        -2.17373        
5.30773        -17.4579        1.47933        -2.17373        
5.33732        -17.5014        1.47933        -2.17373        
5.36691        -17.5449        1.47933        -2.17373        
5.39649        -17.5884        1.47933        -2.17373        
5.42608        -17.6318        1.47933        -2.17373        
5.45567        -17.6753        1.47933        -2.17373        
5.48525        -17.7188        1.47933        -2.17373        
5.51484        -17.7623        1.47933        -2.17373        
5.54443        -17.8057        1.47933        -2.17373        
5.57401        -17.8492        1.47933        -2.17373        
5.6036        -17.8927        1.47933        -2.17373        
5.63319        -17.9362        1.47933        -2.17373        
5.66277        -17.9796        1.47933        -2.17373        
5.69236        -18.0231        1.47933        -2.17373        
5.72195        -18.0666        1.47933        -2.17373        
5.75153        -18.1101        1.47933        -2.17373        
5.78112        -18.1535        1.47933        -2.17373        
5.81071        -18.197        1.47933        -2.17373        
5.8403        -18.2405        1.47933        -2.17373        
5.86988        -18.284        1.47933        -2.17373        
5.89947        -18.3274        1.47933        -2.17373        
5.92906        -18.3709        1.47933        -2.17373        
5.95864        -18.4144        1.47933        -2.17373        
5.98823        -18.4579        1.47933        -2.17373        
6.01782        -18.5013        1.47933        -2.17373        
6.0474        -18.5448        1.47933        -2.17373        
6.07699        -18.5883        1.47933        -2.17373        
6.10658        -18.6318        1.47933        -2.17373        
6.13616        -18.6752        1.47933        -2.17373        
6.16575        -18.7187        1.47933        -2.17373        
6.19534        -18.7622        1.47933        -2.17373        
6.22492        -18.8057        1.47933        -2.17373        
6.25451        -18.8491        1.47933        -2.17373        
6.2841        -18.8926        1.47933        -2.17373        
6.31368        -18.9361        1.47933        -2.17373        
6.34327        -18.9796        1.47933        -2.17373        
6.37286        -19.023        1.47933        -2.17373        
6.40244        -19.0665        1.47933        -2.17373        
6.43203        -19.11        1.47933        -2.17373        
6.46162        -19.1535        1.47933        -2.17373        
6.4912        -19.1969        1.47933        -2.17373        
6.52079        -19.2404        1.47933        -2.17373        
6.55038        -19.2839        1.47933        -2.17373        
6.57996        -19.3274        1.47933        -2.17373        
6.60955        -19.3708        1.47933        -2.17373        
6.63914        -19.4143        1.47933        -2.17373        
6.66872        -19.4578        1.47933        -2.17373        
6.69831        -19.5013        1.47933        -2.17373        
6.7279        -19.5447        1.47933        -2.17373        
6.75748        -19.5882        1.47933        -2.17373        
6.78707        -19.6317        1.47933        -2.17373        
6.81666        -19.6752        1.47933        -2.17373        
6.84624        -19.7186        1.47933        -2.17373        
6.87583        -19.7621        1.47933        -2.17373        
6.90542        -19.8056        1.47933        -2.17373        
6.935        -19.8491        1.47933        -2.17373        
6.96459        -19.8925        1.47933        -2.17373        
6.99418        -19.936        1.47933        -2.17373        
7.02376        -19.9795        1.47933        -2.17373        
7.05335        -20.023        1.47933        -2.17373        
7.08294        -20.0664        1.47933        -2.17373        
7.11252        -20.1099        1.47933        -2.17373        
7.14211        -20.1534        1.47933        -2.17373        
7.1717        -20.1969        1.47933        -2.17373        
7.20128        -20.2403        1.47933        -2.17373        
7.23087        -20.2838        1.47933        -2.17373        
7.26046        -20.3273        1.47933        -2.17373        
7.29004        -20.3708        1.47933        -2.17373        
7.31963        -20.4142        1.47933        -2.17373        
7.34922        -20.4577        1.47933        -2.17373        
7.3788        -20.5012        1.47933        -2.17373        
7.40839        -20.5447        1.47933        -2.17373        
7.43798        -20.5881        1.47933        -2.17373        
7.46756        -20.6316        1.47933        -2.17373        
7.49715        -20.6751        1.47933        -2.17373        
7.52674        -20.7185        1.47933        -2.17373        
7.55632        -20.762        1.47933        -2.17373        
7.58591        -20.8055        1.47933        -2.17373        
7.6155        -20.849        1.47933        -2.17373        
7.64508        -20.8924        1.47933        -2.17373        
7.67467        -20.9359        1.47933        -2.17373        
7.70426        -20.9794        1.47933        -2.17373        
7.73384        -21.0229        1.47933        -2.17373        
7.76343        -21.0663        1.47933        -2.17373        
7.79302        -21.1098        1.47933        -2.17373        
7.8226        -21.1533        1.47933        -2.17373        
7.85219        -21.1968        1.47933        -2.17373        
7.88178        -21.2402        1.47933        -2.17373        
7.91136        -21.2837        1.47933        -2.17373        
7.94095        -21.3272        1.47933        -2.17373        
7.97054        -21.3707        1.47933        -2.17373        
8.00012        -21.4141        1.47933        -2.17373        
8.02971        -21.4576        1.47933        -2.17373        
8.0593        -21.5011        1.47933        -2.17373        
8.08888        -21.5446        1.47933        -2.17373        
8.11847        -21.588        1.47933        -2.17373        
8.14806        -21.6315        1.47933        -2.17373        
8.17764        -21.675        1.47933        -2.17373        
8.20723        -21.7185        1.47933        -2.17373        
8.23682        -21.7619        1.47933        -2.17373        
8.2664        -21.8054        1.47933        -2.17373        
8.29599        -21.8489        1.47933        -2.17373        
8.32558        -21.8924        1.47933        -2.17373        
8.35516        -21.9358        1.47933        -2.17373        
8.38475        -21.9793        1.47933        -2.17373        
8.41434        -22.0228        1.47933        -2.17373        
8.44392        -22.0663        1.47933        -2.17373        
8.47351        -22.1097        1.47933        -2.17373        
8.5031        -22.1532        1.47933        -2.17373        
8.53268        -22.1967        1.47933        -2.17373        
8.56227        -22.2402        1.47933        -2.17373        
8.59186        -22.2836        1.47933        -2.17373        
8.62144        -22.3271        1.47933        -2.17373        
8.65103        -22.3706        1.47933        -2.17373        
8.68062        -22.4141        1.47933        -2.17373        
8.7102        -22.4575        1.47933        -2.17373        
8.73979        -22.501        1.47933        -2.17373        
8.76938        -22.5445        1.47933        -2.17373        
8.79896        -22.588        1.47933        -2.17373        
8.82855        -22.6314        1.47933        -2.17373        
8.85814        -22.6749        1.47933        -2.17373        
8.88772        -22.7184        1.47933        -2.17373        
8.91731        -22.7619        1.47933        -2.17373        
8.9469        -22.8053        1.47933        -2.17373        
8.97648        -22.8488        1.47933        -2.17373        
9.00607        -22.8923        1.47933        -2.17373        
9.03566        -22.9358        1.47933        -2.17373        
9.06524        -22.9792        1.47933        -2.17373        
9.09483        -23.0227        1.47933        -2.17373        
9.12442        -23.0662        1.47933        -2.17373        
9.154        -23.1097        1.47933        -2.17373        
9.18359        -23.1531        1.47933        -2.17373        
9.21318        -23.1966        1.47933        -2.17373        
9.24276        -23.2401        1.47933        -2.17373        
9.27235        -23.2836        1.47933        -2.17373        
9.30194        -23.327        1.47933        -2.17373        
9.33152        -23.3705        1.47933        -2.17373        
9.36111        -23.414        1.47933        -2.17373        
9.3907        -23.4575        1.47933        -2.17373        
9.42028        -23.5009        1.47933        -2.17373        
9.44987        -23.5444        1.47933        -2.17373        
9.47946        -23.5879        1.47933        -2.17373        
9.50904        -23.6314        1.47933        -2.17373        
9.53863        -23.6748        1.47933        -2.17373        
9.56822        -23.7183        1.47933        -2.17373        
9.5978        -23.7618        1.47933        -2.17373        
9.62739        -23.8053        1.47933        -2.17373        
9.65698        -23.8487        1.47933        -2.17373        
9.68656        -23.8922        1.47933        -2.17373        
9.71615        -23.9357        1.47933        -2.17373        
9.74574        -23.9791        1.47933        -2.17373        
9.77532        -24.0226        1.47933        -2.17373        
9.80491        -24.0661        1.47933        -2.17373        
9.8345        -24.1096        1.47933        -2.17373        
9.86408        -24.153        1.47933        -2.17373        
9.89367        -24.1965        1.47933        -2.17373        
9.92326        -24.24        1.47933        -2.17373        
9.95284        -24.2835        1.47933        -2.17373        
9.98243        -24.3269        1.47933        -2.17373        
10.012        -24.3704        1.47933        -2.17373        
10.0416        -24.4139        1.47933        -2.17373        
10.0712        -24.4574        1.47933        -2.17373        
10.1008        -24.5008        1.47933        -2.17373        
10.1304        -24.5443        1.47933        -2.17373        
10.16        -24.5878        1.47933        -2.17373        
10.1895        -24.6313        1.47933        -2.17373        
10.2191        -24.6747        1.47933        -2.17373        
10.2487        -24.7182        1.47933        -2.17373        
10.2783        -24.7617        1.47933        -2.17373        
10.3079        -24.8052        1.47933        -2.17373        
10.3375        -24.8486        1.47933        -2.17373        
10.3671        -24.8921        1.47933        -2.17373        
10.3966        -24.9356        1.47933        -2.17373        
10.4262        -24.9791        1.47933        -2.17373        
10.4558        -25.0225        1.47933        -2.17373        
10.4854        -25.066        1.47933        -2.17373        
10.515        -25.1095        1.47933        -2.17373        
10.5446        -25.153        1.47933        -2.17373        
10.5742        -25.1964        1.47933        -2.17373        
10.6038        -25.2399        1.47933        -2.17373        
10.6333        -25.2834        1.47933        -2.17373        
10.6629        -25.3269        1.47933        -2.17373        
10.6925        -25.3703        1.47933        -2.17373        
10.7221        -25.4138        1.47933        -2.17373        
10.7517        -25.4573        1.47933        -2.17373        
10.7813        -25.5008        1.47933        -2.17373        
10.8109        -25.5442        1.47933        -2.17373        
10.8404        -25.5877        1.47933        -2.17373        
10.87        -25.6312        1.47933        -2.17373        
10.8996        -25.6747        1.47933        -2.17373        
10.9292        -25.7181        1.47933        -2.17373        
10.9588        -25.7616        1.47933        -2.17373        
10.9884        -25.8051        1.47933        -2.17373        
11.018        -25.8486        1.47933        -2.17373        
11.0476        -25.892        1.47933        -2.17373        
11.0771        -25.9355        1.47933        -2.17373        
11.1067        -25.979        1.47933        -2.17373        
11.1363        -26.0225        1.47933        -2.17373        
11.1659        -26.0659        1.47933        -2.17373        
11.1955        -26.1094        1.47933        -2.17373        
11.2251        -26.1529        1.47933        -2.17373        
11.2547        -26.1964        1.47933        -2.17373        
11.2842        -26.2398        1.47933        -2.17373        
11.3138        -26.2833        1.47933        -2.17373        
11.3434        -26.3268        1.47933        -2.17373        
11.373        -26.3703        1.47933        -2.17373        
11.4026        -26.4137        1.47933        -2.17373        
11.4322        -26.4572        1.47933        -2.17373        
11.4618        -26.5007        1.47933        -2.17373        
11.4914        -26.5442        1.47933        -2.17373        
11.5209        -26.5876        1.47933        -2.17373        
11.5505        -26.6311        1.47933        -2.17373        
11.5801        -26.6746        1.47933        -2.17373        
11.6097        -26.7181        1.47933        -2.17373        
11.6393        -26.7615        1.47933        -2.17373        
11.6689        -26.805        1.47933        -2.17373        
11.6985        -26.8485        1.47933        -2.17373        
11.728        -26.892        1.47933        -2.17373        
11.7576        -26.9354        1.47933        -2.17373        
11.7872        -26.9789        1.47933        -2.17373        
11.8168        -27.0224        1.47933        -2.17373        
11.8464        -27.0659        1.47933        -2.17373        
11.876        -27.1093        1.47933        -2.17373        
11.9056        -27.1528        1.47933        -2.17373        
11.9352        -27.1963        1.47933        -2.17373        
11.9647        -27.2397        1.47933        -2.17373        
11.9943        -27.2832        1.47933        -2.17373        
12.0239        -27.3267        1.47933        -2.17373        
12.0535        -27.3702        1.47933        -2.17373        
12.0831        -27.4136        1.47933        -2.17373        
12.1127        -27.4571        1.47933        -2.17373        
12.1423        -27.5006        1.47933        -2.17373        
12.1718        -27.5441        1.47933        -2.17373        
12.2014        -27.5875        1.47933        -2.17373        
12.231        -27.631        1.47933        -2.17373        
12.2606        -27.6745        1.47933        -2.17373        
12.2902        -27.718        1.47933        -2.17373        
12.3198        -27.7614        1.47933        -2.17373        
12.3494        -27.8049        1.47933        -2.17373        
12.379        -27.8484        1.47933        -2.17373        
12.4085        -27.8919        1.47933        -2.17373        
12.4381        -27.9353        1.47933        -2.17373        
12.4677        -27.9788        1.47933        -2.17373        
12.4973        -28.0223        1.47933        -2.17373        
12.5269        -28.0658        1.47933        -2.17373        
12.5565        -28.1092        1.47933        -2.17373        
12.5861        -28.1527        1.47933        -2.17373        
12.6156        -28.1962        1.47933        -2.17373        
12.6452        -28.2397        1.47933        -2.17373        
12.6748        -28.2831        1.47933        -2.17373        
12.7044        -28.3266        1.47933        -2.17373        
12.734        -28.3701        1.47933        -2.17373        
12.7636        -28.4136        1.47933        -2.17373        
12.7932        -28.457        1.47933        -2.17373        
12.8228        -28.5005        1.47933        -2.17373        
12.8523        -28.544        1.47933        -2.17373        
12.8819        -28.5875        1.47933        -2.17373        
12.9115        -28.6309        1.47933        -2.17373        
12.9411        -28.6744        1.47933        -2.17373        
12.9707        -28.7179        1.47933        -2.17373        
13.0003        -28.7614        1.47933        -2.17373        
13.0299        -28.8048        1.47933        -2.17373        
13.0594        -28.8483        1.47933        -2.17373        
13.089        -28.8918        1.47933        -2.17373        
13.1186        -28.9353        1.47933        -2.17373        
13.1482        -28.9787        1.47933        -2.17373        
13.1778        -29.0222        1.47933        -2.17373        
13.2074        -29.0657        1.47933        -2.17373        
13.237        -29.1092        1.47933        -2.17373        
13.2666        -29.1526        1.47933        -2.17373        
13.2961        -29.1961        1.47933        -2.17373        
13.3257        -29.2396        1.47933        -2.17373        
13.3553        -29.2831        1.47933        -2.17373        
13.3849        -29.3265        1.47933        -2.17373        
13.4145        -29.37        1.47933        -2.17373        
13.4441        -29.4135        1.47933        -2.17373        
13.4737        -29.457        1.47933        -2.17373        
13.5032        -29.5004        1.47933        -2.17373        
13.5328        -29.5439        1.47933        -2.17373        
13.5624        -29.5874        1.47933        -2.17373        
13.592        -29.6309        1.47933        -2.17373        
13.6216        -29.6743        1.47933        -2.17373        
13.6512        -29.7178        1.47933        -2.17373        
13.6808        -29.7613        1.47933        -2.17373        
13.7104        -29.8048        1.47933        -2.17373        
13.7399        -29.8482        1.47933        -2.17373        
13.7695        -29.8917        1.47933        -2.17373        
13.7991        -29.9352        1.47933        -2.17373        
13.8287        -29.9787        1.47933        -2.17373        
13.8583        -30.0221        1.47933        -2.17373        
13.8879        -30.0656        1.47933        -2.17373        
13.9175        -30.1091        1.47933        -2.17373        
13.947        -30.1526        1.47933        -2.17373        
13.9766        -30.196        1.47933        -2.17373        
14.0062        -30.2395        1.47933        -2.17373        
14.0358        -30.283        1.47933        -2.17373        
14.0654        -30.3265        1.47933        -2.17373        
14.095        -30.3699        1.47933        -2.17373        
14.1246        -30.4134        1.47933        -2.17373        
14.1542        -30.4569        1.47933        -2.17373        
14.1837        -30.5003        1.47933        -2.17373        
14.2133        -30.5438        1.47933        -2.17373        
14.2429        -30.5873        1.47933        -2.17373        
14.2725        -30.6308        1.47933        -2.17373        
14.3021        -30.6742        1.47933        -2.17373        
14.3317        -30.7177        1.47933        -2.17373        
14.3613        -30.7612        1.47933        -2.17373        
14.3908        -30.8047        1.47933        -2.17373        
14.4204        -30.8481        1.47933        -2.17373        
14.45        -30.8916        1.47933        -2.17373        
14.4796        -30.9351        1.47933        -2.17373        
14.5092        -30.9786        1.47933        -2.17373        
14.5388        -31.022        1.47933        -2.17373        
14.5684        -31.0655        1.47933        -2.17373        
14.598        -31.109        1.47933        -2.17373        
14.6275        -31.1525        1.47933        -2.17373        
14.6571        -31.1959        1.47933        -2.17373        
14.6867        -31.2394        1.47933        -2.17373        
14.7163        -31.2829        1.47933        -2.17373        
14.7459        -31.3264        1.47933        -2.17373        
14.7755        -31.3698        1.47933        -2.17373        
14.8051        -31.4133        1.47933        -2.17373        
14.8346        -31.4568        1.47933        -2.17373        
14.8642        -31.5003        1.47933        -2.17373        
14.8938        -31.5437        1.47933        -2.17373        
14.9234        -31.5872        1.47933        -2.17373        
14.953        -31.6307        1.47933        -2.17373        
14.9826        -31.6742        1.47933        -2.17373        
15.0122        -31.7176        1.47933        -2.17373        
15.0418        -31.7611        1.47933        -2.17373        
15.0713        -31.8046        1.47933        -2.17373        
15.1009        -31.8481        1.47933        -2.17373        
15.1305        -31.8915        1.47933        -2.17373        
15.1601        -31.935        1.47933        -2.17373        
15.1897        -31.9785        1.47933        -2.17373        
15.2193        -32.022        1.47933        -2.17373        
15.2489        -32.0654        1.47933        -2.17373        
15.2784        -32.1089        1.47933        -2.17373        
15.308        -32.1524        1.47933        -2.17373        
15.3376        -32.1959        1.47933        -2.17373        
15.3672        -32.2393        1.47933        -2.17373        
15.3968        -32.2828        1.47933        -2.17373        
15.4264        -32.3263        1.47933        -2.17373        
15.456        -32.3698        1.47933        -2.17373        
15.4856        -32.4132        1.47933        -2.17373        
15.5151        -32.4567        1.47933        -2.17373        
15.5447        -32.5002        1.47933        -2.17373        
15.5743        -32.5437        1.47933        -2.17373        
15.6039        -32.5871        1.47933        -2.17373        
15.6335        -32.6306        1.47933        -2.17373        
15.6631        -32.6741        1.47933        -2.17373        
15.6927        -32.7176        1.47933        -2.17373        
15.7222        -32.761        1.47933        -2.17373        
15.7518        -32.8045        1.47933        -2.17373        
15.7814        -32.848        1.47933        -2.17373        
15.811        -32.8915        1.47933        -2.17373        
15.8406        -32.9349        1.47933        -2.17373        
15.8702        -32.9784        1.47933        -2.17373        
15.8998        -33.0219        1.47933        -2.17373        
15.9294        -33.0654        1.47933        -2.17373        
15.9589        -33.1088        1.47933        -2.17373        
15.9885        -33.1523        1.47933        -2.17373        
16.0181        -33.1958        1.47933        -2.17373        
16.0477        -33.2393        1.47933        -2.17373        
16.0773        -33.2827        1.47933        -2.17373        
16.1069        -33.3262        1.47933        -2.17373        
16.1365        -33.3697        1.47933        -2.17373        
16.166        -33.4132        1.47933        -2.17373        
16.1956        -33.4566        1.47933        -2.17373        
16.2252        -33.5001        1.47933        -2.17373        
16.2548        -33.5436        1.47933        -2.17373        
16.2844        -33.587        1.47933        -2.17373        
16.314        -33.6305        1.47933        -2.17373        
16.3436        -33.674        1.47933        -2.17373        
16.3732        -33.7175        1.47933        -2.17373        
16.4027        -33.7609        1.47933        -2.17373        
16.4323        -33.8044        1.47933        -2.17373        
16.4619        -33.8479        1.47933        -2.17373        
16.4915        -33.8914        1.47933        -2.17373        
16.5211        -33.9348        1.47933        -2.17373        
16.5507        -33.9783        1.47933        -2.17373        
16.5803        -34.0218        1.47933        -2.17373        
16.6098        -34.0653        1.47933        -2.17373        
16.6394        -34.1087        1.47933        -2.17373        
16.669        -34.1522        1.47933        -2.17373        
16.6986        -34.1957        1.47933        -2.17373        
16.7282        -34.2392        1.47933        -2.17373        
16.7578        -34.2826        1.47933        -2.17373        
16.7874        -34.3261        1.47933        -2.17373        
16.817        -34.3696        1.47933        -2.17373        
16.8465        -34.4131        1.47933        -2.17373        
16.8761        -34.4565        1.47933        -2.17373        
16.9057        -34.5        1.47933        -2.17373        
16.9353        -34.5435        1.47933        -2.17373        
16.9649        -34.587        1.47933        -2.17373        
16.9945        -34.6304        1.47933        -2.17373        
17.0241        -34.6739        1.47933        -2.17373        
17.0536        -34.7174        1.47933        -2.17373        
17.0832        -34.7609        1.47933        -2.17373        
17.1128        -34.8043        1.47933        -2.17373        
17.1424        -34.8478        1.47933        -2.17373        
17.172        -34.8913        1.47933        -2.17373        
17.2016        -34.9348        1.47933        -2.17373        
17.2312        -34.9782        1.47933        -2.17373        
17.2608        -35.0217        1.47933        -2.17373        
17.2903        -35.0652        1.47933        -2.17373        
17.3199        -35.1087        1.47933        -2.17373        
17.3495        -35.1521        1.47933        -2.17373        
17.3791        -35.1956        1.47933        -2.17373        
17.4087        -35.2391        1.47933        -2.17373        
17.4383        -35.2826        1.47933        -2.17373        
17.4679        -35.326        1.47933        -2.17373        
17.4974        -35.3695        1.47933        -2.17373        
17.527        -35.413        1.47933        -2.17373        
17.5566        -35.4565        1.47933        -2.17373        
17.5862        -35.4999        1.47933        -2.17373        
17.6158        -35.5434        1.47933        -2.17373        
17.6454        -35.5869        1.47933        -2.17373        
17.675        -35.6304        1.47933        -2.17373        
17.7046        -35.6738        1.47933        -2.17373        
17.7341        -35.7173        1.47933        -2.17373        
17.7637        -35.7608        1.47933        -2.17373        
17.7933        -35.8043        1.47933        -2.17373        
17.8229        -35.8477        1.47933        -2.17373        
17.8525        -35.8912        1.47933        -2.17373        
17.8821        -35.9347        1.47933        -2.17373        
17.9117        -35.9782        1.47933        -2.17373        
17.9412        -36.0216        1.47933        -2.17373        
17.9708        -36.0651        1.47933        -2.17373        
18.0004        -36.1086        1.47933        -2.17373        
18.03        -36.1521        1.47933        -2.17373        
18.0596        -36.1955        1.47933        -2.17373        
18.0892        -36.239        1.47933        -2.17373        
18.1188        -36.2825        1.47933        -2.17373        
18.1484        -36.326        1.47933        -2.17373        
18.1779        -36.3694        1.47933        -2.17373        
18.2075        -36.4129        1.47933        -2.17373        
18.2371        -36.4564        1.47933        -2.17373        
18.2667        -36.4999        1.47933        -2.17373        
18.2963        -36.5433        1.47933        -2.17373        
18.3259        -36.5868        1.47933        -2.17373        
18.3555        -36.6303        1.47933        -2.17373        
18.385        -36.6738        1.47933        -2.17373        
18.4146        -36.7172        1.47933        -2.17373        
18.4442        -36.7607        1.47933        -2.17373        
18.4738        -36.8042        1.47933        -2.17373        
18.5034        -36.8476        1.47933        -2.17373        
18.533        -36.8911        1.47933        -2.17373        
18.5626        -36.9346        1.47933        -2.17373        
18.5922        -36.9781        1.47933        -2.17373        
18.6217        -37.0215        1.47933        -2.17373        
18.6513        -37.065        1.47933        -2.17373        
18.6809        -37.1085        1.47933        -2.17373        
18.7105        -37.152        1.47933        -2.17373        
18.7401        -37.1954        1.47933        -2.17373        
18.7697        -37.2389        1.47933        -2.17373        
18.7993        -37.2824        1.47933        -2.17373        
18.8288        -37.3259        1.47933        -2.17373        
18.8584        -37.3693        1.47933        -2.17373        
18.888        -37.4128        1.47933        -2.17373        
18.9176        -37.4563        1.47933        -2.17373        
18.9472        -37.4998        1.47933        -2.17373        
18.9768        -37.5432        1.47933        -2.17373        
19.0064        -37.5867        1.47933        -2.17373        
19.036        -37.6302        1.47933        -2.17373        
19.0655        -37.6737        1.47933        -2.17373        
19.0951        -37.7171        1.47933        -2.17373        
19.1247        -37.7606        1.47933        -2.17373        
19.1543        -37.8041        1.47933        -2.17373        
19.1839        -37.8476        1.47933        -2.17373        
19.2135        -37.891        1.47933        -2.17373        
19.2431        -37.9345        1.47933        -2.17373        
19.2726        -37.978        1.47933        -2.17373        
19.3022        -38.0215        1.47933        -2.17373        
19.3318        -38.0649        1.47933        -2.17373        
19.3614        -38.1084        1.47933        -2.17373        
19.391        -38.1519        1.47933        -2.17373        
19.4206        -38.1954        1.47933        -2.17373        
19.4502        -38.2388        1.47933        -2.17373        
19.4798        -38.2823        1.47933        -2.17373        
19.5093        -38.3258        1.47933        -2.17373        
19.5389        -38.3693        1.47933        -2.17373        
19.5685        -38.4127        1.47933        -2.17373        
19.5981        -38.4562        1.47933        -2.17373        
19.6277        -38.4997        1.47933        -2.17373        
19.6573        -38.5432        1.47933        -2.17373        
19.6869        -38.5866        1.47933        -2.17373        
19.7165        -38.6301        1.47933        -2.17373        
19.746        -38.6736        1.47933        -2.17373        
19.7756        -38.7171        1.47933        -2.17373        
19.8052        -38.7605        1.47933        -2.17373        
19.8348        -38.804        1.47933        -2.17373        
19.8644        -38.8475        1.47933        -2.17373        
19.894        -38.891        1.47933        -2.17373        
19.9236        -38.9344        1.47933        -2.17373        
19.9531        -38.9779        1.47933        -2.17373        
19.9827        -39.0214        1.47933        -2.17373        
20.0123        -39.0649        1.47933        -2.17373        
20.0419        -39.1083        1.47933        -2.17373        
20.0715        -39.1518        1.47933        -2.17373        
20.1011        -39.1953        1.47933        -2.17373        
20.1307        -39.2388        1.47933        -2.17373        
20.1603        -39.2822        1.47933        -2.17373        
20.1898        -39.3257        1.47933        -2.17373        
20.2194        -39.3692        1.47933        -2.17373        
20.249        -39.4127        1.47933        -2.17373        
20.2786        -39.4561        1.47933        -2.17373        
20.3082        -39.4996        1.47933        -2.17373        
20.3378        -39.5431        1.47933        -2.17373        
20.3674        -39.5866        1.47933        -2.17373        
20.3969        -39.63        1.47933        -2.17373        
20.4265        -39.6735        1.47933        -2.17373        
20.4561        -39.717        1.47933        -2.17373        
20.4857        -39.7605        1.47933        -2.17373        
20.5153        -39.8039        1.47933        -2.17373        
20.5449        -39.8474        1.47933        -2.17373        
20.5745        -39.8909        1.47933        -2.17373        
20.6041        -39.9344        1.47933        -2.17373        
20.6336        -39.9778        1.47933        -2.17373        
20.6632        -40.0213        1.47933        -2.17373        
20.6928        -40.0648        1.47933        -2.17373        
20.7224        -40.1082        1.47933        -2.17373        
20.752        -40.1517        1.47933        -2.17373        
20.7816        -40.1952        1.47933        -2.17373        
20.8112        -40.2387        1.47933        -2.17373        
20.8407        -40.2821        1.47933        -2.17373        
20.8703        -40.3256        1.47933        -2.17373        
20.8999        -40.3691        1.47933        -2.17373        
20.9295        -40.4126        1.47933        -2.17373        
20.9591        -40.456        1.47933        -2.17373        
20.9887        -40.4995        1.47933        -2.17373        
21.0183        -40.543        1.47933        -2.17373        
21.0479        -40.5865        1.47933        -2.17373        
21.0774        -40.6299        1.47933        -2.17373        
21.107        -40.6734        1.47933        -2.17373        
21.1366        -40.7169        1.47933        -2.17373        
21.1662        -40.7604        1.47933        -2.17373        
21.1958        -40.8038        1.47933        -2.17373        
21.2254        -40.8473        1.47933        -2.17373        
21.255        -40.8908        1.47933        -2.17373        
21.2845        -40.9343        1.47933        -2.17373        
21.3141        -40.9777        1.47933        -2.17373        
21.3437        -41.0212        1.47933        -2.17373        
21.3733        -41.0647        1.47933        -2.17373        
21.4029        -41.1082        1.47933        -2.17373        
21.4325        -41.1516        1.47933        -2.17373        
21.4621        -41.1951        1.47933        -2.17373        
21.4917        -41.2386        1.47933        -2.17373        
21.5212        -41.2821        1.47933        -2.17373        
21.5508        -41.3255        1.47933        -2.17373        
21.5804        -41.369        1.47933        -2.17373        
21.61        -41.4125        1.47933        -2.17373        
21.6396        -41.456        1.47933        -2.17373        
21.6692        -41.4994        1.47933        -2.17373        
21.6988        -41.5429        1.47933        -2.17373        
21.7283        -41.5864        1.47933        -2.17373        
21.7579        -41.6299        1.47933        -2.17373        
21.7875        -41.6733        1.47933        -2.17373        
21.8171        -41.7168        1.47933        -2.17373        
21.8467        -41.7603        1.47933        -2.17373        
21.8763        -41.8038        1.47933        -2.17373        
21.9059        -41.8472        1.47933        -2.17373        
21.9355        -41.8907        1.47933        -2.17373        
21.965        -41.9342        1.47933        -2.17373        
21.9946        -41.9777        1.47933        -2.17373        
22.0242        -42.0211        1.47933        -2.17373        
22.0538        -42.0646        1.47933        -2.17373        
22.0834        -42.1081        1.47933        -2.17373        
22.113        -42.1516        1.47933        -2.17373        
22.1426        -42.195        1.47933        -2.17373        
22.1721        -42.2385        1.47933        -2.17373        
22.2017        -42.282        1.47933        -2.17373        
22.2313        -42.3255        1.47933        -2.17373        
22.2609        -42.3689        1.47933        -2.17373        
22.2905        -42.4124        1.47933        -2.17373        
22.3201        -42.4559        1.47933        -2.17373        
22.3497        -42.4994        1.47933        -2.17373        
22.3793        -42.5428        1.47933        -2.17373        
22.4088        -42.5863        1.47933        -2.17373        
22.4384        -42.6298        1.47933        -2.17373        
22.468        -42.6733        1.47933        -2.17373        
22.4976        -42.7167        1.47933        -2.17373        
22.5272        -42.7602        1.47933        -2.17373        
22.5568        -42.8037        1.47933        -2.17373        
22.5864        -42.8472        1.47933        -2.17373        
22.6159        -42.8906        1.47933        -2.17373        
22.6455        -42.9341        1.47933        -2.17373        
22.6751        -42.9776        1.47933        -2.17373        
22.7047        -43.0211        1.47933        -2.17373        
22.7343        -43.0645        1.47933        -2.17373        
22.7639        -43.108        1.47933        -2.17373        
22.7935        -43.1515        1.47933        -2.17373        
22.8231        -43.195        1.47933        -2.17373        
22.8526        -43.2384        1.47933        -2.17373        
22.8822        -43.2819        1.47933        -2.17373        
22.9118        -43.3254        1.47933        -2.17373        
22.9414        -43.3688        1.47933        -2.17373        
22.971        -43.4123        1.47933        -2.17373        
23.0006        -43.4558        1.47933        -2.17373        
23.0302        -43.4993        1.47933        -2.17373        
23.0597        -43.5427        1.47933        -2.17373        
23.0893        -43.5862        1.47933        -2.17373        
23.1189        -43.6297        1.47933        -2.17373        
23.1485        -43.6732        1.47933        -2.17373        
23.1781        -43.7166        1.47933        -2.17373        
23.2077        -43.7601        1.47933        -2.17373        
23.2373        -43.8036        1.47933        -2.17373        
23.2669        -43.8471        1.47933        -2.17373        
23.2964        -43.8905        1.47933        -2.17373        
23.326        -43.934        1.47933        -2.17373        
23.3556        -43.9775        1.47933        -2.17373        
23.3852        -44.021        1.47933        -2.17373        
23.4148        -44.0644        1.47933        -2.17373        
23.4444        -44.1079        1.47933        -2.17373        
23.474        -44.1514        1.47933        -2.17373        
23.5035        -44.1949        1.47933        -2.17373        
23.5331        -44.2383        1.47933        -2.17373        
23.5627        -44.2818        1.47933        -2.17373        
23.5923        -44.3253        1.47933        -2.17373        
23.6219        -44.3688        1.47933        -2.17373        
23.6515        -44.4122        1.47933        -2.17373        
23.6811        -44.4557        1.47933        -2.17373        
23.7107        -44.4992        1.47933        -2.17373        
23.7402        -44.5427        1.47933        -2.17373        
23.7698        -44.5861        1.47933        -2.17373        
23.7994        -44.6296        1.47933        -2.17373        
23.829        -44.6731        1.47933        -2.17373        
23.8586        -44.7166        1.47933        -2.17373        
23.8882        -44.76        1.47933        -2.17373        
23.9178        -44.8035        1.47933        -2.17373        
23.9473        -44.847        1.47933        -2.17373        
23.9769        -44.8905        1.47933        -2.17373        
24.0065        -44.9339        1.47933        -2.17373        
24.0361        -44.9774        1.47933        -2.17373        
24.0657        -45.0209        1.47933        -2.17373        
24.0953        -45.0644        1.47933        -2.17373        
24.1249        -45.1078        1.47933        -2.17373        
24.1545        -45.1513        1.47933        -2.17373        
24.184        -45.1948        1.47933        -2.17373        
24.2136        -45.2383        1.47933        -2.17373        
24.2432        -45.2817        1.47933        -2.17373        
24.2728        -45.3252        1.47933        -2.17373        
24.3024        -45.3687        1.47933        -2.17373        
24.332        -45.4122        1.47933        -2.17373        
24.3616        -45.4556        1.47933        -2.17373        
24.3911        -45.4991        1.47933        -2.17373        
24.4207        -45.5426        1.47933        -2.17373        
24.4503        -45.5861        1.47933        -2.17373        
24.4799        -45.6295        1.47933        -2.17373        
24.5095        -45.673        1.47933        -2.17373        
24.5391        -45.7165        1.47933        -2.17373        
24.5687        -45.76        1.47933        -2.17373        
24.5983        -45.8034        1.47933        -2.17373        
24.6278        -45.8469        1.47933        -2.17373        
24.6574        -45.8904        1.47933        -2.17373        
24.687        -45.9339        1.47933        -2.17373        
24.7166        -45.9773        1.47933        -2.17373        
24.7462        -46.0208        1.47933        -2.17373        
24.7758        -46.0643        1.47933        -2.17373        
24.8054        -46.1078        1.47933        -2.17373        
24.8349        -46.1512        1.47933        -2.17373        
24.8645        -46.1947        1.47933        -2.17373        
24.8941        -46.2382        1.47933        -2.17373        
24.9237        -46.2817        1.47933        -2.17373        
24.9533        -46.3251        1.47933        -2.17373        
24.9829        -46.3686        1.47933        -2.17373        
