Euler algorithm (2D)
mars (x, y, vx, vy)
Timestep: 20 years

-1.60064        0.451266        -1.17934        -4.48585        
-1.62422        0.361549        -1.17934        -4.48585        
-1.64781        0.271833        -1.17934        -4.48585        
-1.6714        0.182116        -1.17934        -4.48585        
-1.69498        0.0923988        -1.17934        -4.48585        
-1.71857        0.00268186        -1.17934        -4.48585        
-1.74216        -0.087035        -1.17934        -4.48585        
-1.76574        -0.176752        -1.17934        -4.48585        
-1.78933        -0.266469        -1.17934        -4.48585        
-1.81292        -0.356186        -1.17934        -4.48585        
-1.8365        -0.445903        -1.17934        -4.48585        
-1.86009        -0.53562        -1.17934        -4.48585        
-1.88368        -0.625336        -1.17934        -4.48585        
-1.90726        -0.715053        -1.17934        -4.48585        
-1.93085        -0.80477        -1.17934        -4.48585        
-1.95444        -0.894487        -1.17934        -4.48585        
-1.97802        -0.984204        -1.17934        -4.48585        
-2.00161        -1.07392        -1.17934        -4.48585        
-2.0252        -1.16364        -1.17934        -4.48585        
-2.04878        -1.25335        -1.17934        -4.48585        
-2.07237        -1.34307        -1.17934        -4.48585        
-2.09596        -1.43279        -1.17934        -4.48585        
-2.11954        -1.52251        -1.17934        -4.48585        
-2.14313        -1.61222        -1.17934        -4.48585        
-2.16672        -1.70194        -1.17934        -4.48585        
-2.19031        -1.79166        -1.17934        -4.48585        
-2.21389        -1.88137        -1.17934        -4.48585        
-2.23748        -1.97109        -1.17934        -4.48585        
-2.26107        -2.06081        -1.17934        -4.48585        
-2.28465        -2.15052        -1.17934        -4.48585        
-2.30824        -2.24024        -1.17934        -4.48585        
-2.33183        -2.32996        -1.17934        -4.48585        
-2.35541        -2.41967        -1.17934        -4.48585        
-2.379        -2.50939        -1.17934        -4.48585        
-2.40259        -2.59911        -1.17934        -4.48585        
-2.42617        -2.68883        -1.17934        -4.48585        
-2.44976        -2.77854        -1.17934        -4.48585        
-2.47335        -2.86826        -1.17934        -4.48585        
-2.49693        -2.95798        -1.17934        -4.48585        
-2.52052        -3.04769        -1.17934        -4.48585        
-2.54411        -3.13741        -1.17934        -4.48585        
-2.56769        -3.22713        -1.17934        -4.48585        
-2.59128        -3.31684        -1.17934        -4.48585        
-2.61487        -3.40656        -1.17934        -4.48585        
-2.63845        -3.49628        -1.17934        -4.48585        
-2.66204        -3.58599        -1.17934        -4.48585        
-2.68563        -3.67571        -1.17934        -4.48585        
-2.70921        -3.76543        -1.17934        -4.48585        
-2.7328        -3.85514        -1.17934        -4.48585        
-2.75639        -3.94486        -1.17934        -4.48585        
-2.77997        -4.03458        -1.17934        -4.48585        
-2.80356        -4.1243        -1.17934        -4.48585        
-2.82715        -4.21401        -1.17934        -4.48585        
-2.85073        -4.30373        -1.17934        -4.48585        
-2.87432        -4.39345        -1.17934        -4.48585        
-2.89791        -4.48316        -1.17934        -4.48585        
-2.92149        -4.57288        -1.17934        -4.48585        
-2.94508        -4.6626        -1.17934        -4.48585        
-2.96867        -4.75231        -1.17934        -4.48585        
-2.99225        -4.84203        -1.17934        -4.48585        
-3.01584        -4.93175        -1.17934        -4.48585        
-3.03943        -5.02146        -1.17934        -4.48585        
-3.06301        -5.11118        -1.17934        -4.48585        
-3.0866        -5.2009        -1.17934        -4.48585        
-3.11019        -5.29062        -1.17934        -4.48585        
-3.13377        -5.38033        -1.17934        -4.48585        
-3.15736        -5.47005        -1.17934        -4.48585        
-3.18095        -5.55977        -1.17934        -4.48585        
-3.20453        -5.64948        -1.17934        -4.48585        
-3.22812        -5.7392        -1.17934        -4.48585        
-3.25171        -5.82892        -1.17934        -4.48585        
-3.27529        -5.91863        -1.17934        -4.48585        
-3.29888        -6.00835        -1.17934        -4.48585        
-3.32247        -6.09807        -1.17934        -4.48585        
-3.34605        -6.18778        -1.17934        -4.48585        
-3.36964        -6.2775        -1.17934        -4.48585        
-3.39323        -6.36722        -1.17934        -4.48585        
-3.41682        -6.45694        -1.17934        -4.48585        
-3.4404        -6.54665        -1.17934        -4.48585        
-3.46399        -6.63637        -1.17934        -4.48585        
-3.48758        -6.72609        -1.17934        -4.48585        
-3.51116        -6.8158        -1.17934        -4.48585        
-3.53475        -6.90552        -1.17934        -4.48585        
-3.55834        -6.99524        -1.17934        -4.48585        
-3.58192        -7.08495        -1.17934        -4.48585        
-3.60551        -7.17467        -1.17934        -4.48585        
-3.6291        -7.26439        -1.17934        -4.48585        
-3.65268        -7.3541        -1.17934        -4.48585        
-3.67627        -7.44382        -1.17934        -4.48585        
-3.69986        -7.53354        -1.17934        -4.48585        
-3.72344        -7.62325        -1.17934        -4.48585        
-3.74703        -7.71297        -1.17934        -4.48585        
-3.77062        -7.80269        -1.17934        -4.48585        
-3.7942        -7.89241        -1.17934        -4.48585        
-3.81779        -7.98212        -1.17934        -4.48585        
-3.84138        -8.07184        -1.17934        -4.48585        
-3.86496        -8.16156        -1.17934        -4.48585        
-3.88855        -8.25127        -1.17934        -4.48585        
-3.91214        -8.34099        -1.17934        -4.48585        
-3.93572        -8.43071        -1.17934        -4.48585        
-3.95931        -8.52042        -1.17934        -4.48585        
-3.9829        -8.61014        -1.17934        -4.48585        
-4.00648        -8.69986        -1.17934        -4.48585        
-4.03007        -8.78957        -1.17934        -4.48585        
-4.05366        -8.87929        -1.17934        -4.48585        
-4.07724        -8.96901        -1.17934        -4.48585        
-4.10083        -9.05873        -1.17934        -4.48585        
-4.12442        -9.14844        -1.17934        -4.48585        
-4.148        -9.23816        -1.17934        -4.48585        
-4.17159        -9.32788        -1.17934        -4.48585        
-4.19518        -9.41759        -1.17934        -4.48585        
-4.21876        -9.50731        -1.17934        -4.48585        
-4.24235        -9.59703        -1.17934        -4.48585        
-4.26594        -9.68674        -1.17934        -4.48585        
-4.28952        -9.77646        -1.17934        -4.48585        
-4.31311        -9.86618        -1.17934        -4.48585        
-4.3367        -9.95589        -1.17934        -4.48585        
-4.36028        -10.0456        -1.17934        -4.48585        
-4.38387        -10.1353        -1.17934        -4.48585        
-4.40746        -10.225        -1.17934        -4.48585        
-4.43104        -10.3148        -1.17934        -4.48585        
-4.45463        -10.4045        -1.17934        -4.48585        
-4.47822        -10.4942        -1.17934        -4.48585        
-4.5018        -10.5839        -1.17934        -4.48585        
-4.52539        -10.6736        -1.17934        -4.48585        
-4.54898        -10.7633        -1.17934        -4.48585        
-4.57256        -10.8531        -1.17934        -4.48585        
-4.59615        -10.9428        -1.17934        -4.48585        
-4.61974        -11.0325        -1.17934        -4.48585        
-4.64333        -11.1222        -1.17934        -4.48585        
-4.66691        -11.2119        -1.17934        -4.48585        
-4.6905        -11.3016        -1.17934        -4.48585        
-4.71409        -11.3914        -1.17934        -4.48585        
-4.73767        -11.4811        -1.17934        -4.48585        
-4.76126        -11.5708        -1.17934        -4.48585        
-4.78485        -11.6605        -1.17934        -4.48585        
-4.80843        -11.7502        -1.17934        -4.48585        
-4.83202        -11.8399        -1.17934        -4.48585        
-4.85561        -11.9297        -1.17934        -4.48585        
-4.87919        -12.0194        -1.17934        -4.48585        
-4.90278        -12.1091        -1.17934        -4.48585        
-4.92637        -12.1988        -1.17934        -4.48585        
-4.94995        -12.2885        -1.17934        -4.48585        
-4.97354        -12.3783        -1.17934        -4.48585        
-4.99713        -12.468        -1.17934        -4.48585        
-5.02071        -12.5577        -1.17934        -4.48585        
-5.0443        -12.6474        -1.17934        -4.48585        
-5.06789        -12.7371        -1.17934        -4.48585        
-5.09147        -12.8268        -1.17934        -4.48585        
-5.11506        -12.9166        -1.17934        -4.48585        
-5.13865        -13.0063        -1.17934        -4.48585        
-5.16223        -13.096        -1.17934        -4.48585        
-5.18582        -13.1857        -1.17934        -4.48585        
-5.20941        -13.2754        -1.17934        -4.48585        
-5.23299        -13.3651        -1.17934        -4.48585        
-5.25658        -13.4549        -1.17934        -4.48585        
-5.28017        -13.5446        -1.17934        -4.48585        
-5.30375        -13.6343        -1.17934        -4.48585        
-5.32734        -13.724        -1.17934        -4.48585        
-5.35093        -13.8137        -1.17934        -4.48585        
-5.37451        -13.9034        -1.17934        -4.48585        
-5.3981        -13.9932        -1.17934        -4.48585        
-5.42169        -14.0829        -1.17934        -4.48585        
-5.44527        -14.1726        -1.17934        -4.48585        
-5.46886        -14.2623        -1.17934        -4.48585        
-5.49245        -14.352        -1.17934        -4.48585        
-5.51603        -14.4417        -1.17934        -4.48585        
-5.53962        -14.5315        -1.17934        -4.48585        
-5.56321        -14.6212        -1.17934        -4.48585        
-5.58679        -14.7109        -1.17934        -4.48585        
-5.61038        -14.8006        -1.17934        -4.48585        
-5.63397        -14.8903        -1.17934        -4.48585        
-5.65755        -14.98        -1.17934        -4.48585        
-5.68114        -15.0698        -1.17934        -4.48585        
-5.70473        -15.1595        -1.17934        -4.48585        
-5.72831        -15.2492        -1.17934        -4.48585        
-5.7519        -15.3389        -1.17934        -4.48585        
-5.77549        -15.4286        -1.17934        -4.48585        
-5.79907        -15.5183        -1.17934        -4.48585        
-5.82266        -15.6081        -1.17934        -4.48585        
-5.84625        -15.6978        -1.17934        -4.48585        
-5.86984        -15.7875        -1.17934        -4.48585        
-5.89342        -15.8772        -1.17934        -4.48585        
-5.91701        -15.9669        -1.17934        -4.48585        
-5.9406        -16.0566        -1.17934        -4.48585        
-5.96418        -16.1464        -1.17934        -4.48585        
-5.98777        -16.2361        -1.17934        -4.48585        
-6.01136        -16.3258        -1.17934        -4.48585        
-6.03494        -16.4155        -1.17934        -4.48585        
-6.05853        -16.5052        -1.17934        -4.48585        
-6.08212        -16.5949        -1.17934        -4.48585        
-6.1057        -16.6847        -1.17934        -4.48585        
-6.12929        -16.7744        -1.17934        -4.48585        
-6.15288        -16.8641        -1.17934        -4.48585        
-6.17646        -16.9538        -1.17934        -4.48585        
-6.20005        -17.0435        -1.17934        -4.48585        
-6.22364        -17.1332        -1.17934        -4.48585        
-6.24722        -17.223        -1.17934        -4.48585        
-6.27081        -17.3127        -1.17934        -4.48585        
-6.2944        -17.4024        -1.17934        -4.48585        
-6.31798        -17.4921        -1.17934        -4.48585        
-6.34157        -17.5818        -1.17934        -4.48585        
-6.36516        -17.6715        -1.17934        -4.48585        
-6.38874        -17.7613        -1.17934        -4.48585        
-6.41233        -17.851        -1.17934        -4.48585        
-6.43592        -17.9407        -1.17934        -4.48585        
-6.4595        -18.0304        -1.17934        -4.48585        
-6.48309        -18.1201        -1.17934        -4.48585        
-6.50668        -18.2098        -1.17934        -4.48585        
-6.53026        -18.2996        -1.17934        -4.48585        
-6.55385        -18.3893        -1.17934        -4.48585        
-6.57744        -18.479        -1.17934        -4.48585        
-6.60102        -18.5687        -1.17934        -4.48585        
-6.62461        -18.6584        -1.17934        -4.48585        
-6.6482        -18.7482        -1.17934        -4.48585        
-6.67178        -18.8379        -1.17934        -4.48585        
-6.69537        -18.9276        -1.17934        -4.48585        
-6.71896        -19.0173        -1.17934        -4.48585        
-6.74254        -19.107        -1.17934        -4.48585        
-6.76613        -19.1967        -1.17934        -4.48585        
-6.78972        -19.2865        -1.17934        -4.48585        
-6.8133        -19.3762        -1.17934        -4.48585        
-6.83689        -19.4659        -1.17934        -4.48585        
-6.86048        -19.5556        -1.17934        -4.48585        
-6.88406        -19.6453        -1.17934        -4.48585        
-6.90765        -19.735        -1.17934        -4.48585        
-6.93124        -19.8248        -1.17934        -4.48585        
-6.95482        -19.9145        -1.17934        -4.48585        
-6.97841        -20.0042        -1.17934        -4.48585        
-7.002        -20.0939        -1.17934        -4.48585        
-7.02558        -20.1836        -1.17934        -4.48585        
-7.04917        -20.2733        -1.17934        -4.48585        
-7.07276        -20.3631        -1.17934        -4.48585        
-7.09635        -20.4528        -1.17934        -4.48585        
-7.11993        -20.5425        -1.17934        -4.48585        
-7.14352        -20.6322        -1.17934        -4.48585        
-7.16711        -20.7219        -1.17934        -4.48585        
-7.19069        -20.8116        -1.17934        -4.48585        
-7.21428        -20.9014        -1.17934        -4.48585        
-7.23787        -20.9911        -1.17934        -4.48585        
-7.26145        -21.0808        -1.17934        -4.48585        
-7.28504        -21.1705        -1.17934        -4.48585        
-7.30863        -21.2602        -1.17934        -4.48585        
-7.33221        -21.3499        -1.17934        -4.48585        
-7.3558        -21.4397        -1.17934        -4.48585        
-7.37939        -21.5294        -1.17934        -4.48585        
-7.40297        -21.6191        -1.17934        -4.48585        
-7.42656        -21.7088        -1.17934        -4.48585        
-7.45015        -21.7985        -1.17934        -4.48585        
-7.47373        -21.8882        -1.17934        -4.48585        
-7.49732        -21.978        -1.17934        -4.48585        
-7.52091        -22.0677        -1.17934        -4.48585        
-7.54449        -22.1574        -1.17934        -4.48585        
-7.56808        -22.2471        -1.17934        -4.48585        
-7.59167        -22.3368        -1.17934        -4.48585        
-7.61525        -22.4265        -1.17934        -4.48585        
-7.63884        -22.5163        -1.17934        -4.48585        
-7.66243        -22.606        -1.17934        -4.48585        
-7.68601        -22.6957        -1.17934        -4.48585        
-7.7096        -22.7854        -1.17934        -4.48585        
-7.73319        -22.8751        -1.17934        -4.48585        
-7.75677        -22.9648        -1.17934        -4.48585        
-7.78036        -23.0546        -1.17934        -4.48585        
-7.80395        -23.1443        -1.17934        -4.48585        
-7.82753        -23.234        -1.17934        -4.48585        
-7.85112        -23.3237        -1.17934        -4.48585        
-7.87471        -23.4134        -1.17934        -4.48585        
-7.89829        -23.5031        -1.17934        -4.48585        
-7.92188        -23.5929        -1.17934        -4.48585        
-7.94547        -23.6826        -1.17934        -4.48585        
-7.96905        -23.7723        -1.17934        -4.48585        
-7.99264        -23.862        -1.17934        -4.48585        
-8.01623        -23.9517        -1.17934        -4.48585        
-8.03981        -24.0414        -1.17934        -4.48585        
-8.0634        -24.1312        -1.17934        -4.48585        
-8.08699        -24.2209        -1.17934        -4.48585        
-8.11057        -24.3106        -1.17934        -4.48585        
-8.13416        -24.4003        -1.17934        -4.48585        
-8.15775        -24.49        -1.17934        -4.48585        
-8.18133        -24.5797        -1.17934        -4.48585        
-8.20492        -24.6695        -1.17934        -4.48585        
-8.22851        -24.7592        -1.17934        -4.48585        
-8.25209        -24.8489        -1.17934        -4.48585        
-8.27568        -24.9386        -1.17934        -4.48585        
-8.29927        -25.0283        -1.17934        -4.48585        
-8.32286        -25.1181        -1.17934        -4.48585        
-8.34644        -25.2078        -1.17934        -4.48585        
-8.37003        -25.2975        -1.17934        -4.48585        
-8.39362        -25.3872        -1.17934        -4.48585        
-8.4172        -25.4769        -1.17934        -4.48585        
-8.44079        -25.5666        -1.17934        -4.48585        
-8.46438        -25.6564        -1.17934        -4.48585        
-8.48796        -25.7461        -1.17934        -4.48585        
-8.51155        -25.8358        -1.17934        -4.48585        
-8.53514        -25.9255        -1.17934        -4.48585        
-8.55872        -26.0152        -1.17934        -4.48585        
-8.58231        -26.1049        -1.17934        -4.48585        
-8.6059        -26.1947        -1.17934        -4.48585        
-8.62948        -26.2844        -1.17934        -4.48585        
-8.65307        -26.3741        -1.17934        -4.48585        
-8.67666        -26.4638        -1.17934        -4.48585        
-8.70024        -26.5535        -1.17934        -4.48585        
-8.72383        -26.6432        -1.17934        -4.48585        
-8.74742        -26.733        -1.17934        -4.48585        
-8.771        -26.8227        -1.17934        -4.48585        
-8.79459        -26.9124        -1.17934        -4.48585        
-8.81818        -27.0021        -1.17934        -4.48585        
-8.84176        -27.0918        -1.17934        -4.48585        
-8.86535        -27.1815        -1.17934        -4.48585        
-8.88894        -27.2713        -1.17934        -4.48585        
-8.91252        -27.361        -1.17934        -4.48585        
-8.93611        -27.4507        -1.17934        -4.48585        
-8.9597        -27.5404        -1.17934        -4.48585        
-8.98328        -27.6301        -1.17934        -4.48585        
-9.00687        -27.7198        -1.17934        -4.48585        
-9.03046        -27.8096        -1.17934        -4.48585        
-9.05404        -27.8993        -1.17934        -4.48585        
-9.07763        -27.989        -1.17934        -4.48585        
-9.10122        -28.0787        -1.17934        -4.48585        
-9.1248        -28.1684        -1.17934        -4.48585        
-9.14839        -28.2581        -1.17934        -4.48585        
-9.17198        -28.3479        -1.17934        -4.48585        
-9.19556        -28.4376        -1.17934        -4.48585        
-9.21915        -28.5273        -1.17934        -4.48585        
-9.24274        -28.617        -1.17934        -4.48585        
-9.26632        -28.7067        -1.17934        -4.48585        
-9.28991        -28.7964        -1.17934        -4.48585        
-9.3135        -28.8862        -1.17934        -4.48585        
-9.33708        -28.9759        -1.17934        -4.48585        
-9.36067        -29.0656        -1.17934        -4.48585        
-9.38426        -29.1553        -1.17934        -4.48585        
-9.40784        -29.245        -1.17934        -4.48585        
-9.43143        -29.3347        -1.17934        -4.48585        
-9.45502        -29.4245        -1.17934        -4.48585        
-9.4786        -29.5142        -1.17934        -4.48585        
-9.50219        -29.6039        -1.17934        -4.48585        
-9.52578        -29.6936        -1.17934        -4.48585        
-9.54937        -29.7833        -1.17934        -4.48585        
-9.57295        -29.873        -1.17934        -4.48585        
-9.59654        -29.9628        -1.17934        -4.48585        
-9.62013        -30.0525        -1.17934        -4.48585        
-9.64371        -30.1422        -1.17934        -4.48585        
-9.6673        -30.2319        -1.17934        -4.48585        
-9.69089        -30.3216        -1.17934        -4.48585        
-9.71447        -30.4113        -1.17934        -4.48585        
-9.73806        -30.5011        -1.17934        -4.48585        
-9.76165        -30.5908        -1.17934        -4.48585        
-9.78523        -30.6805        -1.17934        -4.48585        
-9.80882        -30.7702        -1.17934        -4.48585        
-9.83241        -30.8599        -1.17934        -4.48585        
-9.85599        -30.9496        -1.17934        -4.48585        
-9.87958        -31.0394        -1.17934        -4.48585        
-9.90317        -31.1291        -1.17934        -4.48585        
-9.92675        -31.2188        -1.17934        -4.48585        
-9.95034        -31.3085        -1.17934        -4.48585        
-9.97393        -31.3982        -1.17934        -4.48585        
-9.99751        -31.488        -1.17934        -4.48585        
-10.0211        -31.5777        -1.17934        -4.48585        
-10.0447        -31.6674        -1.17934        -4.48585        
-10.0683        -31.7571        -1.17934        -4.48585        
-10.0919        -31.8468        -1.17934        -4.48585        
-10.1154        -31.9365        -1.17934        -4.48585        
-10.139        -32.0263        -1.17934        -4.48585        
-10.1626        -32.116        -1.17934        -4.48585        
-10.1862        -32.2057        -1.17934        -4.48585        
-10.2098        -32.2954        -1.17934        -4.48585        
-10.2334        -32.3851        -1.17934        -4.48585        
-10.257        -32.4748        -1.17934        -4.48585        
-10.2806        -32.5646        -1.17934        -4.48585        
-10.3041        -32.6543        -1.17934        -4.48585        
-10.3277        -32.744        -1.17934        -4.48585        
-10.3513        -32.8337        -1.17934        -4.48585        
-10.3749        -32.9234        -1.17934        -4.48585        
-10.3985        -33.0131        -1.17934        -4.48585        
-10.4221        -33.1029        -1.17934        -4.48585        
-10.4457        -33.1926        -1.17934        -4.48585        
-10.4692        -33.2823        -1.17934        -4.48585        
-10.4928        -33.372        -1.17934        -4.48585        
-10.5164        -33.4617        -1.17934        -4.48585        
-10.54        -33.5514        -1.17934        -4.48585        
-10.5636        -33.6412        -1.17934        -4.48585        
-10.5872        -33.7309        -1.17934        -4.48585        
-10.6108        -33.8206        -1.17934        -4.48585        
-10.6344        -33.9103        -1.17934        -4.48585        
-10.6579        -34        -1.17934        -4.48585        
-10.6815        -34.0897        -1.17934        -4.48585        
-10.7051        -34.1795        -1.17934        -4.48585        
-10.7287        -34.2692        -1.17934        -4.48585        
-10.7523        -34.3589        -1.17934        -4.48585        
-10.7759        -34.4486        -1.17934        -4.48585        
-10.7995        -34.5383        -1.17934        -4.48585        
-10.823        -34.628        -1.17934        -4.48585        
-10.8466        -34.7178        -1.17934        -4.48585        
-10.8702        -34.8075        -1.17934        -4.48585        
-10.8938        -34.8972        -1.17934        -4.48585        
-10.9174        -34.9869        -1.17934        -4.48585        
-10.941        -35.0766        -1.17934        -4.48585        
-10.9646        -35.1663        -1.17934        -4.48585        
-10.9882        -35.2561        -1.17934        -4.48585        
-11.0117        -35.3458        -1.17934        -4.48585        
-11.0353        -35.4355        -1.17934        -4.48585        
-11.0589        -35.5252        -1.17934        -4.48585        
-11.0825        -35.6149        -1.17934        -4.48585        
-11.1061        -35.7046        -1.17934        -4.48585        
-11.1297        -35.7944        -1.17934        -4.48585        
-11.1533        -35.8841        -1.17934        -4.48585        
-11.1768        -35.9738        -1.17934        -4.48585        
-11.2004        -36.0635        -1.17934        -4.48585        
-11.224        -36.1532        -1.17934        -4.48585        
-11.2476        -36.2429        -1.17934        -4.48585        
-11.2712        -36.3327        -1.17934        -4.48585        
-11.2948        -36.4224        -1.17934        -4.48585        
-11.3184        -36.5121        -1.17934        -4.48585        
-11.342        -36.6018        -1.17934        -4.48585        
-11.3655        -36.6915        -1.17934        -4.48585        
-11.3891        -36.7812        -1.17934        -4.48585        
-11.4127        -36.871        -1.17934        -4.48585        
-11.4363        -36.9607        -1.17934        -4.48585        
-11.4599        -37.0504        -1.17934        -4.48585        
-11.4835        -37.1401        -1.17934        -4.48585        
-11.5071        -37.2298        -1.17934        -4.48585        
-11.5307        -37.3195        -1.17934        -4.48585        
-11.5542        -37.4093        -1.17934        -4.48585        
-11.5778        -37.499        -1.17934        -4.48585        
-11.6014        -37.5887        -1.17934        -4.48585        
-11.625        -37.6784        -1.17934        -4.48585        
-11.6486        -37.7681        -1.17934        -4.48585        
-11.6722        -37.8579        -1.17934        -4.48585        
-11.6958        -37.9476        -1.17934        -4.48585        
-11.7193        -38.0373        -1.17934        -4.48585        
-11.7429        -38.127        -1.17934        -4.48585        
-11.7665        -38.2167        -1.17934        -4.48585        
-11.7901        -38.3064        -1.17934        -4.48585        
-11.8137        -38.3962        -1.17934        -4.48585        
-11.8373        -38.4859        -1.17934        -4.48585        
-11.8609        -38.5756        -1.17934        -4.48585        
-11.8845        -38.6653        -1.17934        -4.48585        
-11.908        -38.755        -1.17934        -4.48585        
-11.9316        -38.8447        -1.17934        -4.48585        
-11.9552        -38.9345        -1.17934        -4.48585        
-11.9788        -39.0242        -1.17934        -4.48585        
-12.0024        -39.1139        -1.17934        -4.48585        
-12.026        -39.2036        -1.17934        -4.48585        
-12.0496        -39.2933        -1.17934        -4.48585        
-12.0731        -39.383        -1.17934        -4.48585        
-12.0967        -39.4728        -1.17934        -4.48585        
-12.1203        -39.5625        -1.17934        -4.48585        
-12.1439        -39.6522        -1.17934        -4.48585        
-12.1675        -39.7419        -1.17934        -4.48585        
-12.1911        -39.8316        -1.17934        -4.48585        
-12.2147        -39.9213        -1.17934        -4.48585        
-12.2383        -40.0111        -1.17934        -4.48585        
-12.2618        -40.1008        -1.17934        -4.48585        
-12.2854        -40.1905        -1.17934        -4.48585        
-12.309        -40.2802        -1.17934        -4.48585        
-12.3326        -40.3699        -1.17934        -4.48585        
-12.3562        -40.4596        -1.17934        -4.48585        
-12.3798        -40.5494        -1.17934        -4.48585        
-12.4034        -40.6391        -1.17934        -4.48585        
-12.4269        -40.7288        -1.17934        -4.48585        
-12.4505        -40.8185        -1.17934        -4.48585        
-12.4741        -40.9082        -1.17934        -4.48585        
-12.4977        -40.9979        -1.17934        -4.48585        
-12.5213        -41.0877        -1.17934        -4.48585        
-12.5449        -41.1774        -1.17934        -4.48585        
-12.5685        -41.2671        -1.17934        -4.48585        
-12.5921        -41.3568        -1.17934        -4.48585        
-12.6156        -41.4465        -1.17934        -4.48585        
-12.6392        -41.5362        -1.17934        -4.48585        
-12.6628        -41.626        -1.17934        -4.48585        
-12.6864        -41.7157        -1.17934        -4.48585        
-12.71        -41.8054        -1.17934        -4.48585        
-12.7336        -41.8951        -1.17934        -4.48585        
-12.7572        -41.9848        -1.17934        -4.48585        
-12.7807        -42.0745        -1.17934        -4.48585        
-12.8043        -42.1643        -1.17934        -4.48585        
-12.8279        -42.254        -1.17934        -4.48585        
-12.8515        -42.3437        -1.17934        -4.48585        
-12.8751        -42.4334        -1.17934        -4.48585        
-12.8987        -42.5231        -1.17934        -4.48585        
-12.9223        -42.6128        -1.17934        -4.48585        
-12.9459        -42.7026        -1.17934        -4.48585        
-12.9694        -42.7923        -1.17934        -4.48585        
-12.993        -42.882        -1.17934        -4.48585        
-13.0166        -42.9717        -1.17934        -4.48585        
-13.0402        -43.0614        -1.17934        -4.48585        
-13.0638        -43.1511        -1.17934        -4.48585        
-13.0874        -43.2409        -1.17934        -4.48585        
-13.111        -43.3306        -1.17934        -4.48585        
-13.1345        -43.4203        -1.17934        -4.48585        
-13.1581        -43.51        -1.17934        -4.48585        
-13.1817        -43.5997        -1.17934        -4.48585        
-13.2053        -43.6894        -1.17934        -4.48585        
-13.2289        -43.7792        -1.17934        -4.48585        
-13.2525        -43.8689        -1.17934        -4.48585        
-13.2761        -43.9586        -1.17934        -4.48585        
-13.2997        -44.0483        -1.17934        -4.48585        
-13.3232        -44.138        -1.17934        -4.48585        
-13.3468        -44.2278        -1.17934        -4.48585        
-13.3704        -44.3175        -1.17934        -4.48585        
-13.394        -44.4072        -1.17934        -4.48585        
-13.4176        -44.4969        -1.17934        -4.48585        
-13.4412        -44.5866        -1.17934        -4.48585        
-13.4648        -44.6763        -1.17934        -4.48585        
-13.4883        -44.7661        -1.17934        -4.48585        
-13.5119        -44.8558        -1.17934        -4.48585        
-13.5355        -44.9455        -1.17934        -4.48585        
-13.5591        -45.0352        -1.17934        -4.48585        
-13.5827        -45.1249        -1.17934        -4.48585        
-13.6063        -45.2146        -1.17934        -4.48585        
-13.6299        -45.3044        -1.17934        -4.48585        
-13.6535        -45.3941        -1.17934        -4.48585        
-13.677        -45.4838        -1.17934        -4.48585        
-13.7006        -45.5735        -1.17934        -4.48585        
-13.7242        -45.6632        -1.17934        -4.48585        
-13.7478        -45.7529        -1.17934        -4.48585        
-13.7714        -45.8427        -1.17934        -4.48585        
-13.795        -45.9324        -1.17934        -4.48585        
-13.8186        -46.0221        -1.17934        -4.48585        
-13.8422        -46.1118        -1.17934        -4.48585        
-13.8657        -46.2015        -1.17934        -4.48585        
-13.8893        -46.2912        -1.17934        -4.48585        
-13.9129        -46.381        -1.17934        -4.48585        
-13.9365        -46.4707        -1.17934        -4.48585        
-13.9601        -46.5604        -1.17934        -4.48585        
-13.9837        -46.6501        -1.17934        -4.48585        
-14.0073        -46.7398        -1.17934        -4.48585        
-14.0308        -46.8295        -1.17934        -4.48585        
-14.0544        -46.9193        -1.17934        -4.48585        
-14.078        -47.009        -1.17934        -4.48585        
-14.1016        -47.0987        -1.17934        -4.48585        
-14.1252        -47.1884        -1.17934        -4.48585        
-14.1488        -47.2781        -1.17934        -4.48585        
-14.1724        -47.3678        -1.17934        -4.48585        
-14.196        -47.4576        -1.17934        -4.48585        
-14.2195        -47.5473        -1.17934        -4.48585        
-14.2431        -47.637        -1.17934        -4.48585        
-14.2667        -47.7267        -1.17934        -4.48585        
-14.2903        -47.8164        -1.17934        -4.48585        
-14.3139        -47.9061        -1.17934        -4.48585        
-14.3375        -47.9959        -1.17934        -4.48585        
-14.3611        -48.0856        -1.17934        -4.48585        
-14.3846        -48.1753        -1.17934        -4.48585        
-14.4082        -48.265        -1.17934        -4.48585        
-14.4318        -48.3547        -1.17934        -4.48585        
-14.4554        -48.4444        -1.17934        -4.48585        
-14.479        -48.5342        -1.17934        -4.48585        
-14.5026        -48.6239        -1.17934        -4.48585        
-14.5262        -48.7136        -1.17934        -4.48585        
-14.5498        -48.8033        -1.17934        -4.48585        
-14.5733        -48.893        -1.17934        -4.48585        
-14.5969        -48.9827        -1.17934        -4.48585        
-14.6205        -49.0725        -1.17934        -4.48585        
-14.6441        -49.1622        -1.17934        -4.48585        
-14.6677        -49.2519        -1.17934        -4.48585        
-14.6913        -49.3416        -1.17934        -4.48585        
-14.7149        -49.4313        -1.17934        -4.48585        
-14.7384        -49.521        -1.17934        -4.48585        
-14.762        -49.6108        -1.17934        -4.48585        
-14.7856        -49.7005        -1.17934        -4.48585        
-14.8092        -49.7902        -1.17934        -4.48585        
-14.8328        -49.8799        -1.17934        -4.48585        
-14.8564        -49.9696        -1.17934        -4.48585        
-14.88        -50.0594        -1.17934        -4.48585        
-14.9036        -50.1491        -1.17934        -4.48585        
-14.9271        -50.2388        -1.17934        -4.48585        
-14.9507        -50.3285        -1.17934        -4.48585        
-14.9743        -50.4182        -1.17934        -4.48585        
-14.9979        -50.5079        -1.17934        -4.48585        
-15.0215        -50.5977        -1.17934        -4.48585        
-15.0451        -50.6874        -1.17934        -4.48585        
-15.0687        -50.7771        -1.17934        -4.48585        
-15.0922        -50.8668        -1.17934        -4.48585        
-15.1158        -50.9565        -1.17934        -4.48585        
-15.1394        -51.0462        -1.17934        -4.48585        
-15.163        -51.136        -1.17934        -4.48585        
-15.1866        -51.2257        -1.17934        -4.48585        
-15.2102        -51.3154        -1.17934        -4.48585        
-15.2338        -51.4051        -1.17934        -4.48585        
-15.2574        -51.4948        -1.17934        -4.48585        
-15.2809        -51.5845        -1.17934        -4.48585        
-15.3045        -51.6743        -1.17934        -4.48585        
-15.3281        -51.764        -1.17934        -4.48585        
-15.3517        -51.8537        -1.17934        -4.48585        
-15.3753        -51.9434        -1.17934        -4.48585        
-15.3989        -52.0331        -1.17934        -4.48585        
-15.4225        -52.1228        -1.17934        -4.48585        
-15.446        -52.2126        -1.17934        -4.48585        
-15.4696        -52.3023        -1.17934        -4.48585        
-15.4932        -52.392        -1.17934        -4.48585        
-15.5168        -52.4817        -1.17934        -4.48585        
-15.5404        -52.5714        -1.17934        -4.48585        
-15.564        -52.6611        -1.17934        -4.48585        
-15.5876        -52.7509        -1.17934        -4.48585        
-15.6112        -52.8406        -1.17934        -4.48585        
-15.6347        -52.9303        -1.17934        -4.48585        
-15.6583        -53.02        -1.17934        -4.48585        
-15.6819        -53.1097        -1.17934        -4.48585        
-15.7055        -53.1994        -1.17934        -4.48585        
-15.7291        -53.2892        -1.17934        -4.48585        
-15.7527        -53.3789        -1.17934        -4.48585        
-15.7763        -53.4686        -1.17934        -4.48585        
-15.7998        -53.5583        -1.17934        -4.48585        
-15.8234        -53.648        -1.17934        -4.48585        
-15.847        -53.7377        -1.17934        -4.48585        
-15.8706        -53.8275        -1.17934        -4.48585        
-15.8942        -53.9172        -1.17934        -4.48585        
-15.9178        -54.0069        -1.17934        -4.48585        
-15.9414        -54.0966        -1.17934        -4.48585        
-15.965        -54.1863        -1.17934        -4.48585        
-15.9885        -54.276        -1.17934        -4.48585        
-16.0121        -54.3658        -1.17934        -4.48585        
-16.0357        -54.4555        -1.17934        -4.48585        
-16.0593        -54.5452        -1.17934        -4.48585        
-16.0829        -54.6349        -1.17934        -4.48585        
-16.1065        -54.7246        -1.17934        -4.48585        
-16.1301        -54.8143        -1.17934        -4.48585        
-16.1536        -54.9041        -1.17934        -4.48585        
-16.1772        -54.9938        -1.17934        -4.48585        
-16.2008        -55.0835        -1.17934        -4.48585        
-16.2244        -55.1732        -1.17934        -4.48585        
-16.248        -55.2629        -1.17934        -4.48585        
-16.2716        -55.3526        -1.17934        -4.48585        
-16.2952        -55.4424        -1.17934        -4.48585        
-16.3188        -55.5321        -1.17934        -4.48585        
-16.3423        -55.6218        -1.17934        -4.48585        
-16.3659        -55.7115        -1.17934        -4.48585        
-16.3895        -55.8012        -1.17934        -4.48585        
-16.4131        -55.8909        -1.17934        -4.48585        
-16.4367        -55.9807        -1.17934        -4.48585        
-16.4603        -56.0704        -1.17934        -4.48585        
-16.4839        -56.1601        -1.17934        -4.48585        
-16.5075        -56.2498        -1.17934        -4.48585        
-16.531        -56.3395        -1.17934        -4.48585        
-16.5546        -56.4293        -1.17934        -4.48585        
-16.5782        -56.519        -1.17934        -4.48585        
-16.6018        -56.6087        -1.17934        -4.48585        
-16.6254        -56.6984        -1.17934        -4.48585        
-16.649        -56.7881        -1.17934        -4.48585        
-16.6726        -56.8778        -1.17934        -4.48585        
-16.6961        -56.9676        -1.17934        -4.48585        
-16.7197        -57.0573        -1.17934        -4.48585        
-16.7433        -57.147        -1.17934        -4.48585        
-16.7669        -57.2367        -1.17934        -4.48585        
-16.7905        -57.3264        -1.17934        -4.48585        
-16.8141        -57.4161        -1.17934        -4.48585        
-16.8377        -57.5059        -1.17934        -4.48585        
-16.8613        -57.5956        -1.17934        -4.48585        
-16.8848        -57.6853        -1.17934        -4.48585        
-16.9084        -57.775        -1.17934        -4.48585        
-16.932        -57.8647        -1.17934        -4.48585        
-16.9556        -57.9544        -1.17934        -4.48585        
-16.9792        -58.0442        -1.17934        -4.48585        
-17.0028        -58.1339        -1.17934        -4.48585        
-17.0264        -58.2236        -1.17934        -4.48585        
-17.0499        -58.3133        -1.17934        -4.48585        
-17.0735        -58.403        -1.17934        -4.48585        
-17.0971        -58.4927        -1.17934        -4.48585        
-17.1207        -58.5825        -1.17934        -4.48585        
-17.1443        -58.6722        -1.17934        -4.48585        
-17.1679        -58.7619        -1.17934        -4.48585        
-17.1915        -58.8516        -1.17934        -4.48585        
-17.2151        -58.9413        -1.17934        -4.48585        
-17.2386        -59.031        -1.17934        -4.48585        
-17.2622        -59.1208        -1.17934        -4.48585        
-17.2858        -59.2105        -1.17934        -4.48585        
-17.3094        -59.3002        -1.17934        -4.48585        
-17.333        -59.3899        -1.17934        -4.48585        
-17.3566        -59.4796        -1.17934        -4.48585        
-17.3802        -59.5693        -1.17934        -4.48585        
-17.4037        -59.6591        -1.17934        -4.48585        
-17.4273        -59.7488        -1.17934        -4.48585        
-17.4509        -59.8385        -1.17934        -4.48585        
-17.4745        -59.9282        -1.17934        -4.48585        
-17.4981        -60.0179        -1.17934        -4.48585        
-17.5217        -60.1076        -1.17934        -4.48585        
-17.5453        -60.1974        -1.17934        -4.48585        
-17.5689        -60.2871        -1.17934        -4.48585        
-17.5924        -60.3768        -1.17934        -4.48585        
-17.616        -60.4665        -1.17934        -4.48585        
-17.6396        -60.5562        -1.17934        -4.48585        
-17.6632        -60.6459        -1.17934        -4.48585        
-17.6868        -60.7357        -1.17934        -4.48585        
-17.7104        -60.8254        -1.17934        -4.48585        
-17.734        -60.9151        -1.17934        -4.48585        
-17.7575        -61.0048        -1.17934        -4.48585        
-17.7811        -61.0945        -1.17934        -4.48585        
-17.8047        -61.1842        -1.17934        -4.48585        
-17.8283        -61.274        -1.17934        -4.48585        
-17.8519        -61.3637        -1.17934        -4.48585        
-17.8755        -61.4534        -1.17934        -4.48585        
-17.8991        -61.5431        -1.17934        -4.48585        
-17.9227        -61.6328        -1.17934        -4.48585        
-17.9462        -61.7225        -1.17934        -4.48585        
-17.9698        -61.8123        -1.17934        -4.48585        
-17.9934        -61.902        -1.17934        -4.48585        
-18.017        -61.9917        -1.17934        -4.48585        
-18.0406        -62.0814        -1.17934        -4.48585        
-18.0642        -62.1711        -1.17934        -4.48585        
-18.0878        -62.2608        -1.17934        -4.48585        
-18.1113        -62.3506        -1.17934        -4.48585        
-18.1349        -62.4403        -1.17934        -4.48585        
-18.1585        -62.53        -1.17934        -4.48585        
-18.1821        -62.6197        -1.17934        -4.48585        
-18.2057        -62.7094        -1.17934        -4.48585        
-18.2293        -62.7992        -1.17934        -4.48585        
-18.2529        -62.8889        -1.17934        -4.48585        
-18.2765        -62.9786        -1.17934        -4.48585        
-18.3        -63.0683        -1.17934        -4.48585        
-18.3236        -63.158        -1.17934        -4.48585        
-18.3472        -63.2477        -1.17934        -4.48585        
-18.3708        -63.3375        -1.17934        -4.48585        
-18.3944        -63.4272        -1.17934        -4.48585        
-18.418        -63.5169        -1.17934        -4.48585        
-18.4416        -63.6066        -1.17934        -4.48585        
-18.4651        -63.6963        -1.17934        -4.48585        
-18.4887        -63.786        -1.17934        -4.48585        
-18.5123        -63.8758        -1.17934        -4.48585        
-18.5359        -63.9655        -1.17934        -4.48585        
-18.5595        -64.0552        -1.17934        -4.48585        
-18.5831        -64.1449        -1.17934        -4.48585        
-18.6067        -64.2346        -1.17934        -4.48585        
-18.6303        -64.3243        -1.17934        -4.48585        
-18.6538        -64.4141        -1.17934        -4.48585        
-18.6774        -64.5038        -1.17934        -4.48585        
-18.701        -64.5935        -1.17934        -4.48585        
-18.7246        -64.6832        -1.17934        -4.48585        
-18.7482        -64.7729        -1.17934        -4.48585        
-18.7718        -64.8626        -1.17934        -4.48585        
-18.7954        -64.9524        -1.17934        -4.48585        
-18.819        -65.0421        -1.17934        -4.48585        
-18.8425        -65.1318        -1.17934        -4.48585        
-18.8661        -65.2215        -1.17934        -4.48585        
-18.8897        -65.3112        -1.17934        -4.48585        
-18.9133        -65.4009        -1.17934        -4.48585        
-18.9369        -65.4907        -1.17934        -4.48585        
-18.9605        -65.5804        -1.17934        -4.48585        
-18.9841        -65.6701        -1.17934        -4.48585        
-19.0076        -65.7598        -1.17934        -4.48585        
-19.0312        -65.8495        -1.17934        -4.48585        
-19.0548        -65.9392        -1.17934        -4.48585        
-19.0784        -66.029        -1.17934        -4.48585        
-19.102        -66.1187        -1.17934        -4.48585        
-19.1256        -66.2084        -1.17934        -4.48585        
-19.1492        -66.2981        -1.17934        -4.48585        
-19.1728        -66.3878        -1.17934        -4.48585        
-19.1963        -66.4775        -1.17934        -4.48585        
-19.2199        -66.5673        -1.17934        -4.48585        
-19.2435        -66.657        -1.17934        -4.48585        
-19.2671        -66.7467        -1.17934        -4.48585        
-19.2907        -66.8364        -1.17934        -4.48585        
-19.3143        -66.9261        -1.17934        -4.48585        
-19.3379        -67.0158        -1.17934        -4.48585        
-19.3614        -67.1056        -1.17934        -4.48585        
-19.385        -67.1953        -1.17934        -4.48585        
-19.4086        -67.285        -1.17934        -4.48585        
-19.4322        -67.3747        -1.17934        -4.48585        
-19.4558        -67.4644        -1.17934        -4.48585        
-19.4794        -67.5541        -1.17934        -4.48585        
-19.503        -67.6439        -1.17934        -4.48585        
-19.5266        -67.7336        -1.17934        -4.48585        
-19.5501        -67.8233        -1.17934        -4.48585        
-19.5737        -67.913        -1.17934        -4.48585        
-19.5973        -68.0027        -1.17934        -4.48585        
-19.6209        -68.0924        -1.17934        -4.48585        
-19.6445        -68.1822        -1.17934        -4.48585        
-19.6681        -68.2719        -1.17934        -4.48585        
-19.6917        -68.3616        -1.17934        -4.48585        
-19.7152        -68.4513        -1.17934        -4.48585        
-19.7388        -68.541        -1.17934        -4.48585        
-19.7624        -68.6307        -1.17934        -4.48585        
-19.786        -68.7205        -1.17934        -4.48585        
-19.8096        -68.8102        -1.17934        -4.48585        
-19.8332        -68.8999        -1.17934        -4.48585        
-19.8568        -68.9896        -1.17934        -4.48585        
-19.8804        -69.0793        -1.17934        -4.48585        
-19.9039        -69.1691        -1.17934        -4.48585        
-19.9275        -69.2588        -1.17934        -4.48585        
-19.9511        -69.3485        -1.17934        -4.48585        
-19.9747        -69.4382        -1.17934        -4.48585        
-19.9983        -69.5279        -1.17934        -4.48585        
-20.0219        -69.6176        -1.17934        -4.48585        
-20.0455        -69.7074        -1.17934        -4.48585        
-20.069        -69.7971        -1.17934        -4.48585        
-20.0926        -69.8868        -1.17934        -4.48585        
-20.1162        -69.9765        -1.17934        -4.48585        
-20.1398        -70.0662        -1.17934        -4.48585        
-20.1634        -70.1559        -1.17934        -4.48585        
-20.187        -70.2457        -1.17934        -4.48585        
-20.2106        -70.3354        -1.17934        -4.48585        
-20.2342        -70.4251        -1.17934        -4.48585        
-20.2577        -70.5148        -1.17934        -4.48585        
-20.2813        -70.6045        -1.17934        -4.48585        
-20.3049        -70.6942        -1.17934        -4.48585        
-20.3285        -70.784        -1.17934        -4.48585        
-20.3521        -70.8737        -1.17934        -4.48585        
-20.3757        -70.9634        -1.17934        -4.48585        
-20.3993        -71.0531        -1.17934        -4.48585        
-20.4228        -71.1428        -1.17934        -4.48585        
-20.4464        -71.2325        -1.17934        -4.48585        
-20.47        -71.3223        -1.17934        -4.48585        
-20.4936        -71.412        -1.17934        -4.48585        
-20.5172        -71.5017        -1.17934        -4.48585        
-20.5408        -71.5914        -1.17934        -4.48585        
-20.5644        -71.6811        -1.17934        -4.48585        
-20.588        -71.7708        -1.17934        -4.48585        
-20.6115        -71.8606        -1.17934        -4.48585        
-20.6351        -71.9503        -1.17934        -4.48585        
-20.6587        -72.04        -1.17934        -4.48585        
-20.6823        -72.1297        -1.17934        -4.48585        
-20.7059        -72.2194        -1.17934        -4.48585        
-20.7295        -72.3091        -1.17934        -4.48585        
-20.7531        -72.3989        -1.17934        -4.48585        
-20.7766        -72.4886        -1.17934        -4.48585        
-20.8002        -72.5783        -1.17934        -4.48585        
-20.8238        -72.668        -1.17934        -4.48585        
-20.8474        -72.7577        -1.17934        -4.48585        
-20.871        -72.8474        -1.17934        -4.48585        
-20.8946        -72.9372        -1.17934        -4.48585        
-20.9182        -73.0269        -1.17934        -4.48585        
-20.9418        -73.1166        -1.17934        -4.48585        
-20.9653        -73.2063        -1.17934        -4.48585        
-20.9889        -73.296        -1.17934        -4.48585        
-21.0125        -73.3857        -1.17934        -4.48585        
-21.0361        -73.4755        -1.17934        -4.48585        
-21.0597        -73.5652        -1.17934        -4.48585        
-21.0833        -73.6549        -1.17934        -4.48585        
-21.1069        -73.7446        -1.17934        -4.48585        
-21.1305        -73.8343        -1.17934        -4.48585        
-21.154        -73.924        -1.17934        -4.48585        
-21.1776        -74.0138        -1.17934        -4.48585        
-21.2012        -74.1035        -1.17934        -4.48585        
-21.2248        -74.1932        -1.17934        -4.48585        
-21.2484        -74.2829        -1.17934        -4.48585        
-21.272        -74.3726        -1.17934        -4.48585        
-21.2956        -74.4623        -1.17934        -4.48585        
-21.3191        -74.5521        -1.17934        -4.48585        
-21.3427        -74.6418        -1.17934        -4.48585        
-21.3663        -74.7315        -1.17934        -4.48585        
-21.3899        -74.8212        -1.17934        -4.48585        
-21.4135        -74.9109        -1.17934        -4.48585        
-21.4371        -75.0006        -1.17934        -4.48585        
-21.4607        -75.0904        -1.17934        -4.48585        
-21.4843        -75.1801        -1.17934        -4.48585        
-21.5078        -75.2698        -1.17934        -4.48585        
-21.5314        -75.3595        -1.17934        -4.48585        
-21.555        -75.4492        -1.17934        -4.48585        
-21.5786        -75.539        -1.17934        -4.48585        
-21.6022        -75.6287        -1.17934        -4.48585        
-21.6258        -75.7184        -1.17934        -4.48585        
-21.6494        -75.8081        -1.17934        -4.48585        
-21.6729        -75.8978        -1.17934        -4.48585        
-21.6965        -75.9875        -1.17934        -4.48585        
-21.7201        -76.0773        -1.17934        -4.48585        
-21.7437        -76.167        -1.17934        -4.48585        
-21.7673        -76.2567        -1.17934        -4.48585        
-21.7909        -76.3464        -1.17934        -4.48585        
-21.8145        -76.4361        -1.17934        -4.48585        
-21.8381        -76.5258        -1.17934        -4.48585        
-21.8616        -76.6156        -1.17934        -4.48585        
-21.8852        -76.7053        -1.17934        -4.48585        
-21.9088        -76.795        -1.17934        -4.48585        
-21.9324        -76.8847        -1.17934        -4.48585        
-21.956        -76.9744        -1.17934        -4.48585        
-21.9796        -77.0641        -1.17934        -4.48585        
-22.0032        -77.1539        -1.17934        -4.48585        
-22.0267        -77.2436        -1.17934        -4.48585        
-22.0503        -77.3333        -1.17934        -4.48585        
-22.0739        -77.423        -1.17934        -4.48585        
-22.0975        -77.5127        -1.17934        -4.48585        
-22.1211        -77.6024        -1.17934        -4.48585        
-22.1447        -77.6922        -1.17934        -4.48585        
-22.1683        -77.7819        -1.17934        -4.48585        
-22.1919        -77.8716        -1.17934        -4.48585        
-22.2154        -77.9613        -1.17934        -4.48585        
-22.239        -78.051        -1.17934        -4.48585        
-22.2626        -78.1407        -1.17934        -4.48585        
-22.2862        -78.2305        -1.17934        -4.48585        
-22.3098        -78.3202        -1.17934        -4.48585        
-22.3334        -78.4099        -1.17934        -4.48585        
-22.357        -78.4996        -1.17934        -4.48585        
-22.3805        -78.5893        -1.17934        -4.48585        
-22.4041        -78.679        -1.17934        -4.48585        
-22.4277        -78.7688        -1.17934        -4.48585        
-22.4513        -78.8585        -1.17934        -4.48585        
-22.4749        -78.9482        -1.17934        -4.48585        
-22.4985        -79.0379        -1.17934        -4.48585        
-22.5221        -79.1276        -1.17934        -4.48585        
-22.5457        -79.2173        -1.17934        -4.48585        
-22.5692        -79.3071        -1.17934        -4.48585        
-22.5928        -79.3968        -1.17934        -4.48585        
-22.6164        -79.4865        -1.17934        -4.48585        
-22.64        -79.5762        -1.17934        -4.48585        
-22.6636        -79.6659        -1.17934        -4.48585        
-22.6872        -79.7556        -1.17934        -4.48585        
-22.7108        -79.8454        -1.17934        -4.48585        
-22.7343        -79.9351        -1.17934        -4.48585        
-22.7579        -80.0248        -1.17934        -4.48585        
-22.7815        -80.1145        -1.17934        -4.48585        
-22.8051        -80.2042        -1.17934        -4.48585        
-22.8287        -80.2939        -1.17934        -4.48585        
-22.8523        -80.3837        -1.17934        -4.48585        
-22.8759        -80.4734        -1.17934        -4.48585        
-22.8995        -80.5631        -1.17934        -4.48585        
-22.923        -80.6528        -1.17934        -4.48585        
-22.9466        -80.7425        -1.17934        -4.48585        
-22.9702        -80.8322        -1.17934        -4.48585        
-22.9938        -80.922        -1.17934        -4.48585        
-23.0174        -81.0117        -1.17934        -4.48585        
-23.041        -81.1014        -1.17934        -4.48585        
-23.0646        -81.1911        -1.17934        -4.48585        
-23.0881        -81.2808        -1.17934        -4.48585        
-23.1117        -81.3705        -1.17934        -4.48585        
-23.1353        -81.4603        -1.17934        -4.48585        
-23.1589        -81.55        -1.17934        -4.48585        
-23.1825        -81.6397        -1.17934        -4.48585        
-23.2061        -81.7294        -1.17934        -4.48585        
-23.2297        -81.8191        -1.17934        -4.48585        
-23.2533        -81.9089        -1.17934        -4.48585        
-23.2768        -81.9986        -1.17934        -4.48585        
-23.3004        -82.0883        -1.17934        -4.48585        
-23.324        -82.178        -1.17934        -4.48585        
-23.3476        -82.2677        -1.17934        -4.48585        
-23.3712        -82.3574        -1.17934        -4.48585        
-23.3948        -82.4472        -1.17934        -4.48585        
-23.4184        -82.5369        -1.17934        -4.48585        
-23.4419        -82.6266        -1.17934        -4.48585        
-23.4655        -82.7163        -1.17934        -4.48585        
-23.4891        -82.806        -1.17934        -4.48585        
-23.5127        -82.8957        -1.17934        -4.48585        
-23.5363        -82.9855        -1.17934        -4.48585        
-23.5599        -83.0752        -1.17934        -4.48585        
-23.5835        -83.1649        -1.17934        -4.48585        
-23.6071        -83.2546        -1.17934        -4.48585        
-23.6306        -83.3443        -1.17934        -4.48585        
-23.6542        -83.434        -1.17934        -4.48585        
-23.6778        -83.5238        -1.17934        -4.48585        
-23.7014        -83.6135        -1.17934        -4.48585        
-23.725        -83.7032        -1.17934        -4.48585        
-23.7486        -83.7929        -1.17934        -4.48585        
-23.7722        -83.8826        -1.17934        -4.48585        
-23.7958        -83.9723        -1.17934        -4.48585        
-23.8193        -84.0621        -1.17934        -4.48585        
-23.8429        -84.1518        -1.17934        -4.48585        
-23.8665        -84.2415        -1.17934        -4.48585        
-23.8901        -84.3312        -1.17934        -4.48585        
-23.9137        -84.4209        -1.17934        -4.48585        
-23.9373        -84.5106        -1.17934        -4.48585        
-23.9609        -84.6004        -1.17934        -4.48585        
-23.9844        -84.6901        -1.17934        -4.48585        
-24.008        -84.7798        -1.17934        -4.48585        
-24.0316        -84.8695        -1.17934        -4.48585        
-24.0552        -84.9592        -1.17934        -4.48585        
-24.0788        -85.0489        -1.17934        -4.48585        
-24.1024        -85.1387        -1.17934        -4.48585        
-24.126        -85.2284        -1.17934        -4.48585        
-24.1496        -85.3181        -1.17934        -4.48585        
-24.1731        -85.4078        -1.17934        -4.48585        
-24.1967        -85.4975        -1.17934        -4.48585        
-24.2203        -85.5872        -1.17934        -4.48585        
-24.2439        -85.677        -1.17934        -4.48585        
-24.2675        -85.7667        -1.17934        -4.48585        
-24.2911        -85.8564        -1.17934        -4.48585        
-24.3147        -85.9461        -1.17934        -4.48585        
-24.3382        -86.0358        -1.17934        -4.48585        
-24.3618        -86.1255        -1.17934        -4.48585        
-24.3854        -86.2153        -1.17934        -4.48585        
-24.409        -86.305        -1.17934        -4.48585        
-24.4326        -86.3947        -1.17934        -4.48585        
-24.4562        -86.4844        -1.17934        -4.48585        
-24.4798        -86.5741        -1.17934        -4.48585        
-24.5034        -86.6638        -1.17934        -4.48585        
-24.5269        -86.7536        -1.17934        -4.48585        
-24.5505        -86.8433        -1.17934        -4.48585        
-24.5741        -86.933        -1.17934        -4.48585        
-24.5977        -87.0227        -1.17934        -4.48585        
-24.6213        -87.1124        -1.17934        -4.48585        
-24.6449        -87.2021        -1.17934        -4.48585        
-24.6685        -87.2919        -1.17934        -4.48585        
-24.692        -87.3816        -1.17934        -4.48585        
-24.7156        -87.4713        -1.17934        -4.48585        
-24.7392        -87.561        -1.17934        -4.48585        
-24.7628        -87.6507        -1.17934        -4.48585        
-24.7864        -87.7404        -1.17934        -4.48585        
-24.81        -87.8302        -1.17934        -4.48585        
-24.8336        -87.9199        -1.17934        -4.48585        
-24.8572        -88.0096        -1.17934        -4.48585        
-24.8807        -88.0993        -1.17934        -4.48585        
-24.9043        -88.189        -1.17934        -4.48585        
-24.9279        -88.2788        -1.17934        -4.48585        
-24.9515        -88.3685        -1.17934        -4.48585        
-24.9751        -88.4582        -1.17934        -4.48585        
-24.9987        -88.5479        -1.17934        -4.48585        
-25.0223        -88.6376        -1.17934        -4.48585        
-25.0458        -88.7273        -1.17934        -4.48585        
-25.0694        -88.8171        -1.17934        -4.48585        
-25.093        -88.9068        -1.17934        -4.48585        
-25.1166        -88.9965        -1.17934        -4.48585        
-25.1402        -89.0862        -1.17934        -4.48585        
