Euler algorithm (2D)
mercury (x, y, vx, vy)
Timestep: 20 years

-0.153726        -0.432651        7.6154        -2.93164        
-0.00141769        -0.491284        7.6154        -2.93164        
0.15089        -0.549917        7.6154        -2.93164        
0.303198        -0.608549        7.6154        -2.93164        
0.455506        -0.667182        7.6154        -2.93164        
0.607814        -0.725815        7.6154        -2.93164        
0.760122        -0.784448        7.6154        -2.93164        
0.91243        -0.843081        7.6154        -2.93164        
1.06474        -0.901713        7.6154        -2.93164        
1.21705        -0.960346        7.6154        -2.93164        
1.36935        -1.01898        7.6154        -2.93164        
1.52166        -1.07761        7.6154        -2.93164        
1.67397        -1.13624        7.6154        -2.93164        
1.82628        -1.19488        7.6154        -2.93164        
1.97859        -1.25351        7.6154        -2.93164        
2.13089        -1.31214        7.6154        -2.93164        
2.2832        -1.37078        7.6154        -2.93164        
2.43551        -1.42941        7.6154        -2.93164        
2.58782        -1.48804        7.6154        -2.93164        
2.74013        -1.54667        7.6154        -2.93164        
2.89243        -1.60531        7.6154        -2.93164        
3.04474        -1.66394        7.6154        -2.93164        
3.19705        -1.72257        7.6154        -2.93164        
3.34936        -1.78121        7.6154        -2.93164        
3.50167        -1.83984        7.6154        -2.93164        
3.65397        -1.89847        7.6154        -2.93164        
3.80628        -1.9571        7.6154        -2.93164        
3.95859        -2.01574        7.6154        -2.93164        
4.1109        -2.07437        7.6154        -2.93164        
4.26321        -2.133        7.6154        -2.93164        
4.41551        -2.19164        7.6154        -2.93164        
4.56782        -2.25027        7.6154        -2.93164        
4.72013        -2.3089        7.6154        -2.93164        
4.87244        -2.36753        7.6154        -2.93164        
5.02475        -2.42617        7.6154        -2.93164        
5.17705        -2.4848        7.6154        -2.93164        
5.32936        -2.54343        7.6154        -2.93164        
5.48167        -2.60207        7.6154        -2.93164        
5.63398        -2.6607        7.6154        -2.93164        
5.78629        -2.71933        7.6154        -2.93164        
5.93859        -2.77796        7.6154        -2.93164        
6.0909        -2.8366        7.6154        -2.93164        
6.24321        -2.89523        7.6154        -2.93164        
6.39552        -2.95386        7.6154        -2.93164        
6.54783        -3.01249        7.6154        -2.93164        
6.70013        -3.07113        7.6154        -2.93164        
6.85244        -3.12976        7.6154        -2.93164        
7.00475        -3.18839        7.6154        -2.93164        
7.15706        -3.24703        7.6154        -2.93164        
7.30937        -3.30566        7.6154        -2.93164        
7.46167        -3.36429        7.6154        -2.93164        
7.61398        -3.42292        7.6154        -2.93164        
7.76629        -3.48156        7.6154        -2.93164        
7.9186        -3.54019        7.6154        -2.93164        
8.07091        -3.59882        7.6154        -2.93164        
8.22321        -3.65746        7.6154        -2.93164        
8.37552        -3.71609        7.6154        -2.93164        
8.52783        -3.77472        7.6154        -2.93164        
8.68014        -3.83335        7.6154        -2.93164        
8.83245        -3.89199        7.6154        -2.93164        
8.98475        -3.95062        7.6154        -2.93164        
9.13706        -4.00925        7.6154        -2.93164        
9.28937        -4.06789        7.6154        -2.93164        
9.44168        -4.12652        7.6154        -2.93164        
9.59399        -4.18515        7.6154        -2.93164        
9.74629        -4.24378        7.6154        -2.93164        
9.8986        -4.30242        7.6154        -2.93164        
10.0509        -4.36105        7.6154        -2.93164        
10.2032        -4.41968        7.6154        -2.93164        
10.3555        -4.47832        7.6154        -2.93164        
10.5078        -4.53695        7.6154        -2.93164        
10.6601        -4.59558        7.6154        -2.93164        
10.8124        -4.65421        7.6154        -2.93164        
10.9648        -4.71285        7.6154        -2.93164        
11.1171        -4.77148        7.6154        -2.93164        
11.2694        -4.83011        7.6154        -2.93164        
11.4217        -4.88875        7.6154        -2.93164        
11.574        -4.94738        7.6154        -2.93164        
11.7263        -5.00601        7.6154        -2.93164        
11.8786        -5.06464        7.6154        -2.93164        
12.0309        -5.12328        7.6154        -2.93164        
12.1832        -5.18191        7.6154        -2.93164        
12.3355        -5.24054        7.6154        -2.93164        
12.4878        -5.29917        7.6154        -2.93164        
12.6401        -5.35781        7.6154        -2.93164        
12.7925        -5.41644        7.6154        -2.93164        
12.9448        -5.47507        7.6154        -2.93164        
13.0971        -5.53371        7.6154        -2.93164        
13.2494        -5.59234        7.6154        -2.93164        
13.4017        -5.65097        7.6154        -2.93164        
13.554        -5.7096        7.6154        -2.93164        
13.7063        -5.76824        7.6154        -2.93164        
13.8586        -5.82687        7.6154        -2.93164        
14.0109        -5.8855        7.6154        -2.93164        
14.1632        -5.94414        7.6154        -2.93164        
14.3155        -6.00277        7.6154        -2.93164        
14.4678        -6.0614        7.6154        -2.93164        
14.6201        -6.12003        7.6154        -2.93164        
14.7725        -6.17867        7.6154        -2.93164        
14.9248        -6.2373        7.6154        -2.93164        
15.0771        -6.29593        7.6154        -2.93164        
15.2294        -6.35457        7.6154        -2.93164        
15.3817        -6.4132        7.6154        -2.93164        
15.534        -6.47183        7.6154        -2.93164        
15.6863        -6.53046        7.6154        -2.93164        
15.8386        -6.5891        7.6154        -2.93164        
15.9909        -6.64773        7.6154        -2.93164        
16.1432        -6.70636        7.6154        -2.93164        
16.2955        -6.765        7.6154        -2.93164        
16.4478        -6.82363        7.6154        -2.93164        
16.6002        -6.88226        7.6154        -2.93164        
16.7525        -6.94089        7.6154        -2.93164        
16.9048        -6.99953        7.6154        -2.93164        
17.0571        -7.05816        7.6154        -2.93164        
17.2094        -7.11679        7.6154        -2.93164        
17.3617        -7.17543        7.6154        -2.93164        
17.514        -7.23406        7.6154        -2.93164        
17.6663        -7.29269        7.6154        -2.93164        
17.8186        -7.35132        7.6154        -2.93164        
17.9709        -7.40996        7.6154        -2.93164        
18.1232        -7.46859        7.6154        -2.93164        
18.2755        -7.52722        7.6154        -2.93164        
18.4278        -7.58585        7.6154        -2.93164        
18.5802        -7.64449        7.6154        -2.93164        
18.7325        -7.70312        7.6154        -2.93164        
18.8848        -7.76175        7.6154        -2.93164        
19.0371        -7.82039        7.6154        -2.93164        
19.1894        -7.87902        7.6154        -2.93164        
19.3417        -7.93765        7.6154        -2.93164        
19.494        -7.99628        7.6154        -2.93164        
19.6463        -8.05492        7.6154        -2.93164        
19.7986        -8.11355        7.6154        -2.93164        
19.9509        -8.17218        7.6154        -2.93164        
20.1032        -8.23082        7.6154        -2.93164        
20.2555        -8.28945        7.6154        -2.93164        
20.4079        -8.34808        7.6154        -2.93164        
20.5602        -8.40671        7.6154        -2.93164        
20.7125        -8.46535        7.6154        -2.93164        
20.8648        -8.52398        7.6154        -2.93164        
21.0171        -8.58261        7.6154        -2.93164        
21.1694        -8.64125        7.6154        -2.93164        
21.3217        -8.69988        7.6154        -2.93164        
21.474        -8.75851        7.6154        -2.93164        
21.6263        -8.81714        7.6154        -2.93164        
21.7786        -8.87578        7.6154        -2.93164        
21.9309        -8.93441        7.6154        -2.93164        
22.0832        -8.99304        7.6154        -2.93164        
22.2355        -9.05168        7.6154        -2.93164        
22.3879        -9.11031        7.6154        -2.93164        
22.5402        -9.16894        7.6154        -2.93164        
22.6925        -9.22757        7.6154        -2.93164        
22.8448        -9.28621        7.6154        -2.93164        
22.9971        -9.34484        7.6154        -2.93164        
23.1494        -9.40347        7.6154        -2.93164        
23.3017        -9.46211        7.6154        -2.93164        
23.454        -9.52074        7.6154        -2.93164        
23.6063        -9.57937        7.6154        -2.93164        
23.7586        -9.638        7.6154        -2.93164        
23.9109        -9.69664        7.6154        -2.93164        
24.0632        -9.75527        7.6154        -2.93164        
24.2156        -9.8139        7.6154        -2.93164        
24.3679        -9.87253        7.6154        -2.93164        
24.5202        -9.93117        7.6154        -2.93164        
24.6725        -9.9898        7.6154        -2.93164        
24.8248        -10.0484        7.6154        -2.93164        
24.9771        -10.1071        7.6154        -2.93164        
25.1294        -10.1657        7.6154        -2.93164        
25.2817        -10.2243        7.6154        -2.93164        
25.434        -10.283        7.6154        -2.93164        
25.5863        -10.3416        7.6154        -2.93164        
25.7386        -10.4002        7.6154        -2.93164        
25.8909        -10.4589        7.6154        -2.93164        
26.0432        -10.5175        7.6154        -2.93164        
26.1956        -10.5761        7.6154        -2.93164        
26.3479        -10.6348        7.6154        -2.93164        
26.5002        -10.6934        7.6154        -2.93164        
26.6525        -10.752        7.6154        -2.93164        
26.8048        -10.8107        7.6154        -2.93164        
26.9571        -10.8693        7.6154        -2.93164        
27.1094        -10.9279        7.6154        -2.93164        
27.2617        -10.9866        7.6154        -2.93164        
27.414        -11.0452        7.6154        -2.93164        
27.5663        -11.1038        7.6154        -2.93164        
27.7186        -11.1625        7.6154        -2.93164        
27.8709        -11.2211        7.6154        -2.93164        
28.0233        -11.2797        7.6154        -2.93164        
28.1756        -11.3384        7.6154        -2.93164        
28.3279        -11.397        7.6154        -2.93164        
28.4802        -11.4556        7.6154        -2.93164        
28.6325        -11.5143        7.6154        -2.93164        
28.7848        -11.5729        7.6154        -2.93164        
28.9371        -11.6315        7.6154        -2.93164        
29.0894        -11.6902        7.6154        -2.93164        
29.2417        -11.7488        7.6154        -2.93164        
29.394        -11.8074        7.6154        -2.93164        
29.5463        -11.8661        7.6154        -2.93164        
29.6986        -11.9247        7.6154        -2.93164        
29.8509        -11.9833        7.6154        -2.93164        
30.0033        -12.0419        7.6154        -2.93164        
30.1556        -12.1006        7.6154        -2.93164        
30.3079        -12.1592        7.6154        -2.93164        
30.4602        -12.2178        7.6154        -2.93164        
30.6125        -12.2765        7.6154        -2.93164        
30.7648        -12.3351        7.6154        -2.93164        
30.9171        -12.3937        7.6154        -2.93164        
31.0694        -12.4524        7.6154        -2.93164        
31.2217        -12.511        7.6154        -2.93164        
31.374        -12.5696        7.6154        -2.93164        
31.5263        -12.6283        7.6154        -2.93164        
31.6786        -12.6869        7.6154        -2.93164        
31.831        -12.7455        7.6154        -2.93164        
31.9833        -12.8042        7.6154        -2.93164        
32.1356        -12.8628        7.6154        -2.93164        
32.2879        -12.9214        7.6154        -2.93164        
32.4402        -12.9801        7.6154        -2.93164        
32.5925        -13.0387        7.6154        -2.93164        
32.7448        -13.0973        7.6154        -2.93164        
32.8971        -13.156        7.6154        -2.93164        
33.0494        -13.2146        7.6154        -2.93164        
33.2017        -13.2732        7.6154        -2.93164        
33.354        -13.3319        7.6154        -2.93164        
33.5063        -13.3905        7.6154        -2.93164        
33.6586        -13.4491        7.6154        -2.93164        
33.811        -13.5078        7.6154        -2.93164        
33.9633        -13.5664        7.6154        -2.93164        
34.1156        -13.625        7.6154        -2.93164        
34.2679        -13.6837        7.6154        -2.93164        
34.4202        -13.7423        7.6154        -2.93164        
34.5725        -13.8009        7.6154        -2.93164        
34.7248        -13.8596        7.6154        -2.93164        
34.8771        -13.9182        7.6154        -2.93164        
35.0294        -13.9768        7.6154        -2.93164        
35.1817        -14.0355        7.6154        -2.93164        
35.334        -14.0941        7.6154        -2.93164        
35.4863        -14.1527        7.6154        -2.93164        
35.6387        -14.2114        7.6154        -2.93164        
35.791        -14.27        7.6154        -2.93164        
35.9433        -14.3286        7.6154        -2.93164        
36.0956        -14.3873        7.6154        -2.93164        
36.2479        -14.4459        7.6154        -2.93164        
36.4002        -14.5045        7.6154        -2.93164        
36.5525        -14.5632        7.6154        -2.93164        
36.7048        -14.6218        7.6154        -2.93164        
36.8571        -14.6804        7.6154        -2.93164        
37.0094        -14.7391        7.6154        -2.93164        
37.1617        -14.7977        7.6154        -2.93164        
37.314        -14.8563        7.6154        -2.93164        
37.4663        -14.915        7.6154        -2.93164        
37.6187        -14.9736        7.6154        -2.93164        
37.771        -15.0322        7.6154        -2.93164        
37.9233        -15.0909        7.6154        -2.93164        
38.0756        -15.1495        7.6154        -2.93164        
38.2279        -15.2081        7.6154        -2.93164        
38.3802        -15.2668        7.6154        -2.93164        
38.5325        -15.3254        7.6154        -2.93164        
38.6848        -15.384        7.6154        -2.93164        
38.8371        -15.4427        7.6154        -2.93164        
38.9894        -15.5013        7.6154        -2.93164        
39.1417        -15.5599        7.6154        -2.93164        
39.294        -15.6186        7.6154        -2.93164        
39.4464        -15.6772        7.6154        -2.93164        
39.5987        -15.7358        7.6154        -2.93164        
39.751        -15.7944        7.6154        -2.93164        
39.9033        -15.8531        7.6154        -2.93164        
40.0556        -15.9117        7.6154        -2.93164        
40.2079        -15.9703        7.6154        -2.93164        
40.3602        -16.029        7.6154        -2.93164        
40.5125        -16.0876        7.6154        -2.93164        
40.6648        -16.1462        7.6154        -2.93164        
40.8171        -16.2049        7.6154        -2.93164        
40.9694        -16.2635        7.6154        -2.93164        
41.1217        -16.3221        7.6154        -2.93164        
41.274        -16.3808        7.6154        -2.93164        
41.4264        -16.4394        7.6154        -2.93164        
41.5787        -16.498        7.6154        -2.93164        
41.731        -16.5567        7.6154        -2.93164        
41.8833        -16.6153        7.6154        -2.93164        
42.0356        -16.6739        7.6154        -2.93164        
42.1879        -16.7326        7.6154        -2.93164        
42.3402        -16.7912        7.6154        -2.93164        
42.4925        -16.8498        7.6154        -2.93164        
42.6448        -16.9085        7.6154        -2.93164        
42.7971        -16.9671        7.6154        -2.93164        
42.9494        -17.0257        7.6154        -2.93164        
43.1017        -17.0844        7.6154        -2.93164        
43.2541        -17.143        7.6154        -2.93164        
43.4064        -17.2016        7.6154        -2.93164        
43.5587        -17.2603        7.6154        -2.93164        
43.711        -17.3189        7.6154        -2.93164        
43.8633        -17.3775        7.6154        -2.93164        
44.0156        -17.4362        7.6154        -2.93164        
44.1679        -17.4948        7.6154        -2.93164        
44.3202        -17.5534        7.6154        -2.93164        
44.4725        -17.6121        7.6154        -2.93164        
44.6248        -17.6707        7.6154        -2.93164        
44.7771        -17.7293        7.6154        -2.93164        
44.9294        -17.788        7.6154        -2.93164        
45.0817        -17.8466        7.6154        -2.93164        
45.2341        -17.9052        7.6154        -2.93164        
45.3864        -17.9639        7.6154        -2.93164        
45.5387        -18.0225        7.6154        -2.93164        
45.691        -18.0811        7.6154        -2.93164        
45.8433        -18.1398        7.6154        -2.93164        
45.9956        -18.1984        7.6154        -2.93164        
46.1479        -18.257        7.6154        -2.93164        
46.3002        -18.3157        7.6154        -2.93164        
46.4525        -18.3743        7.6154        -2.93164        
46.6048        -18.4329        7.6154        -2.93164        
46.7571        -18.4916        7.6154        -2.93164        
46.9094        -18.5502        7.6154        -2.93164        
47.0618        -18.6088        7.6154        -2.93164        
47.2141        -18.6675        7.6154        -2.93164        
47.3664        -18.7261        7.6154        -2.93164        
47.5187        -18.7847        7.6154        -2.93164        
47.671        -18.8434        7.6154        -2.93164        
47.8233        -18.902        7.6154        -2.93164        
47.9756        -18.9606        7.6154        -2.93164        
48.1279        -19.0193        7.6154        -2.93164        
48.2802        -19.0779        7.6154        -2.93164        
48.4325        -19.1365        7.6154        -2.93164        
48.5848        -19.1952        7.6154        -2.93164        
48.7371        -19.2538        7.6154        -2.93164        
48.8894        -19.3124        7.6154        -2.93164        
49.0418        -19.3711        7.6154        -2.93164        
49.1941        -19.4297        7.6154        -2.93164        
49.3464        -19.4883        7.6154        -2.93164        
49.4987        -19.5469        7.6154        -2.93164        
49.651        -19.6056        7.6154        -2.93164        
49.8033        -19.6642        7.6154        -2.93164        
49.9556        -19.7228        7.6154        -2.93164        
50.1079        -19.7815        7.6154        -2.93164        
50.2602        -19.8401        7.6154        -2.93164        
50.4125        -19.8987        7.6154        -2.93164        
50.5648        -19.9574        7.6154        -2.93164        
50.7171        -20.016        7.6154        -2.93164        
50.8695        -20.0746        7.6154        -2.93164        
51.0218        -20.1333        7.6154        -2.93164        
51.1741        -20.1919        7.6154        -2.93164        
51.3264        -20.2505        7.6154        -2.93164        
51.4787        -20.3092        7.6154        -2.93164        
51.631        -20.3678        7.6154        -2.93164        
51.7833        -20.4264        7.6154        -2.93164        
51.9356        -20.4851        7.6154        -2.93164        
52.0879        -20.5437        7.6154        -2.93164        
52.2402        -20.6023        7.6154        -2.93164        
52.3925        -20.661        7.6154        -2.93164        
52.5448        -20.7196        7.6154        -2.93164        
52.6971        -20.7782        7.6154        -2.93164        
52.8495        -20.8369        7.6154        -2.93164        
53.0018        -20.8955        7.6154        -2.93164        
53.1541        -20.9541        7.6154        -2.93164        
53.3064        -21.0128        7.6154        -2.93164        
53.4587        -21.0714        7.6154        -2.93164        
53.611        -21.13        7.6154        -2.93164        
53.7633        -21.1887        7.6154        -2.93164        
53.9156        -21.2473        7.6154        -2.93164        
54.0679        -21.3059        7.6154        -2.93164        
54.2202        -21.3646        7.6154        -2.93164        
54.3725        -21.4232        7.6154        -2.93164        
54.5248        -21.4818        7.6154        -2.93164        
54.6772        -21.5405        7.6154        -2.93164        
54.8295        -21.5991        7.6154        -2.93164        
54.9818        -21.6577        7.6154        -2.93164        
55.1341        -21.7164        7.6154        -2.93164        
55.2864        -21.775        7.6154        -2.93164        
55.4387        -21.8336        7.6154        -2.93164        
55.591        -21.8923        7.6154        -2.93164        
55.7433        -21.9509        7.6154        -2.93164        
55.8956        -22.0095        7.6154        -2.93164        
56.0479        -22.0682        7.6154        -2.93164        
56.2002        -22.1268        7.6154        -2.93164        
56.3525        -22.1854        7.6154        -2.93164        
56.5048        -22.2441        7.6154        -2.93164        
56.6572        -22.3027        7.6154        -2.93164        
56.8095        -22.3613        7.6154        -2.93164        
56.9618        -22.42        7.6154        -2.93164        
57.1141        -22.4786        7.6154        -2.93164        
57.2664        -22.5372        7.6154        -2.93164        
57.4187        -22.5959        7.6154        -2.93164        
57.571        -22.6545        7.6154        -2.93164        
57.7233        -22.7131        7.6154        -2.93164        
57.8756        -22.7718        7.6154        -2.93164        
58.0279        -22.8304        7.6154        -2.93164        
58.1802        -22.889        7.6154        -2.93164        
58.3325        -22.9477        7.6154        -2.93164        
58.4849        -23.0063        7.6154        -2.93164        
58.6372        -23.0649        7.6154        -2.93164        
58.7895        -23.1236        7.6154        -2.93164        
58.9418        -23.1822        7.6154        -2.93164        
59.0941        -23.2408        7.6154        -2.93164        
59.2464        -23.2995        7.6154        -2.93164        
59.3987        -23.3581        7.6154        -2.93164        
59.551        -23.4167        7.6154        -2.93164        
59.7033        -23.4753        7.6154        -2.93164        
59.8556        -23.534        7.6154        -2.93164        
60.0079        -23.5926        7.6154        -2.93164        
60.1602        -23.6512        7.6154        -2.93164        
60.3125        -23.7099        7.6154        -2.93164        
60.4649        -23.7685        7.6154        -2.93164        
60.6172        -23.8271        7.6154        -2.93164        
60.7695        -23.8858        7.6154        -2.93164        
60.9218        -23.9444        7.6154        -2.93164        
61.0741        -24.003        7.6154        -2.93164        
61.2264        -24.0617        7.6154        -2.93164        
61.3787        -24.1203        7.6154        -2.93164        
61.531        -24.1789        7.6154        -2.93164        
61.6833        -24.2376        7.6154        -2.93164        
61.8356        -24.2962        7.6154        -2.93164        
61.9879        -24.3548        7.6154        -2.93164        
62.1402        -24.4135        7.6154        -2.93164        
62.2926        -24.4721        7.6154        -2.93164        
62.4449        -24.5307        7.6154        -2.93164        
62.5972        -24.5894        7.6154        -2.93164        
62.7495        -24.648        7.6154        -2.93164        
62.9018        -24.7066        7.6154        -2.93164        
63.0541        -24.7653        7.6154        -2.93164        
63.2064        -24.8239        7.6154        -2.93164        
63.3587        -24.8825        7.6154        -2.93164        
63.511        -24.9412        7.6154        -2.93164        
63.6633        -24.9998        7.6154        -2.93164        
63.8156        -25.0584        7.6154        -2.93164        
63.9679        -25.1171        7.6154        -2.93164        
64.1202        -25.1757        7.6154        -2.93164        
64.2726        -25.2343        7.6154        -2.93164        
64.4249        -25.293        7.6154        -2.93164        
64.5772        -25.3516        7.6154        -2.93164        
64.7295        -25.4102        7.6154        -2.93164        
64.8818        -25.4689        7.6154        -2.93164        
65.0341        -25.5275        7.6154        -2.93164        
65.1864        -25.5861        7.6154        -2.93164        
65.3387        -25.6448        7.6154        -2.93164        
65.491        -25.7034        7.6154        -2.93164        
65.6433        -25.762        7.6154        -2.93164        
65.7956        -25.8207        7.6154        -2.93164        
65.9479        -25.8793        7.6154        -2.93164        
66.1003        -25.9379        7.6154        -2.93164        
66.2526        -25.9966        7.6154        -2.93164        
66.4049        -26.0552        7.6154        -2.93164        
66.5572        -26.1138        7.6154        -2.93164        
66.7095        -26.1725        7.6154        -2.93164        
66.8618        -26.2311        7.6154        -2.93164        
67.0141        -26.2897        7.6154        -2.93164        
67.1664        -26.3484        7.6154        -2.93164        
67.3187        -26.407        7.6154        -2.93164        
67.471        -26.4656        7.6154        -2.93164        
67.6233        -26.5243        7.6154        -2.93164        
67.7756        -26.5829        7.6154        -2.93164        
67.9279        -26.6415        7.6154        -2.93164        
68.0803        -26.7002        7.6154        -2.93164        
68.2326        -26.7588        7.6154        -2.93164        
68.3849        -26.8174        7.6154        -2.93164        
68.5372        -26.8761        7.6154        -2.93164        
68.6895        -26.9347        7.6154        -2.93164        
68.8418        -26.9933        7.6154        -2.93164        
68.9941        -27.052        7.6154        -2.93164        
69.1464        -27.1106        7.6154        -2.93164        
69.2987        -27.1692        7.6154        -2.93164        
69.451        -27.2278        7.6154        -2.93164        
69.6033        -27.2865        7.6154        -2.93164        
69.7556        -27.3451        7.6154        -2.93164        
69.908        -27.4037        7.6154        -2.93164        
70.0603        -27.4624        7.6154        -2.93164        
70.2126        -27.521        7.6154        -2.93164        
70.3649        -27.5796        7.6154        -2.93164        
70.5172        -27.6383        7.6154        -2.93164        
70.6695        -27.6969        7.6154        -2.93164        
70.8218        -27.7555        7.6154        -2.93164        
70.9741        -27.8142        7.6154        -2.93164        
71.1264        -27.8728        7.6154        -2.93164        
71.2787        -27.9314        7.6154        -2.93164        
71.431        -27.9901        7.6154        -2.93164        
71.5833        -28.0487        7.6154        -2.93164        
71.7356        -28.1073        7.6154        -2.93164        
71.888        -28.166        7.6154        -2.93164        
72.0403        -28.2246        7.6154        -2.93164        
72.1926        -28.2832        7.6154        -2.93164        
72.3449        -28.3419        7.6154        -2.93164        
72.4972        -28.4005        7.6154        -2.93164        
72.6495        -28.4591        7.6154        -2.93164        
72.8018        -28.5178        7.6154        -2.93164        
72.9541        -28.5764        7.6154        -2.93164        
73.1064        -28.635        7.6154        -2.93164        
73.2587        -28.6937        7.6154        -2.93164        
73.411        -28.7523        7.6154        -2.93164        
73.5633        -28.8109        7.6154        -2.93164        
73.7157        -28.8696        7.6154        -2.93164        
73.868        -28.9282        7.6154        -2.93164        
74.0203        -28.9868        7.6154        -2.93164        
74.1726        -29.0455        7.6154        -2.93164        
74.3249        -29.1041        7.6154        -2.93164        
74.4772        -29.1627        7.6154        -2.93164        
74.6295        -29.2214        7.6154        -2.93164        
74.7818        -29.28        7.6154        -2.93164        
74.9341        -29.3386        7.6154        -2.93164        
75.0864        -29.3973        7.6154        -2.93164        
75.2387        -29.4559        7.6154        -2.93164        
75.391        -29.5145        7.6154        -2.93164        
75.5433        -29.5732        7.6154        -2.93164        
75.6957        -29.6318        7.6154        -2.93164        
75.848        -29.6904        7.6154        -2.93164        
76.0003        -29.7491        7.6154        -2.93164        
76.1526        -29.8077        7.6154        -2.93164        
76.3049        -29.8663        7.6154        -2.93164        
76.4572        -29.925        7.6154        -2.93164        
76.6095        -29.9836        7.6154        -2.93164        
76.7618        -30.0422        7.6154        -2.93164        
76.9141        -30.1009        7.6154        -2.93164        
77.0664        -30.1595        7.6154        -2.93164        
77.2187        -30.2181        7.6154        -2.93164        
77.371        -30.2768        7.6154        -2.93164        
77.5234        -30.3354        7.6154        -2.93164        
77.6757        -30.394        7.6154        -2.93164        
77.828        -30.4527        7.6154        -2.93164        
77.9803        -30.5113        7.6154        -2.93164        
78.1326        -30.5699        7.6154        -2.93164        
78.2849        -30.6286        7.6154        -2.93164        
78.4372        -30.6872        7.6154        -2.93164        
78.5895        -30.7458        7.6154        -2.93164        
78.7418        -30.8045        7.6154        -2.93164        
78.8941        -30.8631        7.6154        -2.93164        
79.0464        -30.9217        7.6154        -2.93164        
79.1987        -30.9803        7.6154        -2.93164        
79.351        -31.039        7.6154        -2.93164        
79.5034        -31.0976        7.6154        -2.93164        
79.6557        -31.1562        7.6154        -2.93164        
79.808        -31.2149        7.6154        -2.93164        
79.9603        -31.2735        7.6154        -2.93164        
80.1126        -31.3321        7.6154        -2.93164        
80.2649        -31.3908        7.6154        -2.93164        
80.4172        -31.4494        7.6154        -2.93164        
80.5695        -31.508        7.6154        -2.93164        
80.7218        -31.5667        7.6154        -2.93164        
80.8741        -31.6253        7.6154        -2.93164        
81.0264        -31.6839        7.6154        -2.93164        
81.1787        -31.7426        7.6154        -2.93164        
81.3311        -31.8012        7.6154        -2.93164        
81.4834        -31.8598        7.6154        -2.93164        
81.6357        -31.9185        7.6154        -2.93164        
81.788        -31.9771        7.6154        -2.93164        
81.9403        -32.0357        7.6154        -2.93164        
82.0926        -32.0944        7.6154        -2.93164        
82.2449        -32.153        7.6154        -2.93164        
82.3972        -32.2116        7.6154        -2.93164        
82.5495        -32.2703        7.6154        -2.93164        
82.7018        -32.3289        7.6154        -2.93164        
82.8541        -32.3875        7.6154        -2.93164        
83.0064        -32.4462        7.6154        -2.93164        
83.1587        -32.5048        7.6154        -2.93164        
83.3111        -32.5634        7.6154        -2.93164        
83.4634        -32.6221        7.6154        -2.93164        
83.6157        -32.6807        7.6154        -2.93164        
83.768        -32.7393        7.6154        -2.93164        
83.9203        -32.798        7.6154        -2.93164        
84.0726        -32.8566        7.6154        -2.93164        
84.2249        -32.9152        7.6154        -2.93164        
84.3772        -32.9739        7.6154        -2.93164        
84.5295        -33.0325        7.6154        -2.93164        
84.6818        -33.0911        7.6154        -2.93164        
84.8341        -33.1498        7.6154        -2.93164        
84.9864        -33.2084        7.6154        -2.93164        
85.1388        -33.267        7.6154        -2.93164        
85.2911        -33.3257        7.6154        -2.93164        
85.4434        -33.3843        7.6154        -2.93164        
85.5957        -33.4429        7.6154        -2.93164        
85.748        -33.5016        7.6154        -2.93164        
85.9003        -33.5602        7.6154        -2.93164        
86.0526        -33.6188        7.6154        -2.93164        
86.2049        -33.6775        7.6154        -2.93164        
86.3572        -33.7361        7.6154        -2.93164        
86.5095        -33.7947        7.6154        -2.93164        
86.6618        -33.8534        7.6154        -2.93164        
86.8141        -33.912        7.6154        -2.93164        
86.9664        -33.9706        7.6154        -2.93164        
87.1188        -34.0293        7.6154        -2.93164        
87.2711        -34.0879        7.6154        -2.93164        
87.4234        -34.1465        7.6154        -2.93164        
87.5757        -34.2052        7.6154        -2.93164        
87.728        -34.2638        7.6154        -2.93164        
87.8803        -34.3224        7.6154        -2.93164        
88.0326        -34.3811        7.6154        -2.93164        
88.1849        -34.4397        7.6154        -2.93164        
88.3372        -34.4983        7.6154        -2.93164        
88.4895        -34.557        7.6154        -2.93164        
88.6418        -34.6156        7.6154        -2.93164        
88.7941        -34.6742        7.6154        -2.93164        
88.9465        -34.7328        7.6154        -2.93164        
89.0988        -34.7915        7.6154        -2.93164        
89.2511        -34.8501        7.6154        -2.93164        
89.4034        -34.9087        7.6154        -2.93164        
89.5557        -34.9674        7.6154        -2.93164        
89.708        -35.026        7.6154        -2.93164        
89.8603        -35.0846        7.6154        -2.93164        
90.0126        -35.1433        7.6154        -2.93164        
90.1649        -35.2019        7.6154        -2.93164        
90.3172        -35.2605        7.6154        -2.93164        
90.4695        -35.3192        7.6154        -2.93164        
90.6218        -35.3778        7.6154        -2.93164        
90.7741        -35.4364        7.6154        -2.93164        
90.9265        -35.4951        7.6154        -2.93164        
91.0788        -35.5537        7.6154        -2.93164        
91.2311        -35.6123        7.6154        -2.93164        
91.3834        -35.671        7.6154        -2.93164        
91.5357        -35.7296        7.6154        -2.93164        
91.688        -35.7882        7.6154        -2.93164        
91.8403        -35.8469        7.6154        -2.93164        
91.9926        -35.9055        7.6154        -2.93164        
92.1449        -35.9641        7.6154        -2.93164        
92.2972        -36.0228        7.6154        -2.93164        
92.4495        -36.0814        7.6154        -2.93164        
92.6018        -36.14        7.6154        -2.93164        
92.7542        -36.1987        7.6154        -2.93164        
92.9065        -36.2573        7.6154        -2.93164        
93.0588        -36.3159        7.6154        -2.93164        
93.2111        -36.3746        7.6154        -2.93164        
93.3634        -36.4332        7.6154        -2.93164        
93.5157        -36.4918        7.6154        -2.93164        
93.668        -36.5505        7.6154        -2.93164        
93.8203        -36.6091        7.6154        -2.93164        
93.9726        -36.6677        7.6154        -2.93164        
94.1249        -36.7264        7.6154        -2.93164        
94.2772        -36.785        7.6154        -2.93164        
94.4295        -36.8436        7.6154        -2.93164        
94.5818        -36.9023        7.6154        -2.93164        
94.7342        -36.9609        7.6154        -2.93164        
94.8865        -37.0195        7.6154        -2.93164        
95.0388        -37.0782        7.6154        -2.93164        
95.1911        -37.1368        7.6154        -2.93164        
95.3434        -37.1954        7.6154        -2.93164        
95.4957        -37.2541        7.6154        -2.93164        
95.648        -37.3127        7.6154        -2.93164        
95.8003        -37.3713        7.6154        -2.93164        
95.9526        -37.43        7.6154        -2.93164        
96.1049        -37.4886        7.6154        -2.93164        
96.2572        -37.5472        7.6154        -2.93164        
96.4095        -37.6059        7.6154        -2.93164        
96.5618        -37.6645        7.6154        -2.93164        
96.7142        -37.7231        7.6154        -2.93164        
96.8665        -37.7818        7.6154        -2.93164        
97.0188        -37.8404        7.6154        -2.93164        
97.1711        -37.899        7.6154        -2.93164        
97.3234        -37.9577        7.6154        -2.93164        
97.4757        -38.0163        7.6154        -2.93164        
97.628        -38.0749        7.6154        -2.93164        
97.7803        -38.1336        7.6154        -2.93164        
97.9326        -38.1922        7.6154        -2.93164        
98.0849        -38.2508        7.6154        -2.93164        
98.2372        -38.3095        7.6154        -2.93164        
98.3895        -38.3681        7.6154        -2.93164        
98.5419        -38.4267        7.6154        -2.93164        
98.6942        -38.4854        7.6154        -2.93164        
98.8465        -38.544        7.6154        -2.93164        
98.9988        -38.6026        7.6154        -2.93164        
99.1511        -38.6612        7.6154        -2.93164        
99.3034        -38.7199        7.6154        -2.93164        
99.4557        -38.7785        7.6154        -2.93164        
99.608        -38.8371        7.6154        -2.93164        
99.7603        -38.8958        7.6154        -2.93164        
99.9126        -38.9544        7.6154        -2.93164        
100.065        -39.013        7.6154        -2.93164        
100.217        -39.0717        7.6154        -2.93164        
100.37        -39.1303        7.6154        -2.93164        
100.522        -39.1889        7.6154        -2.93164        
100.674        -39.2476        7.6154        -2.93164        
100.826        -39.3062        7.6154        -2.93164        
100.979        -39.3648        7.6154        -2.93164        
101.131        -39.4235        7.6154        -2.93164        
101.283        -39.4821        7.6154        -2.93164        
101.436        -39.5407        7.6154        -2.93164        
101.588        -39.5994        7.6154        -2.93164        
101.74        -39.658        7.6154        -2.93164        
101.893        -39.7166        7.6154        -2.93164        
102.045        -39.7753        7.6154        -2.93164        
102.197        -39.8339        7.6154        -2.93164        
102.35        -39.8925        7.6154        -2.93164        
102.502        -39.9512        7.6154        -2.93164        
102.654        -40.0098        7.6154        -2.93164        
102.806        -40.0684        7.6154        -2.93164        
102.959        -40.1271        7.6154        -2.93164        
103.111        -40.1857        7.6154        -2.93164        
103.263        -40.2443        7.6154        -2.93164        
103.416        -40.303        7.6154        -2.93164        
103.568        -40.3616        7.6154        -2.93164        
103.72        -40.4202        7.6154        -2.93164        
103.873        -40.4789        7.6154        -2.93164        
104.025        -40.5375        7.6154        -2.93164        
104.177        -40.5961        7.6154        -2.93164        
104.33        -40.6548        7.6154        -2.93164        
104.482        -40.7134        7.6154        -2.93164        
104.634        -40.772        7.6154        -2.93164        
104.786        -40.8307        7.6154        -2.93164        
104.939        -40.8893        7.6154        -2.93164        
105.091        -40.9479        7.6154        -2.93164        
105.243        -41.0066        7.6154        -2.93164        
105.396        -41.0652        7.6154        -2.93164        
105.548        -41.1238        7.6154        -2.93164        
105.7        -41.1825        7.6154        -2.93164        
105.853        -41.2411        7.6154        -2.93164        
106.005        -41.2997        7.6154        -2.93164        
106.157        -41.3584        7.6154        -2.93164        
106.31        -41.417        7.6154        -2.93164        
106.462        -41.4756        7.6154        -2.93164        
106.614        -41.5343        7.6154        -2.93164        
106.766        -41.5929        7.6154        -2.93164        
106.919        -41.6515        7.6154        -2.93164        
107.071        -41.7102        7.6154        -2.93164        
107.223        -41.7688        7.6154        -2.93164        
107.376        -41.8274        7.6154        -2.93164        
107.528        -41.8861        7.6154        -2.93164        
107.68        -41.9447        7.6154        -2.93164        
107.833        -42.0033        7.6154        -2.93164        
107.985        -42.062        7.6154        -2.93164        
108.137        -42.1206        7.6154        -2.93164        
108.29        -42.1792        7.6154        -2.93164        
108.442        -42.2379        7.6154        -2.93164        
108.594        -42.2965        7.6154        -2.93164        
108.746        -42.3551        7.6154        -2.93164        
108.899        -42.4137        7.6154        -2.93164        
109.051        -42.4724        7.6154        -2.93164        
109.203        -42.531        7.6154        -2.93164        
109.356        -42.5896        7.6154        -2.93164        
109.508        -42.6483        7.6154        -2.93164        
109.66        -42.7069        7.6154        -2.93164        
109.813        -42.7655        7.6154        -2.93164        
109.965        -42.8242        7.6154        -2.93164        
110.117        -42.8828        7.6154        -2.93164        
110.27        -42.9414        7.6154        -2.93164        
110.422        -43.0001        7.6154        -2.93164        
110.574        -43.0587        7.6154        -2.93164        
110.726        -43.1173        7.6154        -2.93164        
110.879        -43.176        7.6154        -2.93164        
111.031        -43.2346        7.6154        -2.93164        
111.183        -43.2932        7.6154        -2.93164        
111.336        -43.3519        7.6154        -2.93164        
111.488        -43.4105        7.6154        -2.93164        
111.64        -43.4691        7.6154        -2.93164        
111.793        -43.5278        7.6154        -2.93164        
111.945        -43.5864        7.6154        -2.93164        
112.097        -43.645        7.6154        -2.93164        
112.25        -43.7037        7.6154        -2.93164        
112.402        -43.7623        7.6154        -2.93164        
112.554        -43.8209        7.6154        -2.93164        
112.706        -43.8796        7.6154        -2.93164        
112.859        -43.9382        7.6154        -2.93164        
113.011        -43.9968        7.6154        -2.93164        
113.163        -44.0555        7.6154        -2.93164        
113.316        -44.1141        7.6154        -2.93164        
113.468        -44.1727        7.6154        -2.93164        
113.62        -44.2314        7.6154        -2.93164        
113.773        -44.29        7.6154        -2.93164        
113.925        -44.3486        7.6154        -2.93164        
114.077        -44.4073        7.6154        -2.93164        
114.23        -44.4659        7.6154        -2.93164        
114.382        -44.5245        7.6154        -2.93164        
114.534        -44.5832        7.6154        -2.93164        
114.687        -44.6418        7.6154        -2.93164        
114.839        -44.7004        7.6154        -2.93164        
114.991        -44.7591        7.6154        -2.93164        
115.143        -44.8177        7.6154        -2.93164        
115.296        -44.8763        7.6154        -2.93164        
115.448        -44.935        7.6154        -2.93164        
115.6        -44.9936        7.6154        -2.93164        
115.753        -45.0522        7.6154        -2.93164        
115.905        -45.1109        7.6154        -2.93164        
116.057        -45.1695        7.6154        -2.93164        
116.21        -45.2281        7.6154        -2.93164        
116.362        -45.2868        7.6154        -2.93164        
116.514        -45.3454        7.6154        -2.93164        
116.667        -45.404        7.6154        -2.93164        
116.819        -45.4627        7.6154        -2.93164        
116.971        -45.5213        7.6154        -2.93164        
117.123        -45.5799        7.6154        -2.93164        
117.276        -45.6386        7.6154        -2.93164        
117.428        -45.6972        7.6154        -2.93164        
117.58        -45.7558        7.6154        -2.93164        
117.733        -45.8145        7.6154        -2.93164        
117.885        -45.8731        7.6154        -2.93164        
118.037        -45.9317        7.6154        -2.93164        
118.19        -45.9904        7.6154        -2.93164        
118.342        -46.049        7.6154        -2.93164        
118.494        -46.1076        7.6154        -2.93164        
118.647        -46.1662        7.6154        -2.93164        
118.799        -46.2249        7.6154        -2.93164        
118.951        -46.2835        7.6154        -2.93164        
119.103        -46.3421        7.6154        -2.93164        
119.256        -46.4008        7.6154        -2.93164        
119.408        -46.4594        7.6154        -2.93164        
119.56        -46.518        7.6154        -2.93164        
119.713        -46.5767        7.6154        -2.93164        
119.865        -46.6353        7.6154        -2.93164        
120.017        -46.6939        7.6154        -2.93164        
120.17        -46.7526        7.6154        -2.93164        
120.322        -46.8112        7.6154        -2.93164        
120.474        -46.8698        7.6154        -2.93164        
120.627        -46.9285        7.6154        -2.93164        
120.779        -46.9871        7.6154        -2.93164        
120.931        -47.0457        7.6154        -2.93164        
121.083        -47.1044        7.6154        -2.93164        
121.236        -47.163        7.6154        -2.93164        
121.388        -47.2216        7.6154        -2.93164        
121.54        -47.2803        7.6154        -2.93164        
121.693        -47.3389        7.6154        -2.93164        
121.845        -47.3975        7.6154        -2.93164        
121.997        -47.4562        7.6154        -2.93164        
122.15        -47.5148        7.6154        -2.93164        
122.302        -47.5734        7.6154        -2.93164        
122.454        -47.6321        7.6154        -2.93164        
122.607        -47.6907        7.6154        -2.93164        
122.759        -47.7493        7.6154        -2.93164        
122.911        -47.808        7.6154        -2.93164        
123.063        -47.8666        7.6154        -2.93164        
123.216        -47.9252        7.6154        -2.93164        
123.368        -47.9839        7.6154        -2.93164        
123.52        -48.0425        7.6154        -2.93164        
123.673        -48.1011        7.6154        -2.93164        
123.825        -48.1598        7.6154        -2.93164        
123.977        -48.2184        7.6154        -2.93164        
124.13        -48.277        7.6154        -2.93164        
124.282        -48.3357        7.6154        -2.93164        
124.434        -48.3943        7.6154        -2.93164        
124.587        -48.4529        7.6154        -2.93164        
124.739        -48.5116        7.6154        -2.93164        
124.891        -48.5702        7.6154        -2.93164        
125.043        -48.6288        7.6154        -2.93164        
125.196        -48.6875        7.6154        -2.93164        
125.348        -48.7461        7.6154        -2.93164        
125.5        -48.8047        7.6154        -2.93164        
125.653        -48.8634        7.6154        -2.93164        
125.805        -48.922        7.6154        -2.93164        
125.957        -48.9806        7.6154        -2.93164        
126.11        -49.0393        7.6154        -2.93164        
126.262        -49.0979        7.6154        -2.93164        
126.414        -49.1565        7.6154        -2.93164        
126.567        -49.2152        7.6154        -2.93164        
126.719        -49.2738        7.6154        -2.93164        
126.871        -49.3324        7.6154        -2.93164        
127.023        -49.3911        7.6154        -2.93164        
127.176        -49.4497        7.6154        -2.93164        
127.328        -49.5083        7.6154        -2.93164        
127.48        -49.567        7.6154        -2.93164        
127.633        -49.6256        7.6154        -2.93164        
127.785        -49.6842        7.6154        -2.93164        
127.937        -49.7429        7.6154        -2.93164        
128.09        -49.8015        7.6154        -2.93164        
128.242        -49.8601        7.6154        -2.93164        
128.394        -49.9188        7.6154        -2.93164        
128.547        -49.9774        7.6154        -2.93164        
128.699        -50.036        7.6154        -2.93164        
128.851        -50.0946        7.6154        -2.93164        
129.003        -50.1533        7.6154        -2.93164        
129.156        -50.2119        7.6154        -2.93164        
129.308        -50.2705        7.6154        -2.93164        
129.46        -50.3292        7.6154        -2.93164        
129.613        -50.3878        7.6154        -2.93164        
129.765        -50.4464        7.6154        -2.93164        
129.917        -50.5051        7.6154        -2.93164        
130.07        -50.5637        7.6154        -2.93164        
130.222        -50.6223        7.6154        -2.93164        
130.374        -50.681        7.6154        -2.93164        
130.527        -50.7396        7.6154        -2.93164        
130.679        -50.7982        7.6154        -2.93164        
130.831        -50.8569        7.6154        -2.93164        
130.983        -50.9155        7.6154        -2.93164        
131.136        -50.9741        7.6154        -2.93164        
131.288        -51.0328        7.6154        -2.93164        
131.44        -51.0914        7.6154        -2.93164        
131.593        -51.15        7.6154        -2.93164        
131.745        -51.2087        7.6154        -2.93164        
131.897        -51.2673        7.6154        -2.93164        
132.05        -51.3259        7.6154        -2.93164        
132.202        -51.3846        7.6154        -2.93164        
132.354        -51.4432        7.6154        -2.93164        
132.507        -51.5018        7.6154        -2.93164        
132.659        -51.5605        7.6154        -2.93164        
132.811        -51.6191        7.6154        -2.93164        
132.963        -51.6777        7.6154        -2.93164        
133.116        -51.7364        7.6154        -2.93164        
133.268        -51.795        7.6154        -2.93164        
133.42        -51.8536        7.6154        -2.93164        
133.573        -51.9123        7.6154        -2.93164        
133.725        -51.9709        7.6154        -2.93164        
133.877        -52.0295        7.6154        -2.93164        
134.03        -52.0882        7.6154        -2.93164        
134.182        -52.1468        7.6154        -2.93164        
134.334        -52.2054        7.6154        -2.93164        
134.487        -52.2641        7.6154        -2.93164        
134.639        -52.3227        7.6154        -2.93164        
134.791        -52.3813        7.6154        -2.93164        
134.943        -52.44        7.6154        -2.93164        
135.096        -52.4986        7.6154        -2.93164        
135.248        -52.5572        7.6154        -2.93164        
135.4        -52.6159        7.6154        -2.93164        
135.553        -52.6745        7.6154        -2.93164        
135.705        -52.7331        7.6154        -2.93164        
135.857        -52.7918        7.6154        -2.93164        
136.01        -52.8504        7.6154        -2.93164        
136.162        -52.909        7.6154        -2.93164        
136.314        -52.9677        7.6154        -2.93164        
136.467        -53.0263        7.6154        -2.93164        
136.619        -53.0849        7.6154        -2.93164        
136.771        -53.1436        7.6154        -2.93164        
136.923        -53.2022        7.6154        -2.93164        
137.076        -53.2608        7.6154        -2.93164        
137.228        -53.3195        7.6154        -2.93164        
137.38        -53.3781        7.6154        -2.93164        
137.533        -53.4367        7.6154        -2.93164        
137.685        -53.4954        7.6154        -2.93164        
137.837        -53.554        7.6154        -2.93164        
137.99        -53.6126        7.6154        -2.93164        
138.142        -53.6713        7.6154        -2.93164        
138.294        -53.7299        7.6154        -2.93164        
138.447        -53.7885        7.6154        -2.93164        
138.599        -53.8471        7.6154        -2.93164        
138.751        -53.9058        7.6154        -2.93164        
138.903        -53.9644        7.6154        -2.93164        
139.056        -54.023        7.6154        -2.93164        
139.208        -54.0817        7.6154        -2.93164        
139.36        -54.1403        7.6154        -2.93164        
139.513        -54.1989        7.6154        -2.93164        
139.665        -54.2576        7.6154        -2.93164        
139.817        -54.3162        7.6154        -2.93164        
139.97        -54.3748        7.6154        -2.93164        
140.122        -54.4335        7.6154        -2.93164        
140.274        -54.4921        7.6154        -2.93164        
140.427        -54.5507        7.6154        -2.93164        
140.579        -54.6094        7.6154        -2.93164        
140.731        -54.668        7.6154        -2.93164        
140.883        -54.7266        7.6154        -2.93164        
141.036        -54.7853        7.6154        -2.93164        
141.188        -54.8439        7.6154        -2.93164        
141.34        -54.9025        7.6154        -2.93164        
141.493        -54.9612        7.6154        -2.93164        
141.645        -55.0198        7.6154        -2.93164        
141.797        -55.0784        7.6154        -2.93164        
141.95        -55.1371        7.6154        -2.93164        
142.102        -55.1957        7.6154        -2.93164        
142.254        -55.2543        7.6154        -2.93164        
142.407        -55.313        7.6154        -2.93164        
142.559        -55.3716        7.6154        -2.93164        
142.711        -55.4302        7.6154        -2.93164        
142.863        -55.4889        7.6154        -2.93164        
143.016        -55.5475        7.6154        -2.93164        
143.168        -55.6061        7.6154        -2.93164        
143.32        -55.6648        7.6154        -2.93164        
143.473        -55.7234        7.6154        -2.93164        
143.625        -55.782        7.6154        -2.93164        
143.777        -55.8407        7.6154        -2.93164        
143.93        -55.8993        7.6154        -2.93164        
144.082        -55.9579        7.6154        -2.93164        
144.234        -56.0166        7.6154        -2.93164        
144.387        -56.0752        7.6154        -2.93164        
144.539        -56.1338        7.6154        -2.93164        
144.691        -56.1925        7.6154        -2.93164        
144.843        -56.2511        7.6154        -2.93164        
144.996        -56.3097        7.6154        -2.93164        
145.148        -56.3684        7.6154        -2.93164        
145.3        -56.427        7.6154        -2.93164        
145.453        -56.4856        7.6154        -2.93164        
145.605        -56.5443        7.6154        -2.93164        
145.757        -56.6029        7.6154        -2.93164        
145.91        -56.6615        7.6154        -2.93164        
146.062        -56.7202        7.6154        -2.93164        
146.214        -56.7788        7.6154        -2.93164        
146.367        -56.8374        7.6154        -2.93164        
146.519        -56.8961        7.6154        -2.93164        
146.671        -56.9547        7.6154        -2.93164        
146.823        -57.0133        7.6154        -2.93164        
146.976        -57.072        7.6154        -2.93164        
147.128        -57.1306        7.6154        -2.93164        
147.28        -57.1892        7.6154        -2.93164        
147.433        -57.2479        7.6154        -2.93164        
147.585        -57.3065        7.6154        -2.93164        
147.737        -57.3651        7.6154        -2.93164        
147.89        -57.4238        7.6154        -2.93164        
148.042        -57.4824        7.6154        -2.93164        
148.194        -57.541        7.6154        -2.93164        
148.347        -57.5996        7.6154        -2.93164        
148.499        -57.6583        7.6154        -2.93164        
148.651        -57.7169        7.6154        -2.93164        
148.803        -57.7755        7.6154        -2.93164        
148.956        -57.8342        7.6154        -2.93164        
149.108        -57.8928        7.6154        -2.93164        
149.26        -57.9514        7.6154        -2.93164        
149.413        -58.0101        7.6154        -2.93164        
149.565        -58.0687        7.6154        -2.93164        
149.717        -58.1273        7.6154        -2.93164        
149.87        -58.186        7.6154        -2.93164        
150.022        -58.2446        7.6154        -2.93164        
150.174        -58.3032        7.6154        -2.93164        
150.327        -58.3619        7.6154        -2.93164        
150.479        -58.4205        7.6154        -2.93164        
150.631        -58.4791        7.6154        -2.93164        
150.783        -58.5378        7.6154        -2.93164        
150.936        -58.5964        7.6154        -2.93164        
151.088        -58.655        7.6154        -2.93164        
151.24        -58.7137        7.6154        -2.93164        
151.393        -58.7723        7.6154        -2.93164        
151.545        -58.8309        7.6154        -2.93164        
151.697        -58.8896        7.6154        -2.93164        
151.85        -58.9482        7.6154        -2.93164        
