Euler algorithm (2D)
sun (x, y, vx, vy)
Timestep: 20 years

0.00217112        0.00578452        -0.00193815        0.00198858        
0.00213236        0.0058243        -0.00193815        0.00198858        
0.0020936        0.00586407        -0.00193815        0.00198858        
0.00205483        0.00590384        -0.00193815        0.00198858        
0.00201607        0.00594361        -0.00193815        0.00198858        
0.00197731        0.00598338        -0.00193815        0.00198858        
0.00193855        0.00602315        -0.00193815        0.00198858        
0.00189978        0.00606293        -0.00193815        0.00198858        
0.00186102        0.0061027        -0.00193815        0.00198858        
0.00182226        0.00614247        -0.00193815        0.00198858        
0.00178349        0.00618224        -0.00193815        0.00198858        
0.00174473        0.00622201        -0.00193815        0.00198858        
0.00170597        0.00626178        -0.00193815        0.00198858        
0.0016672        0.00630156        -0.00193815        0.00198858        
0.00162844        0.00634133        -0.00193815        0.00198858        
0.00158968        0.0063811        -0.00193815        0.00198858        
0.00155092        0.00642087        -0.00193815        0.00198858        
0.00151215        0.00646064        -0.00193815        0.00198858        
0.00147339        0.00650041        -0.00193815        0.00198858        
0.00143463        0.00654019        -0.00193815        0.00198858        
0.00139586        0.00657996        -0.00193815        0.00198858        
0.0013571        0.00661973        -0.00193815        0.00198858        
0.00131834        0.0066595        -0.00193815        0.00198858        
0.00127957        0.00669927        -0.00193815        0.00198858        
0.00124081        0.00673904        -0.00193815        0.00198858        
0.00120205        0.00677882        -0.00193815        0.00198858        
0.00116329        0.00681859        -0.00193815        0.00198858        
0.00112452        0.00685836        -0.00193815        0.00198858        
0.00108576        0.00689813        -0.00193815        0.00198858        
0.001047        0.0069379        -0.00193815        0.00198858        
0.00100823        0.00697767        -0.00193815        0.00198858        
0.000969471        0.00701745        -0.00193815        0.00198858        
0.000930708        0.00705722        -0.00193815        0.00198858        
0.000891945        0.00709699        -0.00193815        0.00198858        
0.000853182        0.00713676        -0.00193815        0.00198858        
0.000814419        0.00717653        -0.00193815        0.00198858        
0.000775657        0.0072163        -0.00193815        0.00198858        
0.000736894        0.00725608        -0.00193815        0.00198858        
0.000698131        0.00729585        -0.00193815        0.00198858        
0.000659368        0.00733562        -0.00193815        0.00198858        
0.000620605        0.00737539        -0.00193815        0.00198858        
0.000581842        0.00741516        -0.00193815        0.00198858        
0.000543079        0.00745493        -0.00193815        0.00198858        
0.000504316        0.00749471        -0.00193815        0.00198858        
0.000465553        0.00753448        -0.00193815        0.00198858        
0.00042679        0.00757425        -0.00193815        0.00198858        
0.000388027        0.00761402        -0.00193815        0.00198858        
0.000349264        0.00765379        -0.00193815        0.00198858        
0.000310501        0.00769356        -0.00193815        0.00198858        
0.000271738        0.00773334        -0.00193815        0.00198858        
0.000232975        0.00777311        -0.00193815        0.00198858        
0.000194212        0.00781288        -0.00193815        0.00198858        
0.000155449        0.00785265        -0.00193815        0.00198858        
0.000116686        0.00789242        -0.00193815        0.00198858        
7.79233e-05        0.00793219        -0.00193815        0.00198858        
3.91603e-05        0.00797197        -0.00193815        0.00198858        
3.97346e-07        0.00801174        -0.00193815        0.00198858        
-3.83656e-05        0.00805151        -0.00193815        0.00198858        
-7.71286e-05        0.00809128        -0.00193815        0.00198858        
-0.000115892        0.00813105        -0.00193815        0.00198858        
-0.000154654        0.00817082        -0.00193815        0.00198858        
-0.000193417        0.0082106        -0.00193815        0.00198858        
-0.00023218        0.00825037        -0.00193815        0.00198858        
-0.000270943        0.00829014        -0.00193815        0.00198858        
-0.000309706        0.00832991        -0.00193815        0.00198858        
-0.000348469        0.00836968        -0.00193815        0.00198858        
-0.000387232        0.00840945        -0.00193815        0.00198858        
-0.000425995        0.00844923        -0.00193815        0.00198858        
-0.000464758        0.008489        -0.00193815        0.00198858        
-0.000503521        0.00852877        -0.00193815        0.00198858        
-0.000542284        0.00856854        -0.00193815        0.00198858        
-0.000581047        0.00860831        -0.00193815        0.00198858        
-0.00061981        0.00864808        -0.00193815        0.00198858        
-0.000658573        0.00868786        -0.00193815        0.00198858        
-0.000697336        0.00872763        -0.00193815        0.00198858        
-0.000736099        0.0087674        -0.00193815        0.00198858        
-0.000774862        0.00880717        -0.00193815        0.00198858        
-0.000813625        0.00884694        -0.00193815        0.00198858        
-0.000852388        0.00888671        -0.00193815        0.00198858        
-0.000891151        0.00892649        -0.00193815        0.00198858        
-0.000929914        0.00896626        -0.00193815        0.00198858        
-0.000968677        0.00900603        -0.00193815        0.00198858        
-0.00100744        0.0090458        -0.00193815        0.00198858        
-0.0010462        0.00908557        -0.00193815        0.00198858        
-0.00108497        0.00912534        -0.00193815        0.00198858        
-0.00112373        0.00916512        -0.00193815        0.00198858        
-0.00116249        0.00920489        -0.00193815        0.00198858        
-0.00120125        0.00924466        -0.00193815        0.00198858        
-0.00124002        0.00928443        -0.00193815        0.00198858        
-0.00127878        0.0093242        -0.00193815        0.00198858        
-0.00131754        0.00936397        -0.00193815        0.00198858        
-0.00135631        0.00940375        -0.00193815        0.00198858        
-0.00139507        0.00944352        -0.00193815        0.00198858        
-0.00143383        0.00948329        -0.00193815        0.00198858        
-0.0014726        0.00952306        -0.00193815        0.00198858        
-0.00151136        0.00956283        -0.00193815        0.00198858        
-0.00155012        0.0096026        -0.00193815        0.00198858        
-0.00158888        0.00964238        -0.00193815        0.00198858        
-0.00162765        0.00968215        -0.00193815        0.00198858        
-0.00166641        0.00972192        -0.00193815        0.00198858        
-0.00170517        0.00976169        -0.00193815        0.00198858        
-0.00174394        0.00980146        -0.00193815        0.00198858        
-0.0017827        0.00984123        -0.00193815        0.00198858        
-0.00182146        0.00988101        -0.00193815        0.00198858        
-0.00186022        0.00992078        -0.00193815        0.00198858        
-0.00189899        0.00996055        -0.00193815        0.00198858        
-0.00193775        0.0100003        -0.00193815        0.00198858        
-0.00197651        0.0100401        -0.00193815        0.00198858        
-0.00201528        0.0100799        -0.00193815        0.00198858        
-0.00205404        0.0101196        -0.00193815        0.00198858        
-0.0020928        0.0101594        -0.00193815        0.00198858        
-0.00213157        0.0101992        -0.00193815        0.00198858        
-0.00217033        0.010239        -0.00193815        0.00198858        
-0.00220909        0.0102787        -0.00193815        0.00198858        
-0.00224785        0.0103185        -0.00193815        0.00198858        
-0.00228662        0.0103583        -0.00193815        0.00198858        
-0.00232538        0.010398        -0.00193815        0.00198858        
-0.00236414        0.0104378        -0.00193815        0.00198858        
-0.00240291        0.0104776        -0.00193815        0.00198858        
-0.00244167        0.0105174        -0.00193815        0.00198858        
-0.00248043        0.0105571        -0.00193815        0.00198858        
-0.00251919        0.0105969        -0.00193815        0.00198858        
-0.00255796        0.0106367        -0.00193815        0.00198858        
-0.00259672        0.0106764        -0.00193815        0.00198858        
-0.00263548        0.0107162        -0.00193815        0.00198858        
-0.00267425        0.010756        -0.00193815        0.00198858        
-0.00271301        0.0107958        -0.00193815        0.00198858        
-0.00275177        0.0108355        -0.00193815        0.00198858        
-0.00279054        0.0108753        -0.00193815        0.00198858        
-0.0028293        0.0109151        -0.00193815        0.00198858        
-0.00286806        0.0109548        -0.00193815        0.00198858        
-0.00290682        0.0109946        -0.00193815        0.00198858        
-0.00294559        0.0110344        -0.00193815        0.00198858        
-0.00298435        0.0110742        -0.00193815        0.00198858        
-0.00302311        0.0111139        -0.00193815        0.00198858        
-0.00306188        0.0111537        -0.00193815        0.00198858        
-0.00310064        0.0111935        -0.00193815        0.00198858        
-0.0031394        0.0112332        -0.00193815        0.00198858        
-0.00317817        0.011273        -0.00193815        0.00198858        
-0.00321693        0.0113128        -0.00193815        0.00198858        
-0.00325569        0.0113526        -0.00193815        0.00198858        
-0.00329445        0.0113923        -0.00193815        0.00198858        
-0.00333322        0.0114321        -0.00193815        0.00198858        
-0.00337198        0.0114719        -0.00193815        0.00198858        
-0.00341074        0.0115116        -0.00193815        0.00198858        
-0.00344951        0.0115514        -0.00193815        0.00198858        
-0.00348827        0.0115912        -0.00193815        0.00198858        
-0.00352703        0.011631        -0.00193815        0.00198858        
-0.00356579        0.0116707        -0.00193815        0.00198858        
-0.00360456        0.0117105        -0.00193815        0.00198858        
-0.00364332        0.0117503        -0.00193815        0.00198858        
-0.00368208        0.01179        -0.00193815        0.00198858        
-0.00372085        0.0118298        -0.00193815        0.00198858        
-0.00375961        0.0118696        -0.00193815        0.00198858        
-0.00379837        0.0119094        -0.00193815        0.00198858        
-0.00383714        0.0119491        -0.00193815        0.00198858        
-0.0038759        0.0119889        -0.00193815        0.00198858        
-0.00391466        0.0120287        -0.00193815        0.00198858        
-0.00395342        0.0120684        -0.00193815        0.00198858        
-0.00399219        0.0121082        -0.00193815        0.00198858        
-0.00403095        0.012148        -0.00193815        0.00198858        
-0.00406971        0.0121878        -0.00193815        0.00198858        
-0.00410848        0.0122275        -0.00193815        0.00198858        
-0.00414724        0.0122673        -0.00193815        0.00198858        
-0.004186        0.0123071        -0.00193815        0.00198858        
-0.00422477        0.0123468        -0.00193815        0.00198858        
-0.00426353        0.0123866        -0.00193815        0.00198858        
-0.00430229        0.0124264        -0.00193815        0.00198858        
-0.00434105        0.0124662        -0.00193815        0.00198858        
-0.00437982        0.0125059        -0.00193815        0.00198858        
-0.00441858        0.0125457        -0.00193815        0.00198858        
-0.00445734        0.0125855        -0.00193815        0.00198858        
-0.00449611        0.0126253        -0.00193815        0.00198858        
-0.00453487        0.012665        -0.00193815        0.00198858        
-0.00457363        0.0127048        -0.00193815        0.00198858        
-0.00461239        0.0127446        -0.00193815        0.00198858        
-0.00465116        0.0127843        -0.00193815        0.00198858        
-0.00468992        0.0128241        -0.00193815        0.00198858        
-0.00472868        0.0128639        -0.00193815        0.00198858        
-0.00476745        0.0129037        -0.00193815        0.00198858        
-0.00480621        0.0129434        -0.00193815        0.00198858        
-0.00484497        0.0129832        -0.00193815        0.00198858        
-0.00488374        0.013023        -0.00193815        0.00198858        
-0.0049225        0.0130627        -0.00193815        0.00198858        
-0.00496126        0.0131025        -0.00193815        0.00198858        
-0.00500002        0.0131423        -0.00193815        0.00198858        
-0.00503879        0.0131821        -0.00193815        0.00198858        
-0.00507755        0.0132218        -0.00193815        0.00198858        
-0.00511631        0.0132616        -0.00193815        0.00198858        
-0.00515508        0.0133014        -0.00193815        0.00198858        
-0.00519384        0.0133411        -0.00193815        0.00198858        
-0.0052326        0.0133809        -0.00193815        0.00198858        
-0.00527137        0.0134207        -0.00193815        0.00198858        
-0.00531013        0.0134605        -0.00193815        0.00198858        
-0.00534889        0.0135002        -0.00193815        0.00198858        
-0.00538765        0.01354        -0.00193815        0.00198858        
-0.00542642        0.0135798        -0.00193815        0.00198858        
-0.00546518        0.0136195        -0.00193815        0.00198858        
-0.00550394        0.0136593        -0.00193815        0.00198858        
-0.00554271        0.0136991        -0.00193815        0.00198858        
-0.00558147        0.0137389        -0.00193815        0.00198858        
-0.00562023        0.0137786        -0.00193815        0.00198858        
-0.00565899        0.0138184        -0.00193815        0.00198858        
-0.00569776        0.0138582        -0.00193815        0.00198858        
-0.00573652        0.0138979        -0.00193815        0.00198858        
-0.00577528        0.0139377        -0.00193815        0.00198858        
-0.00581405        0.0139775        -0.00193815        0.00198858        
-0.00585281        0.0140173        -0.00193815        0.00198858        
-0.00589157        0.014057        -0.00193815        0.00198858        
-0.00593034        0.0140968        -0.00193815        0.00198858        
-0.0059691        0.0141366        -0.00193815        0.00198858        
-0.00600786        0.0141763        -0.00193815        0.00198858        
-0.00604662        0.0142161        -0.00193815        0.00198858        
-0.00608539        0.0142559        -0.00193815        0.00198858        
-0.00612415        0.0142957        -0.00193815        0.00198858        
-0.00616291        0.0143354        -0.00193815        0.00198858        
-0.00620168        0.0143752        -0.00193815        0.00198858        
-0.00624044        0.014415        -0.00193815        0.00198858        
-0.0062792        0.0144547        -0.00193815        0.00198858        
-0.00631796        0.0144945        -0.00193815        0.00198858        
-0.00635673        0.0145343        -0.00193815        0.00198858        
-0.00639549        0.0145741        -0.00193815        0.00198858        
-0.00643425        0.0146138        -0.00193815        0.00198858        
-0.00647302        0.0146536        -0.00193815        0.00198858        
-0.00651178        0.0146934        -0.00193815        0.00198858        
-0.00655054        0.0147331        -0.00193815        0.00198858        
-0.00658931        0.0147729        -0.00193815        0.00198858        
-0.00662807        0.0148127        -0.00193815        0.00198858        
-0.00666683        0.0148525        -0.00193815        0.00198858        
-0.00670559        0.0148922        -0.00193815        0.00198858        
-0.00674436        0.014932        -0.00193815        0.00198858        
-0.00678312        0.0149718        -0.00193815        0.00198858        
-0.00682188        0.0150116        -0.00193815        0.00198858        
-0.00686065        0.0150513        -0.00193815        0.00198858        
-0.00689941        0.0150911        -0.00193815        0.00198858        
-0.00693817        0.0151309        -0.00193815        0.00198858        
-0.00697694        0.0151706        -0.00193815        0.00198858        
-0.0070157        0.0152104        -0.00193815        0.00198858        
-0.00705446        0.0152502        -0.00193815        0.00198858        
-0.00709322        0.01529        -0.00193815        0.00198858        
-0.00713199        0.0153297        -0.00193815        0.00198858        
-0.00717075        0.0153695        -0.00193815        0.00198858        
-0.00720951        0.0154093        -0.00193815        0.00198858        
-0.00724828        0.015449        -0.00193815        0.00198858        
-0.00728704        0.0154888        -0.00193815        0.00198858        
-0.0073258        0.0155286        -0.00193815        0.00198858        
-0.00736456        0.0155684        -0.00193815        0.00198858        
-0.00740333        0.0156081        -0.00193815        0.00198858        
-0.00744209        0.0156479        -0.00193815        0.00198858        
-0.00748085        0.0156877        -0.00193815        0.00198858        
-0.00751962        0.0157274        -0.00193815        0.00198858        
-0.00755838        0.0157672        -0.00193815        0.00198858        
-0.00759714        0.015807        -0.00193815        0.00198858        
-0.00763591        0.0158468        -0.00193815        0.00198858        
-0.00767467        0.0158865        -0.00193815        0.00198858        
-0.00771343        0.0159263        -0.00193815        0.00198858        
-0.00775219        0.0159661        -0.00193815        0.00198858        
-0.00779096        0.0160058        -0.00193815        0.00198858        
-0.00782972        0.0160456        -0.00193815        0.00198858        
-0.00786848        0.0160854        -0.00193815        0.00198858        
-0.00790725        0.0161252        -0.00193815        0.00198858        
-0.00794601        0.0161649        -0.00193815        0.00198858        
-0.00798477        0.0162047        -0.00193815        0.00198858        
-0.00802354        0.0162445        -0.00193815        0.00198858        
-0.0080623        0.0162842        -0.00193815        0.00198858        
-0.00810106        0.016324        -0.00193815        0.00198858        
-0.00813982        0.0163638        -0.00193815        0.00198858        
-0.00817859        0.0164036        -0.00193815        0.00198858        
-0.00821735        0.0164433        -0.00193815        0.00198858        
-0.00825611        0.0164831        -0.00193815        0.00198858        
-0.00829488        0.0165229        -0.00193815        0.00198858        
-0.00833364        0.0165626        -0.00193815        0.00198858        
-0.0083724        0.0166024        -0.00193815        0.00198858        
-0.00841116        0.0166422        -0.00193815        0.00198858        
-0.00844993        0.016682        -0.00193815        0.00198858        
-0.00848869        0.0167217        -0.00193815        0.00198858        
-0.00852745        0.0167615        -0.00193815        0.00198858        
-0.00856622        0.0168013        -0.00193815        0.00198858        
-0.00860498        0.016841        -0.00193815        0.00198858        
-0.00864374        0.0168808        -0.00193815        0.00198858        
-0.00868251        0.0169206        -0.00193815        0.00198858        
-0.00872127        0.0169604        -0.00193815        0.00198858        
-0.00876003        0.0170001        -0.00193815        0.00198858        
-0.00879879        0.0170399        -0.00193815        0.00198858        
-0.00883756        0.0170797        -0.00193815        0.00198858        
-0.00887632        0.0171194        -0.00193815        0.00198858        
-0.00891508        0.0171592        -0.00193815        0.00198858        
-0.00895385        0.017199        -0.00193815        0.00198858        
-0.00899261        0.0172388        -0.00193815        0.00198858        
-0.00903137        0.0172785        -0.00193815        0.00198858        
-0.00907014        0.0173183        -0.00193815        0.00198858        
-0.0091089        0.0173581        -0.00193815        0.00198858        
-0.00914766        0.0173979        -0.00193815        0.00198858        
-0.00918642        0.0174376        -0.00193815        0.00198858        
-0.00922519        0.0174774        -0.00193815        0.00198858        
-0.00926395        0.0175172        -0.00193815        0.00198858        
-0.00930271        0.0175569        -0.00193815        0.00198858        
-0.00934148        0.0175967        -0.00193815        0.00198858        
-0.00938024        0.0176365        -0.00193815        0.00198858        
-0.009419        0.0176763        -0.00193815        0.00198858        
-0.00945776        0.017716        -0.00193815        0.00198858        
-0.00949653        0.0177558        -0.00193815        0.00198858        
-0.00953529        0.0177956        -0.00193815        0.00198858        
-0.00957405        0.0178353        -0.00193815        0.00198858        
-0.00961282        0.0178751        -0.00193815        0.00198858        
-0.00965158        0.0179149        -0.00193815        0.00198858        
-0.00969034        0.0179547        -0.00193815        0.00198858        
-0.00972911        0.0179944        -0.00193815        0.00198858        
-0.00976787        0.0180342        -0.00193815        0.00198858        
-0.00980663        0.018074        -0.00193815        0.00198858        
-0.00984539        0.0181137        -0.00193815        0.00198858        
-0.00988416        0.0181535        -0.00193815        0.00198858        
-0.00992292        0.0181933        -0.00193815        0.00198858        
-0.00996168        0.0182331        -0.00193815        0.00198858        
-0.0100004        0.0182728        -0.00193815        0.00198858        
-0.0100392        0.0183126        -0.00193815        0.00198858        
-0.010078        0.0183524        -0.00193815        0.00198858        
-0.0101167        0.0183921        -0.00193815        0.00198858        
-0.0101555        0.0184319        -0.00193815        0.00198858        
-0.0101943        0.0184717        -0.00193815        0.00198858        
-0.010233        0.0185115        -0.00193815        0.00198858        
-0.0102718        0.0185512        -0.00193815        0.00198858        
-0.0103105        0.018591        -0.00193815        0.00198858        
-0.0103493        0.0186308        -0.00193815        0.00198858        
-0.0103881        0.0186705        -0.00193815        0.00198858        
-0.0104268        0.0187103        -0.00193815        0.00198858        
-0.0104656        0.0187501        -0.00193815        0.00198858        
-0.0105044        0.0187899        -0.00193815        0.00198858        
-0.0105431        0.0188296        -0.00193815        0.00198858        
-0.0105819        0.0188694        -0.00193815        0.00198858        
-0.0106207        0.0189092        -0.00193815        0.00198858        
-0.0106594        0.0189489        -0.00193815        0.00198858        
-0.0106982        0.0189887        -0.00193815        0.00198858        
-0.0107369        0.0190285        -0.00193815        0.00198858        
-0.0107757        0.0190683        -0.00193815        0.00198858        
-0.0108145        0.019108        -0.00193815        0.00198858        
-0.0108532        0.0191478        -0.00193815        0.00198858        
-0.010892        0.0191876        -0.00193815        0.00198858        
-0.0109308        0.0192273        -0.00193815        0.00198858        
-0.0109695        0.0192671        -0.00193815        0.00198858        
-0.0110083        0.0193069        -0.00193815        0.00198858        
-0.011047        0.0193467        -0.00193815        0.00198858        
-0.0110858        0.0193864        -0.00193815        0.00198858        
-0.0111246        0.0194262        -0.00193815        0.00198858        
-0.0111633        0.019466        -0.00193815        0.00198858        
-0.0112021        0.0195057        -0.00193815        0.00198858        
-0.0112409        0.0195455        -0.00193815        0.00198858        
-0.0112796        0.0195853        -0.00193815        0.00198858        
-0.0113184        0.0196251        -0.00193815        0.00198858        
-0.0113571        0.0196648        -0.00193815        0.00198858        
-0.0113959        0.0197046        -0.00193815        0.00198858        
-0.0114347        0.0197444        -0.00193815        0.00198858        
-0.0114734        0.0197842        -0.00193815        0.00198858        
-0.0115122        0.0198239        -0.00193815        0.00198858        
-0.011551        0.0198637        -0.00193815        0.00198858        
-0.0115897        0.0199035        -0.00193815        0.00198858        
-0.0116285        0.0199432        -0.00193815        0.00198858        
-0.0116673        0.019983        -0.00193815        0.00198858        
-0.011706        0.0200228        -0.00193815        0.00198858        
-0.0117448        0.0200626        -0.00193815        0.00198858        
-0.0117835        0.0201023        -0.00193815        0.00198858        
-0.0118223        0.0201421        -0.00193815        0.00198858        
-0.0118611        0.0201819        -0.00193815        0.00198858        
-0.0118998        0.0202216        -0.00193815        0.00198858        
-0.0119386        0.0202614        -0.00193815        0.00198858        
-0.0119774        0.0203012        -0.00193815        0.00198858        
-0.0120161        0.020341        -0.00193815        0.00198858        
-0.0120549        0.0203807        -0.00193815        0.00198858        
-0.0120936        0.0204205        -0.00193815        0.00198858        
-0.0121324        0.0204603        -0.00193815        0.00198858        
-0.0121712        0.0205        -0.00193815        0.00198858        
-0.0122099        0.0205398        -0.00193815        0.00198858        
-0.0122487        0.0205796        -0.00193815        0.00198858        
-0.0122875        0.0206194        -0.00193815        0.00198858        
-0.0123262        0.0206591        -0.00193815        0.00198858        
-0.012365        0.0206989        -0.00193815        0.00198858        
-0.0124037        0.0207387        -0.00193815        0.00198858        
-0.0124425        0.0207784        -0.00193815        0.00198858        
-0.0124813        0.0208182        -0.00193815        0.00198858        
-0.01252        0.020858        -0.00193815        0.00198858        
-0.0125588        0.0208978        -0.00193815        0.00198858        
-0.0125976        0.0209375        -0.00193815        0.00198858        
-0.0126363        0.0209773        -0.00193815        0.00198858        
-0.0126751        0.0210171        -0.00193815        0.00198858        
-0.0127139        0.0210568        -0.00193815        0.00198858        
-0.0127526        0.0210966        -0.00193815        0.00198858        
-0.0127914        0.0211364        -0.00193815        0.00198858        
-0.0128301        0.0211762        -0.00193815        0.00198858        
-0.0128689        0.0212159        -0.00193815        0.00198858        
-0.0129077        0.0212557        -0.00193815        0.00198858        
-0.0129464        0.0212955        -0.00193815        0.00198858        
-0.0129852        0.0213352        -0.00193815        0.00198858        
-0.013024        0.021375        -0.00193815        0.00198858        
-0.0130627        0.0214148        -0.00193815        0.00198858        
-0.0131015        0.0214546        -0.00193815        0.00198858        
-0.0131402        0.0214943        -0.00193815        0.00198858        
-0.013179        0.0215341        -0.00193815        0.00198858        
-0.0132178        0.0215739        -0.00193815        0.00198858        
-0.0132565        0.0216136        -0.00193815        0.00198858        
-0.0132953        0.0216534        -0.00193815        0.00198858        
-0.0133341        0.0216932        -0.00193815        0.00198858        
-0.0133728        0.021733        -0.00193815        0.00198858        
-0.0134116        0.0217727        -0.00193815        0.00198858        
-0.0134503        0.0218125        -0.00193815        0.00198858        
-0.0134891        0.0218523        -0.00193815        0.00198858        
-0.0135279        0.021892        -0.00193815        0.00198858        
-0.0135666        0.0219318        -0.00193815        0.00198858        
-0.0136054        0.0219716        -0.00193815        0.00198858        
-0.0136442        0.0220114        -0.00193815        0.00198858        
-0.0136829        0.0220511        -0.00193815        0.00198858        
-0.0137217        0.0220909        -0.00193815        0.00198858        
-0.0137605        0.0221307        -0.00193815        0.00198858        
-0.0137992        0.0221705        -0.00193815        0.00198858        
-0.013838        0.0222102        -0.00193815        0.00198858        
-0.0138767        0.02225        -0.00193815        0.00198858        
-0.0139155        0.0222898        -0.00193815        0.00198858        
-0.0139543        0.0223295        -0.00193815        0.00198858        
-0.013993        0.0223693        -0.00193815        0.00198858        
-0.0140318        0.0224091        -0.00193815        0.00198858        
-0.0140706        0.0224489        -0.00193815        0.00198858        
-0.0141093        0.0224886        -0.00193815        0.00198858        
-0.0141481        0.0225284        -0.00193815        0.00198858        
-0.0141868        0.0225682        -0.00193815        0.00198858        
-0.0142256        0.0226079        -0.00193815        0.00198858        
-0.0142644        0.0226477        -0.00193815        0.00198858        
-0.0143031        0.0226875        -0.00193815        0.00198858        
-0.0143419        0.0227273        -0.00193815        0.00198858        
-0.0143807        0.022767        -0.00193815        0.00198858        
-0.0144194        0.0228068        -0.00193815        0.00198858        
-0.0144582        0.0228466        -0.00193815        0.00198858        
-0.0144969        0.0228863        -0.00193815        0.00198858        
-0.0145357        0.0229261        -0.00193815        0.00198858        
-0.0145745        0.0229659        -0.00193815        0.00198858        
-0.0146132        0.0230057        -0.00193815        0.00198858        
-0.014652        0.0230454        -0.00193815        0.00198858        
-0.0146908        0.0230852        -0.00193815        0.00198858        
-0.0147295        0.023125        -0.00193815        0.00198858        
-0.0147683        0.0231647        -0.00193815        0.00198858        
-0.0148071        0.0232045        -0.00193815        0.00198858        
-0.0148458        0.0232443        -0.00193815        0.00198858        
-0.0148846        0.0232841        -0.00193815        0.00198858        
-0.0149233        0.0233238        -0.00193815        0.00198858        
-0.0149621        0.0233636        -0.00193815        0.00198858        
-0.0150009        0.0234034        -0.00193815        0.00198858        
-0.0150396        0.0234431        -0.00193815        0.00198858        
-0.0150784        0.0234829        -0.00193815        0.00198858        
-0.0151172        0.0235227        -0.00193815        0.00198858        
-0.0151559        0.0235625        -0.00193815        0.00198858        
-0.0151947        0.0236022        -0.00193815        0.00198858        
-0.0152334        0.023642        -0.00193815        0.00198858        
-0.0152722        0.0236818        -0.00193815        0.00198858        
-0.015311        0.0237215        -0.00193815        0.00198858        
-0.0153497        0.0237613        -0.00193815        0.00198858        
-0.0153885        0.0238011        -0.00193815        0.00198858        
-0.0154273        0.0238409        -0.00193815        0.00198858        
-0.015466        0.0238806        -0.00193815        0.00198858        
-0.0155048        0.0239204        -0.00193815        0.00198858        
-0.0155435        0.0239602        -0.00193815        0.00198858        
-0.0155823        0.0239999        -0.00193815        0.00198858        
-0.0156211        0.0240397        -0.00193815        0.00198858        
-0.0156598        0.0240795        -0.00193815        0.00198858        
-0.0156986        0.0241193        -0.00193815        0.00198858        
-0.0157374        0.024159        -0.00193815        0.00198858        
-0.0157761        0.0241988        -0.00193815        0.00198858        
-0.0158149        0.0242386        -0.00193815        0.00198858        
-0.0158537        0.0242783        -0.00193815        0.00198858        
-0.0158924        0.0243181        -0.00193815        0.00198858        
-0.0159312        0.0243579        -0.00193815        0.00198858        
-0.0159699        0.0243977        -0.00193815        0.00198858        
-0.0160087        0.0244374        -0.00193815        0.00198858        
-0.0160475        0.0244772        -0.00193815        0.00198858        
-0.0160862        0.024517        -0.00193815        0.00198858        
-0.016125        0.0245567        -0.00193815        0.00198858        
-0.0161638        0.0245965        -0.00193815        0.00198858        
-0.0162025        0.0246363        -0.00193815        0.00198858        
-0.0162413        0.0246761        -0.00193815        0.00198858        
-0.01628        0.0247158        -0.00193815        0.00198858        
-0.0163188        0.0247556        -0.00193815        0.00198858        
-0.0163576        0.0247954        -0.00193815        0.00198858        
-0.0163963        0.0248352        -0.00193815        0.00198858        
-0.0164351        0.0248749        -0.00193815        0.00198858        
-0.0164739        0.0249147        -0.00193815        0.00198858        
-0.0165126        0.0249545        -0.00193815        0.00198858        
-0.0165514        0.0249942        -0.00193815        0.00198858        
-0.0165901        0.025034        -0.00193815        0.00198858        
-0.0166289        0.0250738        -0.00193815        0.00198858        
-0.0166677        0.0251136        -0.00193815        0.00198858        
-0.0167064        0.0251533        -0.00193815        0.00198858        
-0.0167452        0.0251931        -0.00193815        0.00198858        
-0.016784        0.0252329        -0.00193815        0.00198858        
-0.0168227        0.0252726        -0.00193815        0.00198858        
-0.0168615        0.0253124        -0.00193815        0.00198858        
-0.0169003        0.0253522        -0.00193815        0.00198858        
-0.016939        0.025392        -0.00193815        0.00198858        
-0.0169778        0.0254317        -0.00193815        0.00198858        
-0.0170165        0.0254715        -0.00193815        0.00198858        
-0.0170553        0.0255113        -0.00193815        0.00198858        
-0.0170941        0.025551        -0.00193815        0.00198858        
-0.0171328        0.0255908        -0.00193815        0.00198858        
-0.0171716        0.0256306        -0.00193815        0.00198858        
-0.0172104        0.0256704        -0.00193815        0.00198858        
-0.0172491        0.0257101        -0.00193815        0.00198858        
-0.0172879        0.0257499        -0.00193815        0.00198858        
-0.0173266        0.0257897        -0.00193815        0.00198858        
-0.0173654        0.0258294        -0.00193815        0.00198858        
-0.0174042        0.0258692        -0.00193815        0.00198858        
-0.0174429        0.025909        -0.00193815        0.00198858        
-0.0174817        0.0259488        -0.00193815        0.00198858        
-0.0175205        0.0259885        -0.00193815        0.00198858        
-0.0175592        0.0260283        -0.00193815        0.00198858        
-0.017598        0.0260681        -0.00193815        0.00198858        
-0.0176367        0.0261078        -0.00193815        0.00198858        
-0.0176755        0.0261476        -0.00193815        0.00198858        
-0.0177143        0.0261874        -0.00193815        0.00198858        
-0.017753        0.0262272        -0.00193815        0.00198858        
-0.0177918        0.0262669        -0.00193815        0.00198858        
-0.0178306        0.0263067        -0.00193815        0.00198858        
-0.0178693        0.0263465        -0.00193815        0.00198858        
-0.0179081        0.0263862        -0.00193815        0.00198858        
-0.0179469        0.026426        -0.00193815        0.00198858        
-0.0179856        0.0264658        -0.00193815        0.00198858        
-0.0180244        0.0265056        -0.00193815        0.00198858        
-0.0180631        0.0265453        -0.00193815        0.00198858        
-0.0181019        0.0265851        -0.00193815        0.00198858        
-0.0181407        0.0266249        -0.00193815        0.00198858        
-0.0181794        0.0266646        -0.00193815        0.00198858        
-0.0182182        0.0267044        -0.00193815        0.00198858        
-0.018257        0.0267442        -0.00193815        0.00198858        
-0.0182957        0.026784        -0.00193815        0.00198858        
-0.0183345        0.0268237        -0.00193815        0.00198858        
-0.0183732        0.0268635        -0.00193815        0.00198858        
-0.018412        0.0269033        -0.00193815        0.00198858        
-0.0184508        0.026943        -0.00193815        0.00198858        
-0.0184895        0.0269828        -0.00193815        0.00198858        
-0.0185283        0.0270226        -0.00193815        0.00198858        
-0.0185671        0.0270624        -0.00193815        0.00198858        
-0.0186058        0.0271021        -0.00193815        0.00198858        
-0.0186446        0.0271419        -0.00193815        0.00198858        
-0.0186833        0.0271817        -0.00193815        0.00198858        
-0.0187221        0.0272215        -0.00193815        0.00198858        
-0.0187609        0.0272612        -0.00193815        0.00198858        
-0.0187996        0.027301        -0.00193815        0.00198858        
-0.0188384        0.0273408        -0.00193815        0.00198858        
-0.0188772        0.0273805        -0.00193815        0.00198858        
-0.0189159        0.0274203        -0.00193815        0.00198858        
-0.0189547        0.0274601        -0.00193815        0.00198858        
-0.0189935        0.0274999        -0.00193815        0.00198858        
-0.0190322        0.0275396        -0.00193815        0.00198858        
-0.019071        0.0275794        -0.00193815        0.00198858        
-0.0191097        0.0276192        -0.00193815        0.00198858        
-0.0191485        0.0276589        -0.00193815        0.00198858        
-0.0191873        0.0276987        -0.00193815        0.00198858        
-0.019226        0.0277385        -0.00193815        0.00198858        
-0.0192648        0.0277783        -0.00193815        0.00198858        
-0.0193036        0.027818        -0.00193815        0.00198858        
-0.0193423        0.0278578        -0.00193815        0.00198858        
-0.0193811        0.0278976        -0.00193815        0.00198858        
-0.0194198        0.0279373        -0.00193815        0.00198858        
-0.0194586        0.0279771        -0.00193815        0.00198858        
-0.0194974        0.0280169        -0.00193815        0.00198858        
-0.0195361        0.0280567        -0.00193815        0.00198858        
-0.0195749        0.0280964        -0.00193815        0.00198858        
-0.0196137        0.0281362        -0.00193815        0.00198858        
-0.0196524        0.028176        -0.00193815        0.00198858        
-0.0196912        0.0282157        -0.00193815        0.00198858        
-0.0197299        0.0282555        -0.00193815        0.00198858        
-0.0197687        0.0282953        -0.00193815        0.00198858        
-0.0198075        0.0283351        -0.00193815        0.00198858        
-0.0198462        0.0283748        -0.00193815        0.00198858        
-0.019885        0.0284146        -0.00193815        0.00198858        
-0.0199238        0.0284544        -0.00193815        0.00198858        
-0.0199625        0.0284941        -0.00193815        0.00198858        
-0.0200013        0.0285339        -0.00193815        0.00198858        
-0.0200401        0.0285737        -0.00193815        0.00198858        
-0.0200788        0.0286135        -0.00193815        0.00198858        
-0.0201176        0.0286532        -0.00193815        0.00198858        
-0.0201563        0.028693        -0.00193815        0.00198858        
-0.0201951        0.0287328        -0.00193815        0.00198858        
-0.0202339        0.0287725        -0.00193815        0.00198858        
-0.0202726        0.0288123        -0.00193815        0.00198858        
-0.0203114        0.0288521        -0.00193815        0.00198858        
-0.0203502        0.0288919        -0.00193815        0.00198858        
-0.0203889        0.0289316        -0.00193815        0.00198858        
-0.0204277        0.0289714        -0.00193815        0.00198858        
-0.0204664        0.0290112        -0.00193815        0.00198858        
-0.0205052        0.0290509        -0.00193815        0.00198858        
-0.020544        0.0290907        -0.00193815        0.00198858        
-0.0205827        0.0291305        -0.00193815        0.00198858        
-0.0206215        0.0291703        -0.00193815        0.00198858        
-0.0206603        0.02921        -0.00193815        0.00198858        
-0.020699        0.0292498        -0.00193815        0.00198858        
-0.0207378        0.0292896        -0.00193815        0.00198858        
-0.0207765        0.0293293        -0.00193815        0.00198858        
-0.0208153        0.0293691        -0.00193815        0.00198858        
-0.0208541        0.0294089        -0.00193815        0.00198858        
-0.0208928        0.0294487        -0.00193815        0.00198858        
-0.0209316        0.0294884        -0.00193815        0.00198858        
-0.0209704        0.0295282        -0.00193815        0.00198858        
-0.0210091        0.029568        -0.00193815        0.00198858        
-0.0210479        0.0296078        -0.00193815        0.00198858        
-0.0210867        0.0296475        -0.00193815        0.00198858        
-0.0211254        0.0296873        -0.00193815        0.00198858        
-0.0211642        0.0297271        -0.00193815        0.00198858        
-0.0212029        0.0297668        -0.00193815        0.00198858        
-0.0212417        0.0298066        -0.00193815        0.00198858        
-0.0212805        0.0298464        -0.00193815        0.00198858        
-0.0213192        0.0298862        -0.00193815        0.00198858        
-0.021358        0.0299259        -0.00193815        0.00198858        
-0.0213968        0.0299657        -0.00193815        0.00198858        
-0.0214355        0.0300055        -0.00193815        0.00198858        
-0.0214743        0.0300452        -0.00193815        0.00198858        
-0.021513        0.030085        -0.00193815        0.00198858        
-0.0215518        0.0301248        -0.00193815        0.00198858        
-0.0215906        0.0301646        -0.00193815        0.00198858        
-0.0216293        0.0302043        -0.00193815        0.00198858        
-0.0216681        0.0302441        -0.00193815        0.00198858        
-0.0217069        0.0302839        -0.00193815        0.00198858        
-0.0217456        0.0303236        -0.00193815        0.00198858        
-0.0217844        0.0303634        -0.00193815        0.00198858        
-0.0218231        0.0304032        -0.00193815        0.00198858        
-0.0218619        0.030443        -0.00193815        0.00198858        
-0.0219007        0.0304827        -0.00193815        0.00198858        
-0.0219394        0.0305225        -0.00193815        0.00198858        
-0.0219782        0.0305623        -0.00193815        0.00198858        
-0.022017        0.030602        -0.00193815        0.00198858        
-0.0220557        0.0306418        -0.00193815        0.00198858        
-0.0220945        0.0306816        -0.00193815        0.00198858        
-0.0221333        0.0307214        -0.00193815        0.00198858        
-0.022172        0.0307611        -0.00193815        0.00198858        
-0.0222108        0.0308009        -0.00193815        0.00198858        
-0.0222495        0.0308407        -0.00193815        0.00198858        
-0.0222883        0.0308804        -0.00193815        0.00198858        
-0.0223271        0.0309202        -0.00193815        0.00198858        
-0.0223658        0.03096        -0.00193815        0.00198858        
-0.0224046        0.0309998        -0.00193815        0.00198858        
-0.0224434        0.0310395        -0.00193815        0.00198858        
-0.0224821        0.0310793        -0.00193815        0.00198858        
-0.0225209        0.0311191        -0.00193815        0.00198858        
-0.0225596        0.0311588        -0.00193815        0.00198858        
-0.0225984        0.0311986        -0.00193815        0.00198858        
-0.0226372        0.0312384        -0.00193815        0.00198858        
-0.0226759        0.0312782        -0.00193815        0.00198858        
-0.0227147        0.0313179        -0.00193815        0.00198858        
-0.0227535        0.0313577        -0.00193815        0.00198858        
-0.0227922        0.0313975        -0.00193815        0.00198858        
-0.022831        0.0314372        -0.00193815        0.00198858        
-0.0228697        0.031477        -0.00193815        0.00198858        
-0.0229085        0.0315168        -0.00193815        0.00198858        
-0.0229473        0.0315566        -0.00193815        0.00198858        
-0.022986        0.0315963        -0.00193815        0.00198858        
-0.0230248        0.0316361        -0.00193815        0.00198858        
-0.0230636        0.0316759        -0.00193815        0.00198858        
-0.0231023        0.0317156        -0.00193815        0.00198858        
-0.0231411        0.0317554        -0.00193815        0.00198858        
-0.0231799        0.0317952        -0.00193815        0.00198858        
-0.0232186        0.031835        -0.00193815        0.00198858        
-0.0232574        0.0318747        -0.00193815        0.00198858        
-0.0232961        0.0319145        -0.00193815        0.00198858        
-0.0233349        0.0319543        -0.00193815        0.00198858        
-0.0233737        0.0319941        -0.00193815        0.00198858        
-0.0234124        0.0320338        -0.00193815        0.00198858        
-0.0234512        0.0320736        -0.00193815        0.00198858        
-0.02349        0.0321134        -0.00193815        0.00198858        
-0.0235287        0.0321531        -0.00193815        0.00198858        
-0.0235675        0.0321929        -0.00193815        0.00198858        
-0.0236062        0.0322327        -0.00193815        0.00198858        
-0.023645        0.0322725        -0.00193815        0.00198858        
-0.0236838        0.0323122        -0.00193815        0.00198858        
-0.0237225        0.032352        -0.00193815        0.00198858        
-0.0237613        0.0323918        -0.00193815        0.00198858        
-0.0238001        0.0324315        -0.00193815        0.00198858        
-0.0238388        0.0324713        -0.00193815        0.00198858        
-0.0238776        0.0325111        -0.00193815        0.00198858        
-0.0239163        0.0325509        -0.00193815        0.00198858        
-0.0239551        0.0325906        -0.00193815        0.00198858        
-0.0239939        0.0326304        -0.00193815        0.00198858        
-0.0240326        0.0326702        -0.00193815        0.00198858        
-0.0240714        0.0327099        -0.00193815        0.00198858        
-0.0241102        0.0327497        -0.00193815        0.00198858        
-0.0241489        0.0327895        -0.00193815        0.00198858        
-0.0241877        0.0328293        -0.00193815        0.00198858        
-0.0242265        0.032869        -0.00193815        0.00198858        
-0.0242652        0.0329088        -0.00193815        0.00198858        
-0.024304        0.0329486        -0.00193815        0.00198858        
-0.0243427        0.0329883        -0.00193815        0.00198858        
-0.0243815        0.0330281        -0.00193815        0.00198858        
-0.0244203        0.0330679        -0.00193815        0.00198858        
-0.024459        0.0331077        -0.00193815        0.00198858        
-0.0244978        0.0331474        -0.00193815        0.00198858        
-0.0245366        0.0331872        -0.00193815        0.00198858        
-0.0245753        0.033227        -0.00193815        0.00198858        
-0.0246141        0.0332667        -0.00193815        0.00198858        
-0.0246528        0.0333065        -0.00193815        0.00198858        
-0.0246916        0.0333463        -0.00193815        0.00198858        
-0.0247304        0.0333861        -0.00193815        0.00198858        
-0.0247691        0.0334258        -0.00193815        0.00198858        
-0.0248079        0.0334656        -0.00193815        0.00198858        
-0.0248467        0.0335054        -0.00193815        0.00198858        
-0.0248854        0.0335451        -0.00193815        0.00198858        
-0.0249242        0.0335849        -0.00193815        0.00198858        
-0.0249629        0.0336247        -0.00193815        0.00198858        
-0.0250017        0.0336645        -0.00193815        0.00198858        
-0.0250405        0.0337042        -0.00193815        0.00198858        
-0.0250792        0.033744        -0.00193815        0.00198858        
-0.025118        0.0337838        -0.00193815        0.00198858        
-0.0251568        0.0338235        -0.00193815        0.00198858        
-0.0251955        0.0338633        -0.00193815        0.00198858        
-0.0252343        0.0339031        -0.00193815        0.00198858        
-0.0252731        0.0339429        -0.00193815        0.00198858        
-0.0253118        0.0339826        -0.00193815        0.00198858        
-0.0253506        0.0340224        -0.00193815        0.00198858        
-0.0253893        0.0340622        -0.00193815        0.00198858        
-0.0254281        0.0341019        -0.00193815        0.00198858        
-0.0254669        0.0341417        -0.00193815        0.00198858        
-0.0255056        0.0341815        -0.00193815        0.00198858        
-0.0255444        0.0342213        -0.00193815        0.00198858        
-0.0255832        0.034261        -0.00193815        0.00198858        
-0.0256219        0.0343008        -0.00193815        0.00198858        
-0.0256607        0.0343406        -0.00193815        0.00198858        
-0.0256994        0.0343804        -0.00193815        0.00198858        
-0.0257382        0.0344201        -0.00193815        0.00198858        
-0.025777        0.0344599        -0.00193815        0.00198858        
-0.0258157        0.0344997        -0.00193815        0.00198858        
-0.0258545        0.0345394        -0.00193815        0.00198858        
-0.0258933        0.0345792        -0.00193815        0.00198858        
-0.025932        0.034619        -0.00193815        0.00198858        
-0.0259708        0.0346588        -0.00193815        0.00198858        
-0.0260095        0.0346985        -0.00193815        0.00198858        
-0.0260483        0.0347383        -0.00193815        0.00198858        
-0.0260871        0.0347781        -0.00193815        0.00198858        
-0.0261258        0.0348178        -0.00193815        0.00198858        
-0.0261646        0.0348576        -0.00193815        0.00198858        
-0.0262034        0.0348974        -0.00193815        0.00198858        
-0.0262421        0.0349372        -0.00193815        0.00198858        
-0.0262809        0.0349769        -0.00193815        0.00198858        
-0.0263197        0.0350167        -0.00193815        0.00198858        
-0.0263584        0.0350565        -0.00193815        0.00198858        
-0.0263972        0.0350962        -0.00193815        0.00198858        
-0.0264359        0.035136        -0.00193815        0.00198858        
-0.0264747        0.0351758        -0.00193815        0.00198858        
-0.0265135        0.0352156        -0.00193815        0.00198858        
-0.0265522        0.0352553        -0.00193815        0.00198858        
-0.026591        0.0352951        -0.00193815        0.00198858        
-0.0266298        0.0353349        -0.00193815        0.00198858        
-0.0266685        0.0353746        -0.00193815        0.00198858        
-0.0267073        0.0354144        -0.00193815        0.00198858        
-0.026746        0.0354542        -0.00193815        0.00198858        
-0.0267848        0.035494        -0.00193815        0.00198858        
-0.0268236        0.0355337        -0.00193815        0.00198858        
-0.0268623        0.0355735        -0.00193815        0.00198858        
-0.0269011        0.0356133        -0.00193815        0.00198858        
-0.0269399        0.035653        -0.00193815        0.00198858        
-0.0269786        0.0356928        -0.00193815        0.00198858        
-0.0270174        0.0357326        -0.00193815        0.00198858        
-0.0270561        0.0357724        -0.00193815        0.00198858        
-0.0270949        0.0358121        -0.00193815        0.00198858        
-0.0271337        0.0358519        -0.00193815        0.00198858        
-0.0271724        0.0358917        -0.00193815        0.00198858        
-0.0272112        0.0359314        -0.00193815        0.00198858        
-0.02725        0.0359712        -0.00193815        0.00198858        
-0.0272887        0.036011        -0.00193815        0.00198858        
-0.0273275        0.0360508        -0.00193815        0.00198858        
-0.0273663        0.0360905        -0.00193815        0.00198858        
-0.027405        0.0361303        -0.00193815        0.00198858        
-0.0274438        0.0361701        -0.00193815        0.00198858        
-0.0274825        0.0362098        -0.00193815        0.00198858        
-0.0275213        0.0362496        -0.00193815        0.00198858        
-0.0275601        0.0362894        -0.00193815        0.00198858        
-0.0275988        0.0363292        -0.00193815        0.00198858        
-0.0276376        0.0363689        -0.00193815        0.00198858        
-0.0276764        0.0364087        -0.00193815        0.00198858        
-0.0277151        0.0364485        -0.00193815        0.00198858        
-0.0277539        0.0364882        -0.00193815        0.00198858        
-0.0277926        0.036528        -0.00193815        0.00198858        
-0.0278314        0.0365678        -0.00193815        0.00198858        
-0.0278702        0.0366076        -0.00193815        0.00198858        
-0.0279089        0.0366473        -0.00193815        0.00198858        
-0.0279477        0.0366871        -0.00193815        0.00198858        
-0.0279865        0.0367269        -0.00193815        0.00198858        
-0.0280252        0.0367667        -0.00193815        0.00198858        
-0.028064        0.0368064        -0.00193815        0.00198858        
-0.0281027        0.0368462        -0.00193815        0.00198858        
-0.0281415        0.036886        -0.00193815        0.00198858        
-0.0281803        0.0369257        -0.00193815        0.00198858        
-0.028219        0.0369655        -0.00193815        0.00198858        
-0.0282578        0.0370053        -0.00193815        0.00198858        
-0.0282966        0.0370451        -0.00193815        0.00198858        
-0.0283353        0.0370848        -0.00193815        0.00198858        
-0.0283741        0.0371246        -0.00193815        0.00198858        
-0.0284129        0.0371644        -0.00193815        0.00198858        
-0.0284516        0.0372041        -0.00193815        0.00198858        
-0.0284904        0.0372439        -0.00193815        0.00198858        
-0.0285291        0.0372837        -0.00193815        0.00198858        
-0.0285679        0.0373235        -0.00193815        0.00198858        
-0.0286067        0.0373632        -0.00193815        0.00198858        
-0.0286454        0.037403        -0.00193815        0.00198858        
-0.0286842        0.0374428        -0.00193815        0.00198858        
-0.028723        0.0374825        -0.00193815        0.00198858        
-0.0287617        0.0375223        -0.00193815        0.00198858        
-0.0288005        0.0375621        -0.00193815        0.00198858        
-0.0288392        0.0376019        -0.00193815        0.00198858        
-0.028878        0.0376416        -0.00193815        0.00198858        
-0.0289168        0.0376814        -0.00193815        0.00198858        
-0.0289555        0.0377212        -0.00193815        0.00198858        
-0.0289943        0.0377609        -0.00193815        0.00198858        
-0.0290331        0.0378007        -0.00193815        0.00198858        
-0.0290718        0.0378405        -0.00193815        0.00198858        
-0.0291106        0.0378803        -0.00193815        0.00198858        
-0.0291493        0.03792        -0.00193815        0.00198858        
-0.0291881        0.0379598        -0.00193815        0.00198858        
-0.0292269        0.0379996        -0.00193815        0.00198858        
-0.0292656        0.0380393        -0.00193815        0.00198858        
-0.0293044        0.0380791        -0.00193815        0.00198858        
-0.0293432        0.0381189        -0.00193815        0.00198858        
-0.0293819        0.0381587        -0.00193815        0.00198858        
-0.0294207        0.0381984        -0.00193815        0.00198858        
-0.0294595        0.0382382        -0.00193815        0.00198858        
-0.0294982        0.038278        -0.00193815        0.00198858        
-0.029537        0.0383177        -0.00193815        0.00198858        
-0.0295757        0.0383575        -0.00193815        0.00198858        
-0.0296145        0.0383973        -0.00193815        0.00198858        
-0.0296533        0.0384371        -0.00193815        0.00198858        
-0.029692        0.0384768        -0.00193815        0.00198858        
-0.0297308        0.0385166        -0.00193815        0.00198858        
-0.0297696        0.0385564        -0.00193815        0.00198858        
-0.0298083        0.0385961        -0.00193815        0.00198858        
-0.0298471        0.0386359        -0.00193815        0.00198858        
-0.0298858        0.0386757        -0.00193815        0.00198858        
-0.0299246        0.0387155        -0.00193815        0.00198858        
-0.0299634        0.0387552        -0.00193815        0.00198858        
-0.0300021        0.038795        -0.00193815        0.00198858        
-0.0300409        0.0388348        -0.00193815        0.00198858        
-0.0300797        0.0388745        -0.00193815        0.00198858        
-0.0301184        0.0389143        -0.00193815        0.00198858        
-0.0301572        0.0389541        -0.00193815        0.00198858        
-0.0301959        0.0389939        -0.00193815        0.00198858        
-0.0302347        0.0390336        -0.00193815        0.00198858        
-0.0302735        0.0390734        -0.00193815        0.00198858        
-0.0303122        0.0391132        -0.00193815        0.00198858        
-0.030351        0.039153        -0.00193815        0.00198858        
-0.0303898        0.0391927        -0.00193815        0.00198858        
-0.0304285        0.0392325        -0.00193815        0.00198858        
-0.0304673        0.0392723        -0.00193815        0.00198858        
-0.0305061        0.039312        -0.00193815        0.00198858        
-0.0305448        0.0393518        -0.00193815        0.00198858        
-0.0305836        0.0393916        -0.00193815        0.00198858        
-0.0306223        0.0394314        -0.00193815        0.00198858        
-0.0306611        0.0394711        -0.00193815        0.00198858        
-0.0306999        0.0395109        -0.00193815        0.00198858        
-0.0307386        0.0395507        -0.00193815        0.00198858        
-0.0307774        0.0395904        -0.00193815        0.00198858        
-0.0308162        0.0396302        -0.00193815        0.00198858        
-0.0308549        0.03967        -0.00193815        0.00198858        
-0.0308937        0.0397098        -0.00193815        0.00198858        
-0.0309324        0.0397495        -0.00193815        0.00198858        
-0.0309712        0.0397893        -0.00193815        0.00198858        
-0.03101        0.0398291        -0.00193815        0.00198858        
-0.0310487        0.0398688        -0.00193815        0.00198858        
-0.0310875        0.0399086        -0.00193815        0.00198858        
-0.0311263        0.0399484        -0.00193815        0.00198858        
-0.031165        0.0399882        -0.00193815        0.00198858        
-0.0312038        0.0400279        -0.00193815        0.00198858        
-0.0312425        0.0400677        -0.00193815        0.00198858        
-0.0312813        0.0401075        -0.00193815        0.00198858        
-0.0313201        0.0401472        -0.00193815        0.00198858        
-0.0313588        0.040187        -0.00193815        0.00198858        
-0.0313976        0.0402268        -0.00193815        0.00198858        
-0.0314364        0.0402666        -0.00193815        0.00198858        
-0.0314751        0.0403063        -0.00193815        0.00198858        
-0.0315139        0.0403461        -0.00193815        0.00198858        
-0.0315527        0.0403859        -0.00193815        0.00198858        
-0.0315914        0.0404256        -0.00193815        0.00198858        
-0.0316302        0.0404654        -0.00193815        0.00198858        
-0.0316689        0.0405052        -0.00193815        0.00198858        
-0.0317077        0.040545        -0.00193815        0.00198858        
-0.0317465        0.0405847        -0.00193815        0.00198858        
-0.0317852        0.0406245        -0.00193815        0.00198858        
-0.031824        0.0406643        -0.00193815        0.00198858        
-0.0318628        0.040704        -0.00193815        0.00198858        
-0.0319015        0.0407438        -0.00193815        0.00198858        
-0.0319403        0.0407836        -0.00193815        0.00198858        
-0.031979        0.0408234        -0.00193815        0.00198858        
-0.0320178        0.0408631        -0.00193815        0.00198858        
-0.0320566        0.0409029        -0.00193815        0.00198858        
-0.0320953        0.0409427        -0.00193815        0.00198858        
-0.0321341        0.0409824        -0.00193815        0.00198858        
-0.0321729        0.0410222        -0.00193815        0.00198858        
-0.0322116        0.041062        -0.00193815        0.00198858        
-0.0322504        0.0411018        -0.00193815        0.00198858        
-0.0322891        0.0411415        -0.00193815        0.00198858        
-0.0323279        0.0411813        -0.00193815        0.00198858        
-0.0323667        0.0412211        -0.00193815        0.00198858        
-0.0324054        0.0412608        -0.00193815        0.00198858        
-0.0324442        0.0413006        -0.00193815        0.00198858        
-0.032483        0.0413404        -0.00193815        0.00198858        
-0.0325217        0.0413802        -0.00193815        0.00198858        
-0.0325605        0.0414199        -0.00193815        0.00198858        
-0.0325993        0.0414597        -0.00193815        0.00198858        
-0.032638        0.0414995        -0.00193815        0.00198858        
-0.0326768        0.0415393        -0.00193815        0.00198858        
-0.0327155        0.041579        -0.00193815        0.00198858        
-0.0327543        0.0416188        -0.00193815        0.00198858        
-0.0327931        0.0416586        -0.00193815        0.00198858        
-0.0328318        0.0416983        -0.00193815        0.00198858        
-0.0328706        0.0417381        -0.00193815        0.00198858        
-0.0329094        0.0417779        -0.00193815        0.00198858        
-0.0329481        0.0418177        -0.00193815        0.00198858        
-0.0329869        0.0418574        -0.00193815        0.00198858        
-0.0330256        0.0418972        -0.00193815        0.00198858        
-0.0330644        0.041937        -0.00193815        0.00198858        
-0.0331032        0.0419767        -0.00193815        0.00198858        
-0.0331419        0.0420165        -0.00193815        0.00198858        
-0.0331807        0.0420563        -0.00193815        0.00198858        
-0.0332195        0.0420961        -0.00193815        0.00198858        
-0.0332582        0.0421358        -0.00193815        0.00198858        
-0.033297        0.0421756        -0.00193815        0.00198858        
-0.0333357        0.0422154        -0.00193815        0.00198858        
-0.0333745        0.0422551        -0.00193815        0.00198858        
-0.0334133        0.0422949        -0.00193815        0.00198858        
-0.033452        0.0423347        -0.00193815        0.00198858        
-0.0334908        0.0423745        -0.00193815        0.00198858        
-0.0335296        0.0424142        -0.00193815        0.00198858        
-0.0335683        0.042454        -0.00193815        0.00198858        
-0.0336071        0.0424938        -0.00193815        0.00198858        
-0.0336459        0.0425335        -0.00193815        0.00198858        
-0.0336846        0.0425733        -0.00193815        0.00198858        
-0.0337234        0.0426131        -0.00193815        0.00198858        
-0.0337621        0.0426529        -0.00193815        0.00198858        
-0.0338009        0.0426926        -0.00193815        0.00198858        
-0.0338397        0.0427324        -0.00193815        0.00198858        
-0.0338784        0.0427722        -0.00193815        0.00198858        
-0.0339172        0.0428119        -0.00193815        0.00198858        
-0.033956        0.0428517        -0.00193815        0.00198858        
-0.0339947        0.0428915        -0.00193815        0.00198858        
-0.0340335        0.0429313        -0.00193815        0.00198858        
-0.0340722        0.042971        -0.00193815        0.00198858        
-0.034111        0.0430108        -0.00193815        0.00198858        
-0.0341498        0.0430506        -0.00193815        0.00198858        
-0.0341885        0.0430903        -0.00193815        0.00198858        
-0.0342273        0.0431301        -0.00193815        0.00198858        
-0.0342661        0.0431699        -0.00193815        0.00198858        
-0.0343048        0.0432097        -0.00193815        0.00198858        
-0.0343436        0.0432494        -0.00193815        0.00198858        
-0.0343823        0.0432892        -0.00193815        0.00198858        
-0.0344211        0.043329        -0.00193815        0.00198858        
-0.0344599        0.0433687        -0.00193815        0.00198858        
-0.0344986        0.0434085        -0.00193815        0.00198858        
-0.0345374        0.0434483        -0.00193815        0.00198858        
-0.0345762        0.0434881        -0.00193815        0.00198858        
-0.0346149        0.0435278        -0.00193815        0.00198858        
-0.0346537        0.0435676        -0.00193815        0.00198858        
-0.0346925        0.0436074        -0.00193815        0.00198858        
-0.0347312        0.0436471        -0.00193815        0.00198858        
-0.03477        0.0436869        -0.00193815        0.00198858        
-0.0348087        0.0437267        -0.00193815        0.00198858        
-0.0348475        0.0437665        -0.00193815        0.00198858        
-0.0348863        0.0438062        -0.00193815        0.00198858        
-0.034925        0.043846        -0.00193815        0.00198858        
-0.0349638        0.0438858        -0.00193815        0.00198858        
-0.0350026        0.0439256        -0.00193815        0.00198858        
-0.0350413        0.0439653        -0.00193815        0.00198858        
-0.0350801        0.0440051        -0.00193815        0.00198858        
-0.0351188        0.0440449        -0.00193815        0.00198858        
-0.0351576        0.0440846        -0.00193815        0.00198858        
-0.0351964        0.0441244        -0.00193815        0.00198858        
-0.0352351        0.0441642        -0.00193815        0.00198858        
-0.0352739        0.044204        -0.00193815        0.00198858        
-0.0353127        0.0442437        -0.00193815        0.00198858        
-0.0353514        0.0442835        -0.00193815        0.00198858        
-0.0353902        0.0443233        -0.00193815        0.00198858        
-0.0354289        0.044363        -0.00193815        0.00198858        
-0.0354677        0.0444028        -0.00193815        0.00198858        
-0.0355065        0.0444426        -0.00193815        0.00198858        
-0.0355452        0.0444824        -0.00193815        0.00198858        
-0.035584        0.0445221        -0.00193815        0.00198858        
-0.0356228        0.0445619        -0.00193815        0.00198858        
-0.0356615        0.0446017        -0.00193815        0.00198858        
-0.0357003        0.0446414        -0.00193815        0.00198858        
-0.0357391        0.0446812        -0.00193815        0.00198858        
-0.0357778        0.044721        -0.00193815        0.00198858        
-0.0358166        0.0447608        -0.00193815        0.00198858        
-0.0358553        0.0448005        -0.00193815        0.00198858        
-0.0358941        0.0448403        -0.00193815        0.00198858        
-0.0359329        0.0448801        -0.00193815        0.00198858        
-0.0359716        0.0449198        -0.00193815        0.00198858        
-0.0360104        0.0449596        -0.00193815        0.00198858        
-0.0360492        0.0449994        -0.00193815        0.00198858        
-0.0360879        0.0450392        -0.00193815        0.00198858        
-0.0361267        0.0450789        -0.00193815        0.00198858        
-0.0361654        0.0451187        -0.00193815        0.00198858        
-0.0362042        0.0451585        -0.00193815        0.00198858        
-0.036243        0.0451982        -0.00193815        0.00198858        
-0.0362817        0.045238        -0.00193815        0.00198858        
-0.0363205        0.0452778        -0.00193815        0.00198858        
-0.0363593        0.0453176        -0.00193815        0.00198858        
-0.036398        0.0453573        -0.00193815        0.00198858        
-0.0364368        0.0453971        -0.00193815        0.00198858        
-0.0364755        0.0454369        -0.00193815        0.00198858        
-0.0365143        0.0454766        -0.00193815        0.00198858        
