Euler algorithm (2D)
venus (x, y, vx, vy)
Timestep: 20 years

-0.704996        0.131291        -1.33197        -7.30499        
-0.731635        -0.0148088        -1.33197        -7.30499        
-0.758275        -0.160909        -1.33197        -7.30499        
-0.784914        -0.307008        -1.33197        -7.30499        
-0.811553        -0.453108        -1.33197        -7.30499        
-0.838193        -0.599208        -1.33197        -7.30499        
-0.864832        -0.745308        -1.33197        -7.30499        
-0.891471        -0.891408        -1.33197        -7.30499        
-0.918111        -1.03751        -1.33197        -7.30499        
-0.94475        -1.18361        -1.33197        -7.30499        
-0.971389        -1.32971        -1.33197        -7.30499        
-0.998029        -1.47581        -1.33197        -7.30499        
-1.02467        -1.62191        -1.33197        -7.30499        
-1.05131        -1.76801        -1.33197        -7.30499        
-1.07795        -1.91411        -1.33197        -7.30499        
-1.10459        -2.06021        -1.33197        -7.30499        
-1.13123        -2.20631        -1.33197        -7.30499        
-1.15786        -2.35241        -1.33197        -7.30499        
-1.1845        -2.49851        -1.33197        -7.30499        
-1.21114        -2.64461        -1.33197        -7.30499        
-1.23778        -2.79071        -1.33197        -7.30499        
-1.26442        -2.93681        -1.33197        -7.30499        
-1.29106        -3.08291        -1.33197        -7.30499        
-1.3177        -3.229        -1.33197        -7.30499        
-1.34434        -3.3751        -1.33197        -7.30499        
-1.37098        -3.5212        -1.33197        -7.30499        
-1.39762        -3.6673        -1.33197        -7.30499        
-1.42426        -3.8134        -1.33197        -7.30499        
-1.4509        -3.9595        -1.33197        -7.30499        
-1.47754        -4.1056        -1.33197        -7.30499        
-1.50418        -4.2517        -1.33197        -7.30499        
-1.53082        -4.3978        -1.33197        -7.30499        
-1.55746        -4.5439        -1.33197        -7.30499        
-1.58409        -4.69        -1.33197        -7.30499        
-1.61073        -4.8361        -1.33197        -7.30499        
-1.63737        -4.9822        -1.33197        -7.30499        
-1.66401        -5.1283        -1.33197        -7.30499        
-1.69065        -5.2744        -1.33197        -7.30499        
-1.71729        -5.4205        -1.33197        -7.30499        
-1.74393        -5.5666        -1.33197        -7.30499        
-1.77057        -5.7127        -1.33197        -7.30499        
-1.79721        -5.8588        -1.33197        -7.30499        
-1.82385        -6.0049        -1.33197        -7.30499        
-1.85049        -6.151        -1.33197        -7.30499        
-1.87713        -6.2971        -1.33197        -7.30499        
-1.90377        -6.4432        -1.33197        -7.30499        
-1.93041        -6.5893        -1.33197        -7.30499        
-1.95705        -6.7354        -1.33197        -7.30499        
-1.98368        -6.8815        -1.33197        -7.30499        
-2.01032        -7.0276        -1.33197        -7.30499        
-2.03696        -7.1737        -1.33197        -7.30499        
-2.0636        -7.3198        -1.33197        -7.30499        
-2.09024        -7.4659        -1.33197        -7.30499        
-2.11688        -7.612        -1.33197        -7.30499        
-2.14352        -7.7581        -1.33197        -7.30499        
-2.17016        -7.9042        -1.33197        -7.30499        
-2.1968        -8.0503        -1.33197        -7.30499        
-2.22344        -8.1964        -1.33197        -7.30499        
-2.25008        -8.3425        -1.33197        -7.30499        
-2.27672        -8.4886        -1.33197        -7.30499        
-2.30336        -8.6347        -1.33197        -7.30499        
-2.33        -8.7808        -1.33197        -7.30499        
-2.35664        -8.9269        -1.33197        -7.30499        
-2.38327        -9.073        -1.33197        -7.30499        
-2.40991        -9.2191        -1.33197        -7.30499        
-2.43655        -9.3652        -1.33197        -7.30499        
-2.46319        -9.5113        -1.33197        -7.30499        
-2.48983        -9.6574        -1.33197        -7.30499        
-2.51647        -9.8035        -1.33197        -7.30499        
-2.54311        -9.9496        -1.33197        -7.30499        
-2.56975        -10.0957        -1.33197        -7.30499        
-2.59639        -10.2418        -1.33197        -7.30499        
-2.62303        -10.3879        -1.33197        -7.30499        
-2.64967        -10.534        -1.33197        -7.30499        
-2.67631        -10.6801        -1.33197        -7.30499        
-2.70295        -10.8262        -1.33197        -7.30499        
-2.72959        -10.9723        -1.33197        -7.30499        
-2.75623        -11.1184        -1.33197        -7.30499        
-2.78286        -11.2645        -1.33197        -7.30499        
-2.8095        -11.4106        -1.33197        -7.30499        
-2.83614        -11.5567        -1.33197        -7.30499        
-2.86278        -11.7028        -1.33197        -7.30499        
-2.88942        -11.8489        -1.33197        -7.30499        
-2.91606        -11.995        -1.33197        -7.30499        
-2.9427        -12.1411        -1.33197        -7.30499        
-2.96934        -12.2872        -1.33197        -7.30499        
-2.99598        -12.4333        -1.33197        -7.30499        
-3.02262        -12.5794        -1.33197        -7.30499        
-3.04926        -12.7255        -1.33197        -7.30499        
-3.0759        -12.8716        -1.33197        -7.30499        
-3.10254        -13.0177        -1.33197        -7.30499        
-3.12918        -13.1638        -1.33197        -7.30499        
-3.15582        -13.3099        -1.33197        -7.30499        
-3.18246        -13.456        -1.33197        -7.30499        
-3.20909        -13.6021        -1.33197        -7.30499        
-3.23573        -13.7482        -1.33197        -7.30499        
-3.26237        -13.8943        -1.33197        -7.30499        
-3.28901        -14.0404        -1.33197        -7.30499        
-3.31565        -14.1865        -1.33197        -7.30499        
-3.34229        -14.3326        -1.33197        -7.30499        
-3.36893        -14.4787        -1.33197        -7.30499        
-3.39557        -14.6248        -1.33197        -7.30499        
-3.42221        -14.7709        -1.33197        -7.30499        
-3.44885        -14.917        -1.33197        -7.30499        
-3.47549        -15.0631        -1.33197        -7.30499        
-3.50213        -15.2092        -1.33197        -7.30499        
-3.52877        -15.3553        -1.33197        -7.30499        
-3.55541        -15.5014        -1.33197        -7.30499        
-3.58205        -15.6475        -1.33197        -7.30499        
-3.60868        -15.7936        -1.33197        -7.30499        
-3.63532        -15.9397        -1.33197        -7.30499        
-3.66196        -16.0858        -1.33197        -7.30499        
-3.6886        -16.2319        -1.33197        -7.30499        
-3.71524        -16.378        -1.33197        -7.30499        
-3.74188        -16.5241        -1.33197        -7.30499        
-3.76852        -16.6702        -1.33197        -7.30499        
-3.79516        -16.8163        -1.33197        -7.30499        
-3.8218        -16.9624        -1.33197        -7.30499        
-3.84844        -17.1085        -1.33197        -7.30499        
-3.87508        -17.2546        -1.33197        -7.30499        
-3.90172        -17.4007        -1.33197        -7.30499        
-3.92836        -17.5468        -1.33197        -7.30499        
-3.955        -17.6929        -1.33197        -7.30499        
-3.98164        -17.839        -1.33197        -7.30499        
-4.00827        -17.9851        -1.33197        -7.30499        
-4.03491        -18.1312        -1.33197        -7.30499        
-4.06155        -18.2773        -1.33197        -7.30499        
-4.08819        -18.4234        -1.33197        -7.30499        
-4.11483        -18.5695        -1.33197        -7.30499        
-4.14147        -18.7156        -1.33197        -7.30499        
-4.16811        -18.8617        -1.33197        -7.30499        
-4.19475        -19.0078        -1.33197        -7.30499        
-4.22139        -19.1539        -1.33197        -7.30499        
-4.24803        -19.3        -1.33197        -7.30499        
-4.27467        -19.4461        -1.33197        -7.30499        
-4.30131        -19.5922        -1.33197        -7.30499        
-4.32795        -19.7383        -1.33197        -7.30499        
-4.35459        -19.8844        -1.33197        -7.30499        
-4.38123        -20.0305        -1.33197        -7.30499        
-4.40787        -20.1766        -1.33197        -7.30499        
-4.4345        -20.3227        -1.33197        -7.30499        
-4.46114        -20.4688        -1.33197        -7.30499        
-4.48778        -20.6149        -1.33197        -7.30499        
-4.51442        -20.761        -1.33197        -7.30499        
-4.54106        -20.9071        -1.33197        -7.30499        
-4.5677        -21.0532        -1.33197        -7.30499        
-4.59434        -21.1993        -1.33197        -7.30499        
-4.62098        -21.3454        -1.33197        -7.30499        
-4.64762        -21.4915        -1.33197        -7.30499        
-4.67426        -21.6376        -1.33197        -7.30499        
-4.7009        -21.7837        -1.33197        -7.30499        
-4.72754        -21.9298        -1.33197        -7.30499        
-4.75418        -22.0759        -1.33197        -7.30499        
-4.78082        -22.222        -1.33197        -7.30499        
-4.80746        -22.3681        -1.33197        -7.30499        
-4.83409        -22.5142        -1.33197        -7.30499        
-4.86073        -22.6603        -1.33197        -7.30499        
-4.88737        -22.8064        -1.33197        -7.30499        
-4.91401        -22.9525        -1.33197        -7.30499        
-4.94065        -23.0986        -1.33197        -7.30499        
-4.96729        -23.2447        -1.33197        -7.30499        
-4.99393        -23.3908        -1.33197        -7.30499        
-5.02057        -23.5369        -1.33197        -7.30499        
-5.04721        -23.683        -1.33197        -7.30499        
-5.07385        -23.8291        -1.33197        -7.30499        
-5.10049        -23.9752        -1.33197        -7.30499        
-5.12713        -24.1213        -1.33197        -7.30499        
-5.15377        -24.2674        -1.33197        -7.30499        
-5.18041        -24.4135        -1.33197        -7.30499        
-5.20705        -24.5596        -1.33197        -7.30499        
-5.23368        -24.7057        -1.33197        -7.30499        
-5.26032        -24.8518        -1.33197        -7.30499        
-5.28696        -24.9979        -1.33197        -7.30499        
-5.3136        -25.144        -1.33197        -7.30499        
-5.34024        -25.2901        -1.33197        -7.30499        
-5.36688        -25.4362        -1.33197        -7.30499        
-5.39352        -25.5823        -1.33197        -7.30499        
-5.42016        -25.7284        -1.33197        -7.30499        
-5.4468        -25.8745        -1.33197        -7.30499        
-5.47344        -26.0206        -1.33197        -7.30499        
-5.50008        -26.1667        -1.33197        -7.30499        
-5.52672        -26.3128        -1.33197        -7.30499        
-5.55336        -26.4589        -1.33197        -7.30499        
-5.58        -26.605        -1.33197        -7.30499        
-5.60664        -26.7511        -1.33197        -7.30499        
-5.63327        -26.8972        -1.33197        -7.30499        
-5.65991        -27.0433        -1.33197        -7.30499        
-5.68655        -27.1894        -1.33197        -7.30499        
-5.71319        -27.3355        -1.33197        -7.30499        
-5.73983        -27.4816        -1.33197        -7.30499        
-5.76647        -27.6277        -1.33197        -7.30499        
-5.79311        -27.7738        -1.33197        -7.30499        
-5.81975        -27.9199        -1.33197        -7.30499        
-5.84639        -28.066        -1.33197        -7.30499        
-5.87303        -28.2121        -1.33197        -7.30499        
-5.89967        -28.3582        -1.33197        -7.30499        
-5.92631        -28.5043        -1.33197        -7.30499        
-5.95295        -28.6504        -1.33197        -7.30499        
-5.97959        -28.7965        -1.33197        -7.30499        
-6.00623        -28.9426        -1.33197        -7.30499        
-6.03287        -29.0887        -1.33197        -7.30499        
-6.0595        -29.2348        -1.33197        -7.30499        
-6.08614        -29.3809        -1.33197        -7.30499        
-6.11278        -29.527        -1.33197        -7.30499        
-6.13942        -29.6731        -1.33197        -7.30499        
-6.16606        -29.8192        -1.33197        -7.30499        
-6.1927        -29.9653        -1.33197        -7.30499        
-6.21934        -30.1114        -1.33197        -7.30499        
-6.24598        -30.2575        -1.33197        -7.30499        
-6.27262        -30.4036        -1.33197        -7.30499        
-6.29926        -30.5497        -1.33197        -7.30499        
-6.3259        -30.6958        -1.33197        -7.30499        
-6.35254        -30.8419        -1.33197        -7.30499        
-6.37918        -30.988        -1.33197        -7.30499        
-6.40582        -31.1341        -1.33197        -7.30499        
-6.43246        -31.2802        -1.33197        -7.30499        
-6.45909        -31.4263        -1.33197        -7.30499        
-6.48573        -31.5724        -1.33197        -7.30499        
-6.51237        -31.7185        -1.33197        -7.30499        
-6.53901        -31.8646        -1.33197        -7.30499        
-6.56565        -32.0107        -1.33197        -7.30499        
-6.59229        -32.1568        -1.33197        -7.30499        
-6.61893        -32.3029        -1.33197        -7.30499        
-6.64557        -32.449        -1.33197        -7.30499        
-6.67221        -32.5951        -1.33197        -7.30499        
-6.69885        -32.7412        -1.33197        -7.30499        
-6.72549        -32.8873        -1.33197        -7.30499        
-6.75213        -33.0334        -1.33197        -7.30499        
-6.77877        -33.1795        -1.33197        -7.30499        
-6.80541        -33.3256        -1.33197        -7.30499        
-6.83205        -33.4717        -1.33197        -7.30499        
-6.85868        -33.6178        -1.33197        -7.30499        
-6.88532        -33.7639        -1.33197        -7.30499        
-6.91196        -33.91        -1.33197        -7.30499        
-6.9386        -34.0561        -1.33197        -7.30499        
-6.96524        -34.2022        -1.33197        -7.30499        
-6.99188        -34.3483        -1.33197        -7.30499        
-7.01852        -34.4944        -1.33197        -7.30499        
-7.04516        -34.6405        -1.33197        -7.30499        
-7.0718        -34.7866        -1.33197        -7.30499        
-7.09844        -34.9327        -1.33197        -7.30499        
-7.12508        -35.0788        -1.33197        -7.30499        
-7.15172        -35.2249        -1.33197        -7.30499        
-7.17836        -35.371        -1.33197        -7.30499        
-7.205        -35.5171        -1.33197        -7.30499        
-7.23164        -35.6632        -1.33197        -7.30499        
-7.25827        -35.8093        -1.33197        -7.30499        
-7.28491        -35.9554        -1.33197        -7.30499        
-7.31155        -36.1015        -1.33197        -7.30499        
-7.33819        -36.2476        -1.33197        -7.30499        
-7.36483        -36.3937        -1.33197        -7.30499        
-7.39147        -36.5398        -1.33197        -7.30499        
-7.41811        -36.6859        -1.33197        -7.30499        
-7.44475        -36.832        -1.33197        -7.30499        
-7.47139        -36.9781        -1.33197        -7.30499        
-7.49803        -37.1242        -1.33197        -7.30499        
-7.52467        -37.2703        -1.33197        -7.30499        
-7.55131        -37.4164        -1.33197        -7.30499        
-7.57795        -37.5625        -1.33197        -7.30499        
-7.60459        -37.7086        -1.33197        -7.30499        
-7.63123        -37.8547        -1.33197        -7.30499        
-7.65787        -38.0008        -1.33197        -7.30499        
-7.6845        -38.1469        -1.33197        -7.30499        
-7.71114        -38.293        -1.33197        -7.30499        
-7.73778        -38.4391        -1.33197        -7.30499        
-7.76442        -38.5852        -1.33197        -7.30499        
-7.79106        -38.7313        -1.33197        -7.30499        
-7.8177        -38.8774        -1.33197        -7.30499        
-7.84434        -39.0235        -1.33197        -7.30499        
-7.87098        -39.1696        -1.33197        -7.30499        
-7.89762        -39.3157        -1.33197        -7.30499        
-7.92426        -39.4618        -1.33197        -7.30499        
-7.9509        -39.6079        -1.33197        -7.30499        
-7.97754        -39.754        -1.33197        -7.30499        
-8.00418        -39.9001        -1.33197        -7.30499        
-8.03082        -40.0462        -1.33197        -7.30499        
-8.05746        -40.1923        -1.33197        -7.30499        
-8.08409        -40.3384        -1.33197        -7.30499        
-8.11073        -40.4845        -1.33197        -7.30499        
-8.13737        -40.6306        -1.33197        -7.30499        
-8.16401        -40.7767        -1.33197        -7.30499        
-8.19065        -40.9228        -1.33197        -7.30499        
-8.21729        -41.0689        -1.33197        -7.30499        
-8.24393        -41.215        -1.33197        -7.30499        
-8.27057        -41.3611        -1.33197        -7.30499        
-8.29721        -41.5072        -1.33197        -7.30499        
-8.32385        -41.6533        -1.33197        -7.30499        
-8.35049        -41.7994        -1.33197        -7.30499        
-8.37713        -41.9455        -1.33197        -7.30499        
-8.40377        -42.0916        -1.33197        -7.30499        
-8.43041        -42.2377        -1.33197        -7.30499        
-8.45705        -42.3838        -1.33197        -7.30499        
-8.48368        -42.5299        -1.33197        -7.30499        
-8.51032        -42.676        -1.33197        -7.30499        
-8.53696        -42.8221        -1.33197        -7.30499        
-8.5636        -42.9682        -1.33197        -7.30499        
-8.59024        -43.1143        -1.33197        -7.30499        
-8.61688        -43.2604        -1.33197        -7.30499        
-8.64352        -43.4065        -1.33197        -7.30499        
-8.67016        -43.5526        -1.33197        -7.30499        
-8.6968        -43.6987        -1.33197        -7.30499        
-8.72344        -43.8448        -1.33197        -7.30499        
-8.75008        -43.9909        -1.33197        -7.30499        
-8.77672        -44.137        -1.33197        -7.30499        
-8.80336        -44.2831        -1.33197        -7.30499        
-8.83        -44.4292        -1.33197        -7.30499        
-8.85664        -44.5753        -1.33197        -7.30499        
-8.88328        -44.7214        -1.33197        -7.30499        
-8.90991        -44.8675        -1.33197        -7.30499        
-8.93655        -45.0136        -1.33197        -7.30499        
-8.96319        -45.1597        -1.33197        -7.30499        
-8.98983        -45.3058        -1.33197        -7.30499        
-9.01647        -45.4519        -1.33197        -7.30499        
-9.04311        -45.598        -1.33197        -7.30499        
-9.06975        -45.7441        -1.33197        -7.30499        
-9.09639        -45.8902        -1.33197        -7.30499        
-9.12303        -46.0363        -1.33197        -7.30499        
-9.14967        -46.1824        -1.33197        -7.30499        
-9.17631        -46.3285        -1.33197        -7.30499        
-9.20295        -46.4746        -1.33197        -7.30499        
-9.22959        -46.6207        -1.33197        -7.30499        
-9.25623        -46.7668        -1.33197        -7.30499        
-9.28287        -46.9129        -1.33197        -7.30499        
-9.3095        -47.059        -1.33197        -7.30499        
-9.33614        -47.2051        -1.33197        -7.30499        
-9.36278        -47.3512        -1.33197        -7.30499        
-9.38942        -47.4973        -1.33197        -7.30499        
-9.41606        -47.6434        -1.33197        -7.30499        
-9.4427        -47.7895        -1.33197        -7.30499        
-9.46934        -47.9356        -1.33197        -7.30499        
-9.49598        -48.0817        -1.33197        -7.30499        
-9.52262        -48.2278        -1.33197        -7.30499        
-9.54926        -48.3739        -1.33197        -7.30499        
-9.5759        -48.52        -1.33197        -7.30499        
-9.60254        -48.6661        -1.33197        -7.30499        
-9.62918        -48.8122        -1.33197        -7.30499        
-9.65582        -48.9583        -1.33197        -7.30499        
-9.68246        -49.1044        -1.33197        -7.30499        
-9.70909        -49.2505        -1.33197        -7.30499        
-9.73573        -49.3966        -1.33197        -7.30499        
-9.76237        -49.5426        -1.33197        -7.30499        
-9.78901        -49.6887        -1.33197        -7.30499        
-9.81565        -49.8348        -1.33197        -7.30499        
-9.84229        -49.9809        -1.33197        -7.30499        
-9.86893        -50.127        -1.33197        -7.30499        
-9.89557        -50.2731        -1.33197        -7.30499        
-9.92221        -50.4192        -1.33197        -7.30499        
-9.94885        -50.5653        -1.33197        -7.30499        
-9.97549        -50.7114        -1.33197        -7.30499        
-10.0021        -50.8575        -1.33197        -7.30499        
-10.0288        -51.0036        -1.33197        -7.30499        
-10.0554        -51.1497        -1.33197        -7.30499        
-10.082        -51.2958        -1.33197        -7.30499        
-10.1087        -51.4419        -1.33197        -7.30499        
-10.1353        -51.588        -1.33197        -7.30499        
-10.162        -51.7341        -1.33197        -7.30499        
-10.1886        -51.8802        -1.33197        -7.30499        
-10.2152        -52.0263        -1.33197        -7.30499        
-10.2419        -52.1724        -1.33197        -7.30499        
-10.2685        -52.3185        -1.33197        -7.30499        
-10.2952        -52.4646        -1.33197        -7.30499        
-10.3218        -52.6107        -1.33197        -7.30499        
-10.3484        -52.7568        -1.33197        -7.30499        
-10.3751        -52.9029        -1.33197        -7.30499        
-10.4017        -53.049        -1.33197        -7.30499        
-10.4284        -53.1951        -1.33197        -7.30499        
-10.455        -53.3412        -1.33197        -7.30499        
-10.4816        -53.4873        -1.33197        -7.30499        
-10.5083        -53.6334        -1.33197        -7.30499        
-10.5349        -53.7795        -1.33197        -7.30499        
-10.5616        -53.9256        -1.33197        -7.30499        
-10.5882        -54.0717        -1.33197        -7.30499        
-10.6148        -54.2178        -1.33197        -7.30499        
-10.6415        -54.3639        -1.33197        -7.30499        
-10.6681        -54.51        -1.33197        -7.30499        
-10.6948        -54.6561        -1.33197        -7.30499        
-10.7214        -54.8022        -1.33197        -7.30499        
-10.748        -54.9483        -1.33197        -7.30499        
-10.7747        -55.0944        -1.33197        -7.30499        
-10.8013        -55.2405        -1.33197        -7.30499        
-10.8279        -55.3866        -1.33197        -7.30499        
-10.8546        -55.5327        -1.33197        -7.30499        
-10.8812        -55.6788        -1.33197        -7.30499        
-10.9079        -55.8249        -1.33197        -7.30499        
-10.9345        -55.971        -1.33197        -7.30499        
-10.9611        -56.1171        -1.33197        -7.30499        
-10.9878        -56.2632        -1.33197        -7.30499        
-11.0144        -56.4093        -1.33197        -7.30499        
-11.0411        -56.5554        -1.33197        -7.30499        
-11.0677        -56.7015        -1.33197        -7.30499        
-11.0943        -56.8476        -1.33197        -7.30499        
-11.121        -56.9937        -1.33197        -7.30499        
-11.1476        -57.1398        -1.33197        -7.30499        
-11.1743        -57.2859        -1.33197        -7.30499        
-11.2009        -57.432        -1.33197        -7.30499        
-11.2275        -57.5781        -1.33197        -7.30499        
-11.2542        -57.7242        -1.33197        -7.30499        
-11.2808        -57.8703        -1.33197        -7.30499        
-11.3075        -58.0164        -1.33197        -7.30499        
-11.3341        -58.1625        -1.33197        -7.30499        
-11.3607        -58.3086        -1.33197        -7.30499        
-11.3874        -58.4547        -1.33197        -7.30499        
-11.414        -58.6008        -1.33197        -7.30499        
-11.4407        -58.7469        -1.33197        -7.30499        
-11.4673        -58.893        -1.33197        -7.30499        
-11.4939        -59.0391        -1.33197        -7.30499        
-11.5206        -59.1852        -1.33197        -7.30499        
-11.5472        -59.3313        -1.33197        -7.30499        
-11.5738        -59.4774        -1.33197        -7.30499        
-11.6005        -59.6235        -1.33197        -7.30499        
-11.6271        -59.7696        -1.33197        -7.30499        
-11.6538        -59.9157        -1.33197        -7.30499        
-11.6804        -60.0618        -1.33197        -7.30499        
-11.707        -60.2079        -1.33197        -7.30499        
-11.7337        -60.354        -1.33197        -7.30499        
-11.7603        -60.5001        -1.33197        -7.30499        
-11.787        -60.6462        -1.33197        -7.30499        
-11.8136        -60.7923        -1.33197        -7.30499        
-11.8402        -60.9384        -1.33197        -7.30499        
-11.8669        -61.0845        -1.33197        -7.30499        
-11.8935        -61.2306        -1.33197        -7.30499        
-11.9202        -61.3767        -1.33197        -7.30499        
-11.9468        -61.5228        -1.33197        -7.30499        
-11.9734        -61.6689        -1.33197        -7.30499        
-12.0001        -61.815        -1.33197        -7.30499        
-12.0267        -61.9611        -1.33197        -7.30499        
-12.0534        -62.1072        -1.33197        -7.30499        
-12.08        -62.2533        -1.33197        -7.30499        
-12.1066        -62.3994        -1.33197        -7.30499        
-12.1333        -62.5455        -1.33197        -7.30499        
-12.1599        -62.6916        -1.33197        -7.30499        
-12.1866        -62.8377        -1.33197        -7.30499        
-12.2132        -62.9838        -1.33197        -7.30499        
-12.2398        -63.1299        -1.33197        -7.30499        
-12.2665        -63.276        -1.33197        -7.30499        
-12.2931        -63.4221        -1.33197        -7.30499        
-12.3198        -63.5682        -1.33197        -7.30499        
-12.3464        -63.7143        -1.33197        -7.30499        
-12.373        -63.8604        -1.33197        -7.30499        
-12.3997        -64.0065        -1.33197        -7.30499        
-12.4263        -64.1526        -1.33197        -7.30499        
-12.4529        -64.2987        -1.33197        -7.30499        
-12.4796        -64.4448        -1.33197        -7.30499        
-12.5062        -64.5909        -1.33197        -7.30499        
-12.5329        -64.737        -1.33197        -7.30499        
-12.5595        -64.8831        -1.33197        -7.30499        
-12.5861        -65.0292        -1.33197        -7.30499        
-12.6128        -65.1753        -1.33197        -7.30499        
-12.6394        -65.3214        -1.33197        -7.30499        
-12.6661        -65.4675        -1.33197        -7.30499        
-12.6927        -65.6136        -1.33197        -7.30499        
-12.7193        -65.7597        -1.33197        -7.30499        
-12.746        -65.9058        -1.33197        -7.30499        
-12.7726        -66.0519        -1.33197        -7.30499        
-12.7993        -66.198        -1.33197        -7.30499        
-12.8259        -66.3441        -1.33197        -7.30499        
-12.8525        -66.4902        -1.33197        -7.30499        
-12.8792        -66.6363        -1.33197        -7.30499        
-12.9058        -66.7824        -1.33197        -7.30499        
-12.9325        -66.9285        -1.33197        -7.30499        
-12.9591        -67.0746        -1.33197        -7.30499        
-12.9857        -67.2207        -1.33197        -7.30499        
-13.0124        -67.3668        -1.33197        -7.30499        
-13.039        -67.5129        -1.33197        -7.30499        
-13.0657        -67.659        -1.33197        -7.30499        
-13.0923        -67.8051        -1.33197        -7.30499        
-13.1189        -67.9512        -1.33197        -7.30499        
-13.1456        -68.0973        -1.33197        -7.30499        
-13.1722        -68.2434        -1.33197        -7.30499        
-13.1988        -68.3895        -1.33197        -7.30499        
-13.2255        -68.5356        -1.33197        -7.30499        
-13.2521        -68.6817        -1.33197        -7.30499        
-13.2788        -68.8278        -1.33197        -7.30499        
-13.3054        -68.9739        -1.33197        -7.30499        
-13.332        -69.12        -1.33197        -7.30499        
-13.3587        -69.2661        -1.33197        -7.30499        
-13.3853        -69.4122        -1.33197        -7.30499        
-13.412        -69.5583        -1.33197        -7.30499        
-13.4386        -69.7044        -1.33197        -7.30499        
-13.4652        -69.8505        -1.33197        -7.30499        
-13.4919        -69.9966        -1.33197        -7.30499        
-13.5185        -70.1427        -1.33197        -7.30499        
-13.5452        -70.2888        -1.33197        -7.30499        
-13.5718        -70.4349        -1.33197        -7.30499        
-13.5984        -70.581        -1.33197        -7.30499        
-13.6251        -70.7271        -1.33197        -7.30499        
-13.6517        -70.8732        -1.33197        -7.30499        
-13.6784        -71.0193        -1.33197        -7.30499        
-13.705        -71.1654        -1.33197        -7.30499        
-13.7316        -71.3115        -1.33197        -7.30499        
-13.7583        -71.4576        -1.33197        -7.30499        
-13.7849        -71.6037        -1.33197        -7.30499        
-13.8116        -71.7498        -1.33197        -7.30499        
-13.8382        -71.8959        -1.33197        -7.30499        
-13.8648        -72.042        -1.33197        -7.30499        
-13.8915        -72.1881        -1.33197        -7.30499        
-13.9181        -72.3342        -1.33197        -7.30499        
-13.9448        -72.4803        -1.33197        -7.30499        
-13.9714        -72.6264        -1.33197        -7.30499        
-13.998        -72.7725        -1.33197        -7.30499        
-14.0247        -72.9186        -1.33197        -7.30499        
-14.0513        -73.0647        -1.33197        -7.30499        
-14.0779        -73.2108        -1.33197        -7.30499        
-14.1046        -73.3569        -1.33197        -7.30499        
-14.1312        -73.503        -1.33197        -7.30499        
-14.1579        -73.6491        -1.33197        -7.30499        
-14.1845        -73.7952        -1.33197        -7.30499        
-14.2111        -73.9413        -1.33197        -7.30499        
-14.2378        -74.0874        -1.33197        -7.30499        
-14.2644        -74.2335        -1.33197        -7.30499        
-14.2911        -74.3796        -1.33197        -7.30499        
-14.3177        -74.5257        -1.33197        -7.30499        
-14.3443        -74.6718        -1.33197        -7.30499        
-14.371        -74.8179        -1.33197        -7.30499        
-14.3976        -74.964        -1.33197        -7.30499        
-14.4243        -75.1101        -1.33197        -7.30499        
-14.4509        -75.2562        -1.33197        -7.30499        
-14.4775        -75.4023        -1.33197        -7.30499        
-14.5042        -75.5484        -1.33197        -7.30499        
-14.5308        -75.6945        -1.33197        -7.30499        
-14.5575        -75.8406        -1.33197        -7.30499        
-14.5841        -75.9867        -1.33197        -7.30499        
-14.6107        -76.1328        -1.33197        -7.30499        
-14.6374        -76.2789        -1.33197        -7.30499        
-14.664        -76.425        -1.33197        -7.30499        
-14.6907        -76.5711        -1.33197        -7.30499        
-14.7173        -76.7172        -1.33197        -7.30499        
-14.7439        -76.8633        -1.33197        -7.30499        
-14.7706        -77.0094        -1.33197        -7.30499        
-14.7972        -77.1555        -1.33197        -7.30499        
-14.8238        -77.3016        -1.33197        -7.30499        
-14.8505        -77.4477        -1.33197        -7.30499        
-14.8771        -77.5938        -1.33197        -7.30499        
-14.9038        -77.7399        -1.33197        -7.30499        
-14.9304        -77.886        -1.33197        -7.30499        
-14.957        -78.0321        -1.33197        -7.30499        
-14.9837        -78.1782        -1.33197        -7.30499        
-15.0103        -78.3243        -1.33197        -7.30499        
-15.037        -78.4704        -1.33197        -7.30499        
-15.0636        -78.6165        -1.33197        -7.30499        
-15.0902        -78.7626        -1.33197        -7.30499        
-15.1169        -78.9087        -1.33197        -7.30499        
-15.1435        -79.0548        -1.33197        -7.30499        
-15.1702        -79.2009        -1.33197        -7.30499        
-15.1968        -79.347        -1.33197        -7.30499        
-15.2234        -79.4931        -1.33197        -7.30499        
-15.2501        -79.6392        -1.33197        -7.30499        
-15.2767        -79.7853        -1.33197        -7.30499        
-15.3034        -79.9314        -1.33197        -7.30499        
-15.33        -80.0775        -1.33197        -7.30499        
-15.3566        -80.2236        -1.33197        -7.30499        
-15.3833        -80.3697        -1.33197        -7.30499        
-15.4099        -80.5158        -1.33197        -7.30499        
-15.4366        -80.6619        -1.33197        -7.30499        
-15.4632        -80.808        -1.33197        -7.30499        
-15.4898        -80.9541        -1.33197        -7.30499        
-15.5165        -81.1002        -1.33197        -7.30499        
-15.5431        -81.2463        -1.33197        -7.30499        
-15.5698        -81.3924        -1.33197        -7.30499        
-15.5964        -81.5385        -1.33197        -7.30499        
-15.623        -81.6846        -1.33197        -7.30499        
-15.6497        -81.8307        -1.33197        -7.30499        
-15.6763        -81.9768        -1.33197        -7.30499        
-15.7029        -82.1229        -1.33197        -7.30499        
-15.7296        -82.269        -1.33197        -7.30499        
-15.7562        -82.4151        -1.33197        -7.30499        
-15.7829        -82.5612        -1.33197        -7.30499        
-15.8095        -82.7073        -1.33197        -7.30499        
-15.8361        -82.8534        -1.33197        -7.30499        
-15.8628        -82.9995        -1.33197        -7.30499        
-15.8894        -83.1456        -1.33197        -7.30499        
-15.9161        -83.2917        -1.33197        -7.30499        
-15.9427        -83.4378        -1.33197        -7.30499        
-15.9693        -83.5839        -1.33197        -7.30499        
-15.996        -83.73        -1.33197        -7.30499        
-16.0226        -83.8761        -1.33197        -7.30499        
-16.0493        -84.0222        -1.33197        -7.30499        
-16.0759        -84.1683        -1.33197        -7.30499        
-16.1025        -84.3144        -1.33197        -7.30499        
-16.1292        -84.4605        -1.33197        -7.30499        
-16.1558        -84.6066        -1.33197        -7.30499        
-16.1825        -84.7527        -1.33197        -7.30499        
-16.2091        -84.8988        -1.33197        -7.30499        
-16.2357        -85.0449        -1.33197        -7.30499        
-16.2624        -85.191        -1.33197        -7.30499        
-16.289        -85.3371        -1.33197        -7.30499        
-16.3157        -85.4832        -1.33197        -7.30499        
-16.3423        -85.6293        -1.33197        -7.30499        
-16.3689        -85.7754        -1.33197        -7.30499        
-16.3956        -85.9215        -1.33197        -7.30499        
-16.4222        -86.0676        -1.33197        -7.30499        
-16.4488        -86.2137        -1.33197        -7.30499        
-16.4755        -86.3598        -1.33197        -7.30499        
-16.5021        -86.5059        -1.33197        -7.30499        
-16.5288        -86.652        -1.33197        -7.30499        
-16.5554        -86.7981        -1.33197        -7.30499        
-16.582        -86.9442        -1.33197        -7.30499        
-16.6087        -87.0903        -1.33197        -7.30499        
-16.6353        -87.2364        -1.33197        -7.30499        
-16.662        -87.3825        -1.33197        -7.30499        
-16.6886        -87.5286        -1.33197        -7.30499        
-16.7152        -87.6747        -1.33197        -7.30499        
-16.7419        -87.8208        -1.33197        -7.30499        
-16.7685        -87.9669        -1.33197        -7.30499        
-16.7952        -88.113        -1.33197        -7.30499        
-16.8218        -88.2591        -1.33197        -7.30499        
-16.8484        -88.4052        -1.33197        -7.30499        
-16.8751        -88.5513        -1.33197        -7.30499        
-16.9017        -88.6974        -1.33197        -7.30499        
-16.9284        -88.8435        -1.33197        -7.30499        
-16.955        -88.9896        -1.33197        -7.30499        
-16.9816        -89.1357        -1.33197        -7.30499        
-17.0083        -89.2818        -1.33197        -7.30499        
-17.0349        -89.4279        -1.33197        -7.30499        
-17.0616        -89.574        -1.33197        -7.30499        
-17.0882        -89.7201        -1.33197        -7.30499        
-17.1148        -89.8662        -1.33197        -7.30499        
-17.1415        -90.0123        -1.33197        -7.30499        
-17.1681        -90.1584        -1.33197        -7.30499        
-17.1948        -90.3045        -1.33197        -7.30499        
-17.2214        -90.4506        -1.33197        -7.30499        
-17.248        -90.5967        -1.33197        -7.30499        
-17.2747        -90.7428        -1.33197        -7.30499        
-17.3013        -90.8889        -1.33197        -7.30499        
-17.3279        -91.035        -1.33197        -7.30499        
-17.3546        -91.1811        -1.33197        -7.30499        
-17.3812        -91.3272        -1.33197        -7.30499        
-17.4079        -91.4733        -1.33197        -7.30499        
-17.4345        -91.6194        -1.33197        -7.30499        
-17.4611        -91.7655        -1.33197        -7.30499        
-17.4878        -91.9116        -1.33197        -7.30499        
-17.5144        -92.0577        -1.33197        -7.30499        
-17.5411        -92.2038        -1.33197        -7.30499        
-17.5677        -92.3499        -1.33197        -7.30499        
-17.5943        -92.496        -1.33197        -7.30499        
-17.621        -92.6421        -1.33197        -7.30499        
-17.6476        -92.7882        -1.33197        -7.30499        
-17.6743        -92.9343        -1.33197        -7.30499        
-17.7009        -93.0804        -1.33197        -7.30499        
-17.7275        -93.2265        -1.33197        -7.30499        
-17.7542        -93.3726        -1.33197        -7.30499        
-17.7808        -93.5187        -1.33197        -7.30499        
-17.8075        -93.6648        -1.33197        -7.30499        
-17.8341        -93.8109        -1.33197        -7.30499        
-17.8607        -93.957        -1.33197        -7.30499        
-17.8874        -94.1031        -1.33197        -7.30499        
-17.914        -94.2492        -1.33197        -7.30499        
-17.9407        -94.3953        -1.33197        -7.30499        
-17.9673        -94.5414        -1.33197        -7.30499        
-17.9939        -94.6875        -1.33197        -7.30499        
-18.0206        -94.8336        -1.33197        -7.30499        
-18.0472        -94.9797        -1.33197        -7.30499        
-18.0738        -95.1258        -1.33197        -7.30499        
-18.1005        -95.2719        -1.33197        -7.30499        
-18.1271        -95.418        -1.33197        -7.30499        
-18.1538        -95.5641        -1.33197        -7.30499        
-18.1804        -95.7102        -1.33197        -7.30499        
-18.207        -95.8563        -1.33197        -7.30499        
-18.2337        -96.0024        -1.33197        -7.30499        
-18.2603        -96.1485        -1.33197        -7.30499        
-18.287        -96.2946        -1.33197        -7.30499        
-18.3136        -96.4407        -1.33197        -7.30499        
-18.3402        -96.5868        -1.33197        -7.30499        
-18.3669        -96.7329        -1.33197        -7.30499        
-18.3935        -96.879        -1.33197        -7.30499        
-18.4202        -97.0251        -1.33197        -7.30499        
-18.4468        -97.1712        -1.33197        -7.30499        
-18.4734        -97.3173        -1.33197        -7.30499        
-18.5001        -97.4634        -1.33197        -7.30499        
-18.5267        -97.6095        -1.33197        -7.30499        
-18.5534        -97.7556        -1.33197        -7.30499        
-18.58        -97.9017        -1.33197        -7.30499        
-18.6066        -98.0478        -1.33197        -7.30499        
-18.6333        -98.1939        -1.33197        -7.30499        
-18.6599        -98.34        -1.33197        -7.30499        
-18.6866        -98.4861        -1.33197        -7.30499        
-18.7132        -98.6322        -1.33197        -7.30499        
-18.7398        -98.7783        -1.33197        -7.30499        
-18.7665        -98.9244        -1.33197        -7.30499        
-18.7931        -99.0705        -1.33197        -7.30499        
-18.8198        -99.2166        -1.33197        -7.30499        
-18.8464        -99.3627        -1.33197        -7.30499        
-18.873        -99.5088        -1.33197        -7.30499        
-18.8997        -99.6549        -1.33197        -7.30499        
-18.9263        -99.801        -1.33197        -7.30499        
-18.9529        -99.9471        -1.33197        -7.30499        
-18.9796        -100.093        -1.33197        -7.30499        
-19.0062        -100.239        -1.33197        -7.30499        
-19.0329        -100.385        -1.33197        -7.30499        
-19.0595        -100.531        -1.33197        -7.30499        
-19.0861        -100.678        -1.33197        -7.30499        
-19.1128        -100.824        -1.33197        -7.30499        
-19.1394        -100.97        -1.33197        -7.30499        
-19.1661        -101.116        -1.33197        -7.30499        
-19.1927        -101.262        -1.33197        -7.30499        
-19.2193        -101.408        -1.33197        -7.30499        
-19.246        -101.554        -1.33197        -7.30499        
-19.2726        -101.7        -1.33197        -7.30499        
-19.2993        -101.846        -1.33197        -7.30499        
-19.3259        -101.992        -1.33197        -7.30499        
-19.3525        -102.139        -1.33197        -7.30499        
-19.3792        -102.285        -1.33197        -7.30499        
-19.4058        -102.431        -1.33197        -7.30499        
-19.4325        -102.577        -1.33197        -7.30499        
-19.4591        -102.723        -1.33197        -7.30499        
-19.4857        -102.869        -1.33197        -7.30499        
-19.5124        -103.015        -1.33197        -7.30499        
-19.539        -103.161        -1.33197        -7.30499        
-19.5657        -103.307        -1.33197        -7.30499        
-19.5923        -103.453        -1.33197        -7.30499        
-19.6189        -103.6        -1.33197        -7.30499        
-19.6456        -103.746        -1.33197        -7.30499        
-19.6722        -103.892        -1.33197        -7.30499        
-19.6988        -104.038        -1.33197        -7.30499        
-19.7255        -104.184        -1.33197        -7.30499        
-19.7521        -104.33        -1.33197        -7.30499        
-19.7788        -104.476        -1.33197        -7.30499        
-19.8054        -104.622        -1.33197        -7.30499        
-19.832        -104.768        -1.33197        -7.30499        
-19.8587        -104.914        -1.33197        -7.30499        
-19.8853        -105.061        -1.33197        -7.30499        
-19.912        -105.207        -1.33197        -7.30499        
-19.9386        -105.353        -1.33197        -7.30499        
-19.9652        -105.499        -1.33197        -7.30499        
-19.9919        -105.645        -1.33197        -7.30499        
-20.0185        -105.791        -1.33197        -7.30499        
-20.0452        -105.937        -1.33197        -7.30499        
-20.0718        -106.083        -1.33197        -7.30499        
-20.0984        -106.229        -1.33197        -7.30499        
-20.1251        -106.375        -1.33197        -7.30499        
-20.1517        -106.522        -1.33197        -7.30499        
-20.1784        -106.668        -1.33197        -7.30499        
-20.205        -106.814        -1.33197        -7.30499        
-20.2316        -106.96        -1.33197        -7.30499        
-20.2583        -107.106        -1.33197        -7.30499        
-20.2849        -107.252        -1.33197        -7.30499        
-20.3116        -107.398        -1.33197        -7.30499        
-20.3382        -107.544        -1.33197        -7.30499        
-20.3648        -107.69        -1.33197        -7.30499        
-20.3915        -107.836        -1.33197        -7.30499        
-20.4181        -107.983        -1.33197        -7.30499        
-20.4448        -108.129        -1.33197        -7.30499        
-20.4714        -108.275        -1.33197        -7.30499        
-20.498        -108.421        -1.33197        -7.30499        
-20.5247        -108.567        -1.33197        -7.30499        
-20.5513        -108.713        -1.33197        -7.30499        
-20.5779        -108.859        -1.33197        -7.30499        
-20.6046        -109.005        -1.33197        -7.30499        
-20.6312        -109.151        -1.33197        -7.30499        
-20.6579        -109.297        -1.33197        -7.30499        
-20.6845        -109.444        -1.33197        -7.30499        
-20.7111        -109.59        -1.33197        -7.30499        
-20.7378        -109.736        -1.33197        -7.30499        
-20.7644        -109.882        -1.33197        -7.30499        
-20.7911        -110.028        -1.33197        -7.30499        
-20.8177        -110.174        -1.33197        -7.30499        
-20.8443        -110.32        -1.33197        -7.30499        
-20.871        -110.466        -1.33197        -7.30499        
-20.8976        -110.612        -1.33197        -7.30499        
-20.9243        -110.758        -1.33197        -7.30499        
-20.9509        -110.905        -1.33197        -7.30499        
-20.9775        -111.051        -1.33197        -7.30499        
-21.0042        -111.197        -1.33197        -7.30499        
-21.0308        -111.343        -1.33197        -7.30499        
-21.0575        -111.489        -1.33197        -7.30499        
-21.0841        -111.635        -1.33197        -7.30499        
-21.1107        -111.781        -1.33197        -7.30499        
-21.1374        -111.927        -1.33197        -7.30499        
-21.164        -112.073        -1.33197        -7.30499        
-21.1907        -112.219        -1.33197        -7.30499        
-21.2173        -112.366        -1.33197        -7.30499        
-21.2439        -112.512        -1.33197        -7.30499        
-21.2706        -112.658        -1.33197        -7.30499        
-21.2972        -112.804        -1.33197        -7.30499        
-21.3238        -112.95        -1.33197        -7.30499        
-21.3505        -113.096        -1.33197        -7.30499        
-21.3771        -113.242        -1.33197        -7.30499        
-21.4038        -113.388        -1.33197        -7.30499        
-21.4304        -113.534        -1.33197        -7.30499        
-21.457        -113.68        -1.33197        -7.30499        
-21.4837        -113.827        -1.33197        -7.30499        
-21.5103        -113.973        -1.33197        -7.30499        
-21.537        -114.119        -1.33197        -7.30499        
-21.5636        -114.265        -1.33197        -7.30499        
-21.5902        -114.411        -1.33197        -7.30499        
-21.6169        -114.557        -1.33197        -7.30499        
-21.6435        -114.703        -1.33197        -7.30499        
-21.6702        -114.849        -1.33197        -7.30499        
-21.6968        -114.995        -1.33197        -7.30499        
-21.7234        -115.141        -1.33197        -7.30499        
-21.7501        -115.288        -1.33197        -7.30499        
-21.7767        -115.434        -1.33197        -7.30499        
-21.8034        -115.58        -1.33197        -7.30499        
-21.83        -115.726        -1.33197        -7.30499        
-21.8566        -115.872        -1.33197        -7.30499        
-21.8833        -116.018        -1.33197        -7.30499        
-21.9099        -116.164        -1.33197        -7.30499        
-21.9366        -116.31        -1.33197        -7.30499        
-21.9632        -116.456        -1.33197        -7.30499        
-21.9898        -116.602        -1.33197        -7.30499        
-22.0165        -116.749        -1.33197        -7.30499        
-22.0431        -116.895        -1.33197        -7.30499        
-22.0698        -117.041        -1.33197        -7.30499        
-22.0964        -117.187        -1.33197        -7.30499        
-22.123        -117.333        -1.33197        -7.30499        
-22.1497        -117.479        -1.33197        -7.30499        
-22.1763        -117.625        -1.33197        -7.30499        
-22.2029        -117.771        -1.33197        -7.30499        
-22.2296        -117.917        -1.33197        -7.30499        
-22.2562        -118.063        -1.33197        -7.30499        
-22.2829        -118.21        -1.33197        -7.30499        
-22.3095        -118.356        -1.33197        -7.30499        
-22.3361        -118.502        -1.33197        -7.30499        
-22.3628        -118.648        -1.33197        -7.30499        
-22.3894        -118.794        -1.33197        -7.30499        
-22.4161        -118.94        -1.33197        -7.30499        
-22.4427        -119.086        -1.33197        -7.30499        
-22.4693        -119.232        -1.33197        -7.30499        
-22.496        -119.378        -1.33197        -7.30499        
-22.5226        -119.524        -1.33197        -7.30499        
-22.5493        -119.671        -1.33197        -7.30499        
-22.5759        -119.817        -1.33197        -7.30499        
-22.6025        -119.963        -1.33197        -7.30499        
-22.6292        -120.109        -1.33197        -7.30499        
-22.6558        -120.255        -1.33197        -7.30499        
-22.6825        -120.401        -1.33197        -7.30499        
-22.7091        -120.547        -1.33197        -7.30499        
-22.7357        -120.693        -1.33197        -7.30499        
-22.7624        -120.839        -1.33197        -7.30499        
-22.789        -120.985        -1.33197        -7.30499        
-22.8157        -121.132        -1.33197        -7.30499        
-22.8423        -121.278        -1.33197        -7.30499        
-22.8689        -121.424        -1.33197        -7.30499        
-22.8956        -121.57        -1.33197        -7.30499        
-22.9222        -121.716        -1.33197        -7.30499        
-22.9488        -121.862        -1.33197        -7.30499        
-22.9755        -122.008        -1.33197        -7.30499        
-23.0021        -122.154        -1.33197        -7.30499        
-23.0288        -122.3        -1.33197        -7.30499        
-23.0554        -122.446        -1.33197        -7.30499        
-23.082        -122.593        -1.33197        -7.30499        
-23.1087        -122.739        -1.33197        -7.30499        
-23.1353        -122.885        -1.33197        -7.30499        
-23.162        -123.031        -1.33197        -7.30499        
-23.1886        -123.177        -1.33197        -7.30499        
-23.2152        -123.323        -1.33197        -7.30499        
-23.2419        -123.469        -1.33197        -7.30499        
-23.2685        -123.615        -1.33197        -7.30499        
-23.2952        -123.761        -1.33197        -7.30499        
-23.3218        -123.907        -1.33197        -7.30499        
-23.3484        -124.054        -1.33197        -7.30499        
-23.3751        -124.2        -1.33197        -7.30499        
-23.4017        -124.346        -1.33197        -7.30499        
-23.4284        -124.492        -1.33197        -7.30499        
-23.455        -124.638        -1.33197        -7.30499        
-23.4816        -124.784        -1.33197        -7.30499        
-23.5083        -124.93        -1.33197        -7.30499        
-23.5349        -125.076        -1.33197        -7.30499        
-23.5616        -125.222        -1.33197        -7.30499        
-23.5882        -125.368        -1.33197        -7.30499        
-23.6148        -125.515        -1.33197        -7.30499        
-23.6415        -125.661        -1.33197        -7.30499        
-23.6681        -125.807        -1.33197        -7.30499        
-23.6948        -125.953        -1.33197        -7.30499        
-23.7214        -126.099        -1.33197        -7.30499        
-23.748        -126.245        -1.33197        -7.30499        
-23.7747        -126.391        -1.33197        -7.30499        
-23.8013        -126.537        -1.33197        -7.30499        
-23.8279        -126.683        -1.33197        -7.30499        
-23.8546        -126.829        -1.33197        -7.30499        
-23.8812        -126.976        -1.33197        -7.30499        
-23.9079        -127.122        -1.33197        -7.30499        
-23.9345        -127.268        -1.33197        -7.30499        
-23.9611        -127.414        -1.33197        -7.30499        
-23.9878        -127.56        -1.33197        -7.30499        
-24.0144        -127.706        -1.33197        -7.30499        
-24.0411        -127.852        -1.33197        -7.30499        
-24.0677        -127.998        -1.33197        -7.30499        
-24.0943        -128.144        -1.33197        -7.30499        
-24.121        -128.29        -1.33197        -7.30499        
-24.1476        -128.437        -1.33197        -7.30499        
-24.1743        -128.583        -1.33197        -7.30499        
-24.2009        -128.729        -1.33197        -7.30499        
-24.2275        -128.875        -1.33197        -7.30499        
-24.2542        -129.021        -1.33197        -7.30499        
-24.2808        -129.167        -1.33197        -7.30499        
-24.3075        -129.313        -1.33197        -7.30499        
-24.3341        -129.459        -1.33197        -7.30499        
-24.3607        -129.605        -1.33197        -7.30499        
-24.3874        -129.751        -1.33197        -7.30499        
-24.414        -129.898        -1.33197        -7.30499        
-24.4407        -130.044        -1.33197        -7.30499        
-24.4673        -130.19        -1.33197        -7.30499        
-24.4939        -130.336        -1.33197        -7.30499        
-24.5206        -130.482        -1.33197        -7.30499        
-24.5472        -130.628        -1.33197        -7.30499        
-24.5738        -130.774        -1.33197        -7.30499        
-24.6005        -130.92        -1.33197        -7.30499        
-24.6271        -131.066        -1.33197        -7.30499        
-24.6538        -131.212        -1.33197        -7.30499        
-24.6804        -131.359        -1.33197        -7.30499        
-24.707        -131.505        -1.33197        -7.30499        
-24.7337        -131.651        -1.33197        -7.30499        
-24.7603        -131.797        -1.33197        -7.30499        
-24.787        -131.943        -1.33197        -7.30499        
-24.8136        -132.089        -1.33197        -7.30499        
-24.8402        -132.235        -1.33197        -7.30499        
-24.8669        -132.381        -1.33197        -7.30499        
-24.8935        -132.527        -1.33197        -7.30499        
-24.9202        -132.673        -1.33197        -7.30499        
-24.9468        -132.82        -1.33197        -7.30499        
-24.9734        -132.966        -1.33197        -7.30499        
-25.0001        -133.112        -1.33197        -7.30499        
-25.0267        -133.258        -1.33197        -7.30499        
-25.0534        -133.404        -1.33197        -7.30499        
-25.08        -133.55        -1.33197        -7.30499        
-25.1066        -133.696        -1.33197        -7.30499        
-25.1333        -133.842        -1.33197        -7.30499        
-25.1599        -133.988        -1.33197        -7.30499        
-25.1866        -134.134        -1.33197        -7.30499        
-25.2132        -134.281        -1.33197        -7.30499        
-25.2398        -134.427        -1.33197        -7.30499        
-25.2665        -134.573        -1.33197        -7.30499        
-25.2931        -134.719        -1.33197        -7.30499        
-25.3198        -134.865        -1.33197        -7.30499        
-25.3464        -135.011        -1.33197        -7.30499        
-25.373        -135.157        -1.33197        -7.30499        
-25.3997        -135.303        -1.33197        -7.30499        
-25.4263        -135.449        -1.33197        -7.30499        
-25.4529        -135.595        -1.33197        -7.30499        
-25.4796        -135.742        -1.33197        -7.30499        
-25.5062        -135.888        -1.33197        -7.30499        
-25.5329        -136.034        -1.33197        -7.30499        
-25.5595        -136.18        -1.33197        -7.30499        
-25.5861        -136.326        -1.33197        -7.30499        
-25.6128        -136.472        -1.33197        -7.30499        
-25.6394        -136.618        -1.33197        -7.30499        
-25.6661        -136.764        -1.33197        -7.30499        
-25.6927        -136.91        -1.33197        -7.30499        
-25.7193        -137.056        -1.33197        -7.30499        
-25.746        -137.203        -1.33197        -7.30499        
-25.7726        -137.349        -1.33197        -7.30499        
-25.7993        -137.495        -1.33197        -7.30499        
-25.8259        -137.641        -1.33197        -7.30499        
-25.8525        -137.787        -1.33197        -7.30499        
-25.8792        -137.933        -1.33197        -7.30499        
-25.9058        -138.079        -1.33197        -7.30499        
-25.9325        -138.225        -1.33197        -7.30499        
-25.9591        -138.371        -1.33197        -7.30499        
-25.9857        -138.517        -1.33197        -7.30499        
-26.0124        -138.664        -1.33197        -7.30499        
-26.039        -138.81        -1.33197        -7.30499        
-26.0657        -138.956        -1.33197        -7.30499        
-26.0923        -139.102        -1.33197        -7.30499        
-26.1189        -139.248        -1.33197        -7.30499        
-26.1456        -139.394        -1.33197        -7.30499        
-26.1722        -139.54        -1.33197        -7.30499        
-26.1988        -139.686        -1.33197        -7.30499        
-26.2255        -139.832        -1.33197        -7.30499        
-26.2521        -139.978        -1.33197        -7.30499        
-26.2788        -140.125        -1.33197        -7.30499        
-26.3054        -140.271        -1.33197        -7.30499        
-26.332        -140.417        -1.33197        -7.30499        
-26.3587        -140.563        -1.33197        -7.30499        
-26.3853        -140.709        -1.33197        -7.30499        
-26.412        -140.855        -1.33197        -7.30499        
-26.4386        -141.001        -1.33197        -7.30499        
-26.4652        -141.147        -1.33197        -7.30499        
-26.4919        -141.293        -1.33197        -7.30499        
-26.5185        -141.439        -1.33197        -7.30499        
-26.5452        -141.586        -1.33197        -7.30499        
-26.5718        -141.732        -1.33197        -7.30499        
-26.5984        -141.878        -1.33197        -7.30499        
-26.6251        -142.024        -1.33197        -7.30499        
-26.6517        -142.17        -1.33197        -7.30499        
-26.6784        -142.316        -1.33197        -7.30499        
-26.705        -142.462        -1.33197        -7.30499        
-26.7316        -142.608        -1.33197        -7.30499        
-26.7583        -142.754        -1.33197        -7.30499        
-26.7849        -142.9        -1.33197        -7.30499        
-26.8116        -143.047        -1.33197        -7.30499        
-26.8382        -143.193        -1.33197        -7.30499        
-26.8648        -143.339        -1.33197        -7.30499        
-26.8915        -143.485        -1.33197        -7.30499        
-26.9181        -143.631        -1.33197        -7.30499        
-26.9448        -143.777        -1.33197        -7.30499        
-26.9714        -143.923        -1.33197        -7.30499        
-26.998        -144.069        -1.33197        -7.30499        
-27.0247        -144.215        -1.33197        -7.30499        
-27.0513        -144.361        -1.33197        -7.30499        
-27.0779        -144.508        -1.33197        -7.30499        
-27.1046        -144.654        -1.33197        -7.30499        
-27.1312        -144.8        -1.33197        -7.30499        
-27.1579        -144.946        -1.33197        -7.30499        
-27.1845        -145.092        -1.33197        -7.30499        
-27.2111        -145.238        -1.33197        -7.30499        
-27.2378        -145.384        -1.33197        -7.30499        
-27.2644        -145.53        -1.33197        -7.30499        
-27.2911        -145.676        -1.33197        -7.30499        
