0        0.0061224
0        0.00612257
0.00273973        0.00612274
0.00547945        0.00612291
0.00821918        0.00612309
0.0109589        0.00612326
0.0136986        0.00612343
0.0164384        0.0061236
0.0191781        0.00612377
0.0219178        0.00612394
0.0246575        0.00612411
0.0273973        0.00612428
0.030137        0.00612445
0.0328767        0.00612461
0.0356164        0.00612478
0.0383562        0.00612495
0.0410959        0.00612511
0.0438356        0.00612527
0.0465753        0.00612544
0.0493151        0.0061256
0.0520548        0.00612576
0.0547945        0.00612591
0.0575342        0.00612607
0.060274        0.00612623
0.0630137        0.00612638
0.0657534        0.00612653
0.0684932        0.00612668
0.0712329        0.00612683
0.0739726        0.00612698
0.0767123        0.00612713
0.0794521        0.00612727
0.0821918        0.00612741
0.0849315        0.00612755
0.0876712        0.00612769
0.090411        0.00612783
0.0931507        0.00612796
0.0958904        0.00612809
0.0986301        0.00612823
0.10137        0.00612835
0.10411        0.00612848
0.106849        0.0061286
0.109589        0.00612872
0.112329        0.00612884
0.115068        0.00612896
0.117808        0.00612907
0.120548        0.00612919
0.123288        0.0061293
0.126027        0.0061294
0.128767        0.00612951
0.131507        0.00612961
0.134247        0.00612971
0.136986        0.00612981
0.139726        0.0061299
0.142466        0.00613
0.145205        0.00613009
0.147945        0.00613018
0.150685        0.00613026
0.153425        0.00613034
0.156164        0.00613042
0.158904        0.0061305
0.161644        0.00613057
0.164384        0.00613065
0.167123        0.00613072
0.169863        0.00613078
0.172603        0.00613085
0.175342        0.00613091
0.178082        0.00613097
0.180822        0.00613103
0.183562        0.00613108
0.186301        0.00613113
0.189041        0.00613118
0.191781        0.00613123
0.194521        0.00613127
0.19726        0.00613131
0.2        0.00613135
0.20274        0.00613139
0.205479        0.00613142
0.208219        0.00613146
0.210959        0.00613149
0.213699        0.00613151
0.216438        0.00613154
0.219178        0.00613156
0.221918        0.00613158
0.224658        0.0061316
0.227397        0.00613161
0.230137        0.00613163
0.232877        0.00613164
0.235616        0.00613165
0.238356        0.00613166
0.241096        0.00613166
0.243836        0.00613166
0.246575        0.00613167
0.249315        0.00613167
0.252055        0.00613166
0.254795        0.00613166
0.257534        0.00613165
0.260274        0.00613164
0.263014        0.00613164
0.265753        0.00613162
0.268493        0.00613161
0.271233        0.0061316
0.273973        0.00613158
0.276712        0.00613156
0.279452        0.00613154
0.282192        0.00613152
0.284932        0.0061315
0.287671        0.00613148
0.290411        0.00613145
0.293151        0.00613143
0.29589        0.0061314
0.29863        0.00613138
0.30137        0.00613135
0.30411        0.00613132
0.306849        0.00613129
0.309589        0.00613126
0.312329        0.00613122
0.315068        0.00613119
0.317808        0.00613116
0.320548        0.00613112
0.323288        0.00613109
0.326027        0.00613105
0.328767        0.00613102
0.331507        0.00613098
0.334247        0.00613094
0.336986        0.00613091
0.339726        0.00613087
0.342466        0.00613083
0.345205        0.00613079
0.347945        0.00613076
0.350685        0.00613072
0.353425        0.00613068
0.356164        0.00613064
0.358904        0.00613061
0.361644        0.00613057
0.364384        0.00613053
0.367123        0.0061305
0.369863        0.00613046
0.372603        0.00613042
0.375342        0.00613039
0.378082        0.00613035
0.380822        0.00613032
0.383562        0.00613029
0.386301        0.00613025
0.389041        0.00613022
0.391781        0.00613019
0.394521        0.00613016
0.39726        0.00613013
0.4        0.0061301
0.40274        0.00613007
0.405479        0.00613005
0.408219        0.00613002
0.410959        0.00613
0.413699        0.00612997
0.416438        0.00612995
0.419178        0.00612993
0.421918        0.00612991
0.424658        0.0061299
0.427397        0.00612988
0.430137        0.00612986
0.432877        0.00612985
0.435616        0.00612984
0.438356        0.00612983
0.441096        0.00612982
0.443836        0.00612982
0.446575        0.00612981
0.449315        0.00612981
0.452055        0.00612981
0.454795        0.00612981
0.457534        0.00612981
0.460274        0.00612982
0.463014        0.00612982
0.465753        0.00612983
0.468493        0.00612985
0.471233        0.00612986
0.473973        0.00612987
0.476712        0.00612989
0.479452        0.00612991
0.482192        0.00612994
0.484932        0.00612996
0.487671        0.00612999
0.490411        0.00613002
0.493151        0.00613005
0.49589        0.00613008
0.49863        0.00613012
0.50137        0.00613016
0.50411        0.0061302
0.506849        0.00613025
0.509589        0.0061303
0.512329        0.00613035
0.515068        0.0061304
0.517808        0.00613046
0.520548        0.00613051
0.523288        0.00613058
0.526027        0.00613064
0.528767        0.00613071
0.531507        0.00613078
0.534247        0.00613085
0.536986        0.00613093
0.539726        0.006131
0.542466        0.00613109
0.545205        0.00613117
0.547945        0.00613126
0.550685        0.00613135
0.553425        0.00613144
0.556164        0.00613154
0.558904        0.00613164
0.561644        0.00613174
0.564384        0.00613185
0.567123        0.00613196
0.569863        0.00613207
0.572603        0.00613219
0.575342        0.00613231
0.578082        0.00613243
0.580822        0.00613256
0.583562        0.00613269
0.586301        0.00613282
0.589041        0.00613295
0.591781        0.00613309
0.594521        0.00613323
0.59726        0.00613338
0.6        0.00613353
0.60274        0.00613368
0.605479        0.00613384
0.608219        0.006134
0.610959        0.00613416
0.613699        0.00613432
0.616438        0.00613449
0.619178        0.00613467
0.621918        0.00613484
0.624658        0.00613502
0.627397        0.00613521
0.630137        0.00613539
0.632877        0.00613558
0.635616        0.00613578
0.638356        0.00613597
0.641096        0.00613617
0.643836        0.00613638
0.646575        0.00613659
0.649315        0.0061368
0.652055        0.00613701
0.654795        0.00613723
0.657534        0.00613745
0.660274        0.00613768
0.663014        0.00613791
0.665753        0.00613814
0.668493        0.00613837
0.671233        0.00613861
0.673973        0.00613886
0.676712        0.0061391
0.679452        0.00613935
0.682192        0.00613961
0.684932        0.00613986
0.687671        0.00614012
0.690411        0.00614039
0.693151        0.00614066
0.69589        0.00614093
0.69863        0.0061412
0.70137        0.00614148
0.70411        0.00614176
0.706849        0.00614205
0.709589        0.00614234
0.712329        0.00614263
0.715068        0.00614293
0.717808        0.00614323
0.720548        0.00614353
0.723288        0.00614384
0.726027        0.00614415
0.728767        0.00614446
0.731507        0.00614478
0.734247        0.0061451
0.736986        0.00614542
0.739726        0.00614575
0.742466        0.00614608
0.745205        0.00614642
0.747945        0.00614676
0.750685        0.0061471
0.753425        0.00614744
0.756164        0.00614779
0.758904        0.00614814
0.761644        0.0061485
0.764384        0.00614886
0.767123        0.00614922
0.769863        0.00614959
0.772603        0.00614995
0.775342        0.00615033
0.778082        0.0061507
0.780822        0.00615108
0.783562        0.00615146
0.786301        0.00615185
0.789041        0.00615224
0.791781        0.00615263
0.794521        0.00615303
0.79726        0.00615343
0.8        0.00615383
0.80274        0.00615424
0.805479        0.00615465
0.808219        0.00615506
0.810959        0.00615547
0.813699        0.00615589
0.816438        0.00615632
0.819178        0.00615674
0.821918        0.00615717
0.824658        0.0061576
0.827397        0.00615804
0.830137        0.00615848
0.832877        0.00615892
0.835616        0.00615936
0.838356        0.00615981
0.841096        0.00616026
0.843836        0.00616071
0.846575        0.00616117
0.849315        0.00616163
0.852055        0.00616209
0.854795        0.00616256
0.857534        0.00616303
0.860274        0.0061635
0.863014        0.00616398
0.865753        0.00616446
0.868493        0.00616494
0.871233        0.00616542
0.873973        0.00616591
0.876712        0.0061664
0.879452        0.00616689
0.882192        0.00616739
0.884932        0.00616788
0.887671        0.00616839
0.890411        0.00616889
0.893151        0.0061694
0.89589        0.00616991
0.89863        0.00617042
0.90137        0.00617093
0.90411        0.00617145
0.906849        0.00617197
0.909589        0.0061725
0.912329        0.00617302
0.915068        0.00617355
0.917808        0.00617408
0.920548        0.00617462
0.923288        0.00617515
0.926027        0.00617569
0.928767        0.00617624
0.931507        0.00617678
0.934247        0.00617733
0.936986        0.00617788
0.939726        0.00617843
0.942466        0.00617898
0.945205        0.00617954
0.947945        0.0061801
0.950685        0.00618066
0.953425        0.00618122
0.956164        0.00618179
0.958904        0.00618236
0.961644        0.00618293
0.964384        0.0061835
0.967123        0.00618408
0.969863        0.00618466
0.972603        0.00618524
0.975342        0.00618582
0.978082        0.0061864
0.980822        0.00618699
0.983562        0.00618758
0.986301        0.00618817
0.989041        0.00618876
0.991781        0.00618936
0.994521        0.00618995
0.99726        0.00619055
1        0.00619115
1.00274        0.00619175
1.00548        0.00619236
1.00822        0.00619296
1.01096        0.00619357
1.0137        0.00619418
1.01644        0.00619479
1.01918        0.00619541
1.02192        0.00619602
1.02466        0.00619664
1.0274        0.00619726
1.03014        0.00619788
1.03288        0.0061985
1.03562        0.00619913
1.03836        0.00619975
1.0411        0.00620038
1.04384        0.00620101
1.04658        0.00620164
1.04932        0.00620227
1.05205        0.0062029
1.05479        0.00620354
1.05753        0.00620417
1.06027        0.00620481
1.06301        0.00620545
1.06575        0.00620609
1.06849        0.00620673
1.07123        0.00620737
1.07397        0.00620802
1.07671        0.00620866
1.07945        0.00620931
1.08219        0.00620996
1.08493        0.0062106
1.08767        0.00621125
1.09041        0.00621191
1.09315        0.00621256
1.09589        0.00621321
1.09863        0.00621386
1.10137        0.00621452
1.10411        0.00621517
1.10685        0.00621583
1.10959        0.00621649
1.11233        0.00621715
1.11507        0.00621781
1.11781        0.00621846
1.12055        0.00621913
1.12329        0.00621979
1.12603        0.00622045
1.12877        0.00622111
1.13151        0.00622177
1.13425        0.00622244
1.13699        0.0062231
1.13973        0.00622377
1.14247        0.00622443
1.14521        0.0062251
1.14795        0.00622577
1.15068        0.00622643
1.15342        0.0062271
1.15616        0.00622777
1.1589        0.00622844
1.16164        0.0062291
1.16438        0.00622977
1.16712        0.00623044
1.16986        0.00623111
1.1726        0.00623178
1.17534        0.00623245
1.17808        0.00623312
1.18082        0.00623379
1.18356        0.00623446
1.1863        0.00623513
1.18904        0.0062358
1.19178        0.00623647
1.19452        0.00623714
1.19726        0.00623781
1.2        0.00623848
1.20274        0.00623915
1.20548        0.00623982
1.20822        0.00624049
1.21096        0.00624116
1.2137        0.00624183
1.21644        0.00624249
1.21918        0.00624316
1.22192        0.00624383
1.22466        0.0062445
1.2274        0.00624517
1.23014        0.00624583
1.23288        0.0062465
1.23562        0.00624717
1.23836        0.00624783
1.2411        0.0062485
1.24384        0.00624916
1.24658        0.00624983
1.24932        0.00625049
1.25205        0.00625115
1.25479        0.00625182
1.25753        0.00625248
1.26027        0.00625314
1.26301        0.0062538
1.26575        0.00625446
1.26849        0.00625512
1.27123        0.00625578
1.27397        0.00625644
1.27671        0.00625709
1.27945        0.00625775
1.28219        0.00625841
1.28493        0.00625906
1.28767        0.00625971
1.29041        0.00626037
1.29315        0.00626102
1.29589        0.00626167
1.29863        0.00626232
1.30137        0.00626297
1.30411        0.00626362
1.30685        0.00626427
1.30959        0.00626491
1.31233        0.00626556
1.31507        0.0062662
1.31781        0.00626685
1.32055        0.00626749
1.32329        0.00626813
1.32603        0.00626877
1.32877        0.00626941
1.33151        0.00627005
1.33425        0.00627069
1.33699        0.00627132
1.33973        0.00627196
1.34247        0.00627259
1.34521        0.00627322
1.34795        0.00627386
1.35068        0.00627449
1.35342        0.00627511
1.35616        0.00627574
1.3589        0.00627637
1.36164        0.006277
1.36438        0.00627762
1.36712        0.00627824
1.36986        0.00627886
1.3726        0.00627949
1.37534        0.00628011
1.37808        0.00628072
1.38082        0.00628134
1.38356        0.00628196
1.3863        0.00628257
1.38904        0.00628318
1.39178        0.0062838
1.39452        0.00628441
1.39726        0.00628502
1.4        0.00628563
1.40274        0.00628623
1.40548        0.00628684
1.40822        0.00628744
1.41096        0.00628805
1.4137        0.00628865
1.41644        0.00628925
1.41918        0.00628985
1.42192        0.00629045
1.42466        0.00629104
1.4274        0.00629164
1.43014        0.00629223
1.43288        0.00629283
1.43562        0.00629342
1.43836        0.00629401
1.4411        0.0062946
1.44384        0.00629519
1.44658        0.00629578
1.44932        0.00629636
1.45205        0.00629695
1.45479        0.00629753
1.45753        0.00629811
1.46027        0.0062987
1.46301        0.00629928
1.46575        0.00629986
1.46849        0.00630043
1.47123        0.00630101
1.47397        0.00630159
1.47671        0.00630216
1.47945        0.00630274
1.48219        0.00630331
1.48493        0.00630388
1.48767        0.00630445
1.49041        0.00630502
1.49315        0.00630559
1.49589        0.00630616
1.49863        0.00630672
1.50137        0.00630729
1.50411        0.00630785
1.50685        0.00630842
1.50959        0.00630898
1.51233        0.00630954
1.51507        0.0063101
1.51781        0.00631066
1.52055        0.00631122
1.52329        0.00631178
1.52603        0.00631234
1.52877        0.00631289
1.53151        0.00631345
1.53425        0.006314
1.53699        0.00631456
1.53973        0.00631511
1.54247        0.00631567
1.54521        0.00631622
1.54795        0.00631677
1.55068        0.00631732
1.55342        0.00631787
1.55616        0.00631842
1.5589        0.00631897
1.56164        0.00631952
1.56438        0.00632006
1.56712        0.00632061
1.56986        0.00632116
1.5726        0.0063217
1.57534        0.00632225
1.57808        0.0063228
1.58082        0.00632334
1.58356        0.00632388
1.5863        0.00632443
1.58904        0.00632497
1.59178        0.00632552
1.59452        0.00632606
1.59726        0.0063266
1.6        0.00632714
1.60274        0.00632769
1.60548        0.00632823
1.60822        0.00632877
1.61096        0.00632931
1.6137        0.00632985
1.61644        0.00633039
1.61918        0.00633093
1.62192        0.00633147
1.62466        0.00633201
1.6274        0.00633255
1.63014        0.00633309
1.63288        0.00633363
1.63562        0.00633417
1.63836        0.00633471
1.6411        0.00633526
1.64384        0.0063358
1.64658        0.00633634
1.64932        0.00633688
1.65205        0.00633742
1.65479        0.00633796
1.65753        0.0063385
1.66027        0.00633904
1.66301        0.00633958
1.66575        0.00634012
1.66849        0.00634066
1.67123        0.00634121
1.67397        0.00634175
1.67671        0.00634229
1.67945        0.00634283
1.68219        0.00634338
1.68493        0.00634392
1.68767        0.00634447
1.69041        0.00634501
1.69315        0.00634555
1.69589        0.0063461
1.69863        0.00634665
1.70137        0.00634719
1.70411        0.00634774
1.70685        0.00634829
1.70959        0.00634883
1.71233        0.00634938
1.71507        0.00634993
1.71781        0.00635048
1.72055        0.00635103
1.72329        0.00635158
1.72603        0.00635213
1.72877        0.00635269
1.73151        0.00635324
1.73425        0.00635379
1.73699        0.00635435
1.73973        0.0063549
1.74247        0.00635546
1.74521        0.00635602
1.74795        0.00635657
1.75068        0.00635713
1.75342        0.00635769
1.75616        0.00635825
1.7589        0.00635881
1.76164        0.00635937
1.76438        0.00635994
1.76712        0.0063605
1.76986        0.00636106
1.7726        0.00636163
1.77534        0.0063622
1.77808        0.00636276
1.78082        0.00636333
1.78356        0.0063639
1.7863        0.00636447
1.78904        0.00636504
1.79178        0.00636562
1.79452        0.00636619
1.79726        0.00636677
1.8        0.00636734
1.80274        0.00636792
1.80548        0.0063685
1.80822        0.00636908
1.81096        0.00636966
1.8137        0.00637024
1.81644        0.00637082
1.81918        0.00637141
1.82192        0.00637199
1.82466        0.00637258
1.8274        0.00637317
1.83014        0.00637375
1.83288        0.00637434
1.83562        0.00637494
1.83836        0.00637553
1.8411        0.00637612
1.84384        0.00637672
1.84658        0.00637732
1.84932        0.00637791
1.85205        0.00637851
1.85479        0.00637911
1.85753        0.00637972
1.86027        0.00638032
1.86301        0.00638092
1.86575        0.00638153
1.86849        0.00638214
1.87123        0.00638275
1.87397        0.00638336
1.87671        0.00638397
1.87945        0.00638458
1.88219        0.0063852
1.88493        0.00638581
1.88767        0.00638643
1.89041        0.00638705
1.89315        0.00638767
1.89589        0.00638829
1.89863        0.00638892
1.90137        0.00638954
1.90411        0.00639017
1.90685        0.0063908
1.90959        0.00639143
1.91233        0.00639206
1.91507        0.00639269
1.91781        0.00639333
1.92055        0.00639396
1.92329        0.0063946
1.92603        0.00639524
1.92877        0.00639588
1.93151        0.00639652
1.93425        0.00639716
1.93699        0.00639781
1.93973        0.00639846
1.94247        0.00639911
1.94521        0.00639976
1.94795        0.00640041
1.95068        0.00640106
1.95342        0.00640171
1.95616        0.00640237
1.9589        0.00640303
1.96164        0.00640369
1.96438        0.00640435
1.96712        0.00640501
1.96986        0.00640568
1.9726        0.00640634
1.97534        0.00640701
1.97808        0.00640768
1.98082        0.00640835
1.98356        0.00640902
1.9863        0.0064097
1.98904        0.00641037
1.99178        0.00641105
1.99452        0.00641173
1.99726        0.00641241
2        0.00641309
2.00274        0.00641378
2.00548        0.00641447
2.00822        0.00641515
2.01096        0.00641584
2.0137        0.00641653
2.01644        0.00641723
2.01918        0.00641792
2.02192        0.00641862
2.02466        0.00641931
2.0274        0.00642001
2.03014        0.00642071
2.03288        0.00642142
2.03562        0.00642212
2.03836        0.00642283
2.0411        0.00642353
2.04384        0.00642424
2.04658        0.00642495
2.04932        0.00642567
2.05205        0.00642638
2.05479        0.0064271
2.05753        0.00642781
2.06027        0.00642853
2.06301        0.00642925
2.06575        0.00642998
2.06849        0.0064307
2.07123        0.00643143
2.07397        0.00643215
2.07671        0.00643288
2.07945        0.00643361
2.08219        0.00643435
2.08493        0.00643508
2.08767        0.00643582
2.09041        0.00643655
2.09315        0.00643729
2.09589        0.00643803
2.09863        0.00643878
2.10137        0.00643952
2.10411        0.00644027
2.10685        0.00644101
2.10959        0.00644176
2.11233        0.00644251
2.11507        0.00644326
2.11781        0.00644402
2.12055        0.00644477
2.12329        0.00644553
2.12603        0.00644629
2.12877        0.00644705
2.13151        0.00644781
2.13425        0.00644858
2.13699        0.00644934
2.13973        0.00645011
2.14247        0.00645088
2.14521        0.00645165
2.14795        0.00645242
2.15068        0.00645319
2.15342        0.00645397
2.15616        0.00645474
2.1589        0.00645552
2.16164        0.0064563
2.16438        0.00645708
2.16712        0.00645786
2.16986        0.00645865
2.1726        0.00645943
2.17534        0.00646022
2.17808        0.00646101
2.18082        0.0064618
2.18356        0.00646259
2.1863        0.00646339
2.18904        0.00646418
2.19178        0.00646498
2.19452        0.00646577
2.19726        0.00646657
2.2        0.00646738
2.20274        0.00646818
2.20548        0.00646898
2.20822        0.00646979
2.21096        0.0064706
2.2137        0.0064714
2.21644        0.00647221
2.21918        0.00647303
2.22192        0.00647384
2.22466        0.00647465
2.2274        0.00647547
2.23014        0.00647629
2.23288        0.00647711
2.23562        0.00647793
2.23836        0.00647875
2.2411        0.00647957
2.24384        0.00648039
2.24658        0.00648122
2.24932        0.00648205
2.25205        0.00648288
2.25479        0.00648371
2.25753        0.00648454
2.26027        0.00648537
2.26301        0.00648621
2.26575        0.00648704
2.26849        0.00648788
2.27123        0.00648872
2.27397        0.00648956
2.27671        0.0064904
2.27945        0.00649124
2.28219        0.00649209
2.28493        0.00649293
2.28767        0.00649378
2.29041        0.00649462
2.29315        0.00649547
2.29589        0.00649632
2.29863        0.00649718
2.30137        0.00649803
2.30411        0.00649888
2.30685        0.00649974
2.30959        0.00650059
2.31233        0.00650145
2.31507        0.00650231
2.31781        0.00650317
2.32055        0.00650403
2.32329        0.0065049
2.32603        0.00650576
2.32877        0.00650663
2.33151        0.00650749
2.33425        0.00650836
2.33699        0.00650923
2.33973        0.0065101
2.34247        0.00651097
2.34521        0.00651184
2.34795        0.00651272
2.35068        0.00651359
2.35342        0.00651447
2.35616        0.00651534
2.3589        0.00651622
2.36164        0.0065171
2.36438        0.00651798
2.36712        0.00651886
2.36986        0.00651974
2.3726        0.00652063
2.37534        0.00652151
2.37808        0.0065224
2.38082        0.00652328
2.38356        0.00652417
2.3863        0.00652506
2.38904        0.00652595
2.39178        0.00652684
2.39452        0.00652773
2.39726        0.00652862
2.4        0.00652951
2.40274        0.00653041
2.40548        0.0065313
2.40822        0.0065322
2.41096        0.0065331
2.4137        0.00653399
2.41644        0.00653489
2.41918        0.00653579
2.42192        0.00653669
2.42466        0.00653759
2.4274        0.0065385
2.43014        0.0065394
2.43288        0.0065403
2.43562        0.00654121
2.43836        0.00654211
2.4411        0.00654302
2.44384        0.00654393
2.44658        0.00654483
2.44932        0.00654574
2.45205        0.00654665
2.45479        0.00654756
2.45753        0.00654847
2.46027        0.00654938
2.46301        0.0065503
2.46575        0.00655121
2.46849        0.00655212
2.47123        0.00655304
2.47397        0.00655395
2.47671        0.00655487
2.47945        0.00655578
2.48219        0.0065567
2.48493        0.00655762
2.48767        0.00655853
2.49041        0.00655945
2.49315        0.00656037
2.49589        0.00656129
2.49863        0.00656221
2.50137        0.00656313
2.50411        0.00656405
2.50685        0.00656498
2.50959        0.0065659
2.51233        0.00656682
2.51507        0.00656774
2.51781        0.00656867
2.52055        0.00656959
2.52329        0.00657051
2.52603        0.00657144
2.52877        0.00657236
2.53151        0.00657329
2.53425        0.00657422
2.53699        0.00657514
2.53973        0.00657607
2.54247        0.006577
2.54521        0.00657792
2.54795        0.00657885
2.55068        0.00657978
2.55342        0.00658071
2.55616        0.00658163
2.5589        0.00658256
2.56164        0.00658349
2.56438        0.00658442
2.56712        0.00658535
2.56986        0.00658628
2.5726        0.00658721
2.57534        0.00658814
2.57808        0.00658907
2.58082        0.00659
2.58356        0.00659093
2.5863        0.00659186
2.58904        0.00659279
2.59178        0.00659372
2.59452        0.00659465
2.59726        0.00659558
2.6        0.00659651
2.60274        0.00659744
2.60548        0.00659837
2.60822        0.0065993
2.61096        0.00660023
2.6137        0.00660116
2.61644        0.00660209
2.61918        0.00660302
2.62192        0.00660395
2.62466        0.00660488
2.6274        0.00660581
2.63014        0.00660674
2.63288        0.00660767
2.63562        0.0066086
2.63836        0.00660953
2.6411        0.00661046
2.64384        0.00661139
2.64658        0.00661231
2.64932        0.00661324
2.65205        0.00661417
2.65479        0.0066151
2.65753        0.00661603
2.66027        0.00661695
2.66301        0.00661788
2.66575        0.00661881
2.66849        0.00661973
2.67123        0.00662066
2.67397        0.00662158
2.67671        0.00662251
2.67945        0.00662343
2.68219        0.00662436
2.68493        0.00662528
2.68767        0.0066262
2.69041        0.00662713
2.69315        0.00662805
2.69589        0.00662897
2.69863        0.00662989
2.70137        0.00663081
2.70411        0.00663173
2.70685        0.00663265
2.70959        0.00663357
2.71233        0.00663449
2.71507        0.00663541
2.71781        0.00663633
2.72055        0.00663724
2.72329        0.00663816
2.72603        0.00663907
2.72877        0.00663999
2.73151        0.0066409
2.73425        0.00664182
2.73699        0.00664273
2.73973        0.00664364
2.74247        0.00664455
2.74521        0.00664546
2.74795        0.00664637
2.75068        0.00664728
2.75342        0.00664819
2.75616        0.0066491
2.7589        0.00665
2.76164        0.00665091
2.76438        0.00665181
2.76712        0.00665272
2.76986        0.00665362
2.7726        0.00665452
2.77534        0.00665542
2.77808        0.00665632
2.78082        0.00665722
2.78356        0.00665812
2.7863        0.00665902
2.78904        0.00665992
2.79178        0.00666081
2.79452        0.00666171
2.79726        0.0066626
2.8        0.00666349
2.80274        0.00666439
2.80548        0.00666528
2.80822        0.00666617
2.81096        0.00666705
2.8137        0.00666794
2.81644        0.00666883
2.81918        0.00666971
2.82192        0.0066706
2.82466        0.00667148
2.8274        0.00667236
2.83014        0.00667324
2.83288        0.00667412
2.83562        0.006675
2.83836        0.00667588
2.8411        0.00667676
2.84384        0.00667763
2.84658        0.0066785
2.84932        0.00667938
2.85205        0.00668025
2.85479        0.00668112
2.85753        0.00668199
2.86027        0.00668286
2.86301        0.00668372
2.86575        0.00668459
2.86849        0.00668545
2.87123        0.00668632
2.87397        0.00668718
2.87671        0.00668804
2.87945        0.0066889
2.88219        0.00668975
2.88493        0.00669061
2.88767        0.00669147
2.89041        0.00669232
2.89315        0.00669317
2.89589        0.00669402
2.89863        0.00669487
2.90137        0.00669572
2.90411        0.00669657
2.90685        0.00669742
2.90959        0.00669826
2.91233        0.0066991
2.91507        0.00669994
2.91781        0.00670079
2.92055        0.00670162
2.92329        0.00670246
2.92603        0.0067033
2.92877        0.00670413
2.93151        0.00670497
2.93425        0.0067058
2.93699        0.00670663
2.93973        0.00670746
2.94247        0.00670829
2.94521        0.00670911
2.94795        0.00670994
2.95068        0.00671076
2.95342        0.00671158
2.95616        0.0067124
2.9589        0.00671322
2.96164        0.00671404
2.96438        0.00671486
2.96712        0.00671567
2.96986        0.00671649
2.9726        0.0067173
2.97534        0.00671811
2.97808        0.00671892
2.98082        0.00671973
2.98356        0.00672053
2.9863        0.00672134
2.98904        0.00672214
2.99178        0.00672295
2.99452        0.00672375
2.99726        0.00672455
3        0.00672534
3.00274        0.00672614
3.00548        0.00672694
3.00822        0.00672773
3.01096        0.00672852
3.0137        0.00672931
3.01644        0.0067301
3.01918        0.00673089
3.02192        0.00673168
3.02466        0.00673246
3.0274        0.00673324
3.03014        0.00673403
3.03288        0.00673481
3.03562        0.00673559
3.03836        0.00673637
3.0411        0.00673714
3.04384        0.00673792
3.04658        0.00673869
3.04932        0.00673946
3.05205        0.00674023
3.05479        0.006741
3.05753        0.00674177
3.06027        0.00674254
3.06301        0.00674331
3.06575        0.00674407
3.06849        0.00674483
3.07123        0.00674559
3.07397        0.00674635
3.07671        0.00674711
3.07945        0.00674787
3.08219        0.00674863
3.08493        0.00674938
3.08767        0.00675013
3.09041        0.00675089
3.09315        0.00675164
3.09589        0.00675239
3.09863        0.00675314
3.10137        0.00675388
3.10411        0.00675463
3.10685        0.00675537
3.10959        0.00675612
3.11233        0.00675686
3.11507        0.0067576
3.11781        0.00675834
3.12055        0.00675907
3.12329        0.00675981
3.12603        0.00676055
3.12877        0.00676128
3.13151        0.00676201
3.13425        0.00676275
3.13699        0.00676348
3.13973        0.00676421
3.14247        0.00676493
3.14521        0.00676566
3.14795        0.00676639
3.15068        0.00676711
3.15342        0.00676784
3.15616        0.00676856
3.1589        0.00676928
3.16164        0.00677
3.16438        0.00677072
3.16712        0.00677144
3.16986        0.00677215
3.1726        0.00677287
3.17534        0.00677358
3.17808        0.0067743
3.18082        0.00677501
3.18356        0.00677572
3.1863        0.00677643
3.18904        0.00677714
3.19178        0.00677785
3.19452        0.00677855
3.19726        0.00677926
3.2        0.00677997
3.20274        0.00678067
3.20548        0.00678137
3.20822        0.00678207
3.21096        0.00678278
3.2137        0.00678348
3.21644        0.00678418
3.21918        0.00678487
3.22192        0.00678557
3.22466        0.00678627
3.2274        0.00678696
3.23014        0.00678766
3.23288        0.00678835
3.23562        0.00678904
3.23836        0.00678973
3.2411        0.00679042
3.24384        0.00679111
3.24658        0.0067918
3.24932        0.00679249
3.25205        0.00679318
3.25479        0.00679387
3.25753        0.00679455
3.26027        0.00679524
3.26301        0.00679592
3.26575        0.0067966
3.26849        0.00679729
3.27123        0.00679797
3.27397        0.00679865
3.27671        0.00679933
3.27945        0.00680001
3.28219        0.00680069
3.28493        0.00680136
3.28767        0.00680204
3.29041        0.00680272
3.29315        0.00680339
3.29589        0.00680407
3.29863        0.00680474
3.30137        0.00680541
3.30411        0.00680609
3.30685        0.00680676
3.30959        0.00680743
3.31233        0.0068081
3.31507        0.00680877
3.31781        0.00680944
3.32055        0.00681011
3.32329        0.00681078
3.32603        0.00681145
3.32877        0.00681211
3.33151        0.00681278
3.33425        0.00681344
3.33699        0.00681411
3.33973        0.00681477
3.34247        0.00681544
3.34521        0.0068161
3.34795        0.00681676
3.35068        0.00681743
3.35342        0.00681809
3.35616        0.00681875
3.3589        0.00681941
3.36164        0.00682007
3.36438        0.00682073
3.36712        0.00682139
3.36986        0.00682205
3.3726        0.00682271
3.37534        0.00682336
3.37808        0.00682402
3.38082        0.00682468
3.38356        0.00682533
3.3863        0.00682599
3.38904        0.00682664
3.39178        0.0068273
3.39452        0.00682795
3.39726        0.00682861
3.4        0.00682926
3.40274        0.00682991
3.40548        0.00683057
3.40822        0.00683122
3.41096        0.00683187
3.4137        0.00683252
3.41644        0.00683317
3.41918        0.00683383
3.42192        0.00683448
3.42466        0.00683513
3.4274        0.00683577
3.43014        0.00683642
3.43288        0.00683707
3.43562        0.00683772
3.43836        0.00683837
3.4411        0.00683902
3.44384        0.00683967
3.44658        0.00684031
3.44932        0.00684096
3.45205        0.00684161
3.45479        0.00684225
3.45753        0.0068429
3.46027        0.00684354
3.46301        0.00684419
3.46575        0.00684483
3.46849        0.00684548
3.47123        0.00684612
3.47397        0.00684677
3.47671        0.00684741
3.47945        0.00684805
3.48219        0.0068487
3.48493        0.00684934
3.48767        0.00684998
3.49041        0.00685063
3.49315        0.00685127
3.49589        0.00685191
3.49863        0.00685255
3.50137        0.00685319
3.50411        0.00685383
3.50685        0.00685448
3.50959        0.00685512
3.51233        0.00685576
3.51507        0.0068564
3.51781        0.00685704
3.52055        0.00685768
3.52329        0.00685832
3.52603        0.00685896
3.52877        0.0068596
3.53151        0.00686024
3.53425        0.00686087
3.53699        0.00686151
3.53973        0.00686215
3.54247        0.00686279
3.54521        0.00686343
3.54795        0.00686407
3.55068        0.0068647
3.55342        0.00686534
3.55616        0.00686598
3.5589        0.00686662
3.56164        0.00686725
3.56438        0.00686789
3.56712        0.00686853
3.56986        0.00686916
3.5726        0.0068698
3.57534        0.00687043
3.57808        0.00687107
3.58082        0.00687171
3.58356        0.00687234
3.5863        0.00687298
3.58904        0.00687361
3.59178        0.00687425
3.59452        0.00687488
3.59726        0.00687552
3.6        0.00687615
3.60274        0.00687679
3.60548        0.00687742
3.60822        0.00687805
3.61096        0.00687869
3.6137        0.00687932
3.61644        0.00687996
3.61918        0.00688059
3.62192        0.00688122
3.62466        0.00688186
3.6274        0.00688249
3.63014        0.00688312
3.63288        0.00688376
3.63562        0.00688439
3.63836        0.00688502
3.6411        0.00688565
3.64384        0.00688629
3.64658        0.00688692
3.64932        0.00688755
3.65205        0.00688818
3.65479        0.00688881
3.65753        0.00688944
3.66027        0.00689008
3.66301        0.00689071
3.66575        0.00689134
3.66849        0.00689197
3.67123        0.0068926
3.67397        0.00689323
3.67671        0.00689386
3.67945        0.00689449
3.68219        0.00689512
3.68493        0.00689575
3.68767        0.00689638
3.69041        0.00689701
3.69315        0.00689764
3.69589        0.00689827
3.69863        0.0068989
3.70137        0.00689953
3.70411        0.00690016
3.70685        0.00690079
3.70959        0.00690142
3.71233        0.00690205
3.71507        0.00690267
3.71781        0.0069033
3.72055        0.00690393
3.72329        0.00690456
3.72603        0.00690519
3.72877        0.00690581
3.73151        0.00690644
3.73425        0.00690707
3.73699        0.0069077
3.73973        0.00690832
3.74247        0.00690895
3.74521        0.00690958
3.74795        0.0069102
3.75068        0.00691083
3.75342        0.00691146
3.75616        0.00691208
3.7589        0.00691271
3.76164        0.00691333
3.76438        0.00691396
3.76712        0.00691458
3.76986        0.00691521
3.7726        0.00691583
3.77534        0.00691646
3.77808        0.00691708
3.78082        0.00691771
3.78356        0.00691833
3.7863        0.00691896
3.78904        0.00691958
3.79178        0.0069202
3.79452        0.00692083
3.79726        0.00692145
3.8        0.00692207
3.80274        0.0069227
3.80548        0.00692332
3.80822        0.00692394
3.81096        0.00692456
3.8137        0.00692518
3.81644        0.00692581
3.81918        0.00692643
3.82192        0.00692705
3.82466        0.00692767
3.8274        0.00692829
3.83014        0.00692891
3.83288        0.00692953
3.83562        0.00693015
3.83836        0.00693077
3.8411        0.00693139
3.84384        0.00693201
3.84658        0.00693263
3.84932        0.00693325
3.85205        0.00693387
3.85479        0.00693449
3.85753        0.0069351
3.86027        0.00693572
3.86301        0.00693634
3.86575        0.00693696
3.86849        0.00693757
3.87123        0.00693819
3.87397        0.00693881
3.87671        0.00693942
3.87945        0.00694004
3.88219        0.00694066
3.88493        0.00694127
3.88767        0.00694189
3.89041        0.0069425
3.89315        0.00694312
3.89589        0.00694373
3.89863        0.00694434
3.90137        0.00694496
3.90411        0.00694557
3.90685        0.00694618
3.90959        0.0069468
3.91233        0.00694741
3.91507        0.00694802
3.91781        0.00694863
3.92055        0.00694925
3.92329        0.00694986
3.92603        0.00695047
3.92877        0.00695108
3.93151        0.00695169
3.93425        0.0069523
3.93699        0.00695291
3.93973        0.00695352
3.94247        0.00695412
3.94521        0.00695473
3.94795        0.00695534
3.95068        0.00695595
3.95342        0.00695656
3.95616        0.00695716
3.9589        0.00695777
3.96164        0.00695837
3.96438        0.00695898
3.96712        0.00695959
3.96986        0.00696019
3.9726        0.00696079
3.97534        0.0069614
3.97808        0.006962
3.98082        0.00696261
3.98356        0.00696321
3.9863        0.00696381
3.98904        0.00696441
3.99178        0.00696501
3.99452        0.00696561
3.99726        0.00696622
4        0.00696682
4.00274        0.00696742
4.00548        0.00696801
4.00822        0.00696861
4.01096        0.00696921
4.0137        0.00696981
4.01644        0.00697041
4.01918        0.006971
4.02192        0.0069716
4.02466        0.0069722
4.0274        0.00697279
4.03014        0.00697339
4.03288        0.00697398
4.03562        0.00697458
4.03836        0.00697517
4.0411        0.00697576
4.04384        0.00697635
4.04658        0.00697695
4.04932        0.00697754
4.05205        0.00697813
4.05479        0.00697872
4.05753        0.00697931
4.06027        0.0069799
4.06301        0.00698049
4.06575        0.00698108
4.06849        0.00698166
4.07123        0.00698225
4.07397        0.00698284
4.07671        0.00698342
4.07945        0.00698401
4.08219        0.00698459
4.08493        0.00698518
4.08767        0.00698576
4.09041        0.00698634
4.09315        0.00698693
4.09589        0.00698751
4.09863        0.00698809
4.10137        0.00698867
4.10411        0.00698925
4.10685        0.00698983
4.10959        0.00699041
4.11233        0.00699098
4.11507        0.00699156
4.11781        0.00699214
4.12055        0.00699271
4.12329        0.00699329
4.12603        0.00699386
4.12877        0.00699444
4.13151        0.00699501
4.13425        0.00699558
4.13699        0.00699616
4.13973        0.00699673
4.14247        0.0069973
4.14521        0.00699787
4.14795        0.00699844
4.15068        0.006999
4.15342        0.00699957
4.15616        0.00700014
4.1589        0.00700071
4.16164        0.00700127
4.16438        0.00700184
4.16712        0.0070024
4.16986        0.00700296
4.1726        0.00700352
4.17534        0.00700409
4.17808        0.00700465
4.18082        0.00700521
4.18356        0.00700577
4.1863        0.00700632
4.18904        0.00700688
4.19178        0.00700744
4.19452        0.007008
4.19726        0.00700855
4.2        0.00700911
4.20274        0.00700966
4.20548        0.00701021
4.20822        0.00701076
4.21096        0.00701131
4.2137        0.00701186
4.21644        0.00701241
4.21918        0.00701296
4.22192        0.00701351
4.22466        0.00701406
4.2274        0.0070146
4.23014        0.00701515
4.23288        0.00701569
4.23562        0.00701623
4.23836        0.00701678
4.2411        0.00701732
4.24384        0.00701786
4.24658        0.0070184
4.24932        0.00701893
4.25205        0.00701947
4.25479        0.00702001
4.25753        0.00702054
4.26027        0.00702108
4.26301        0.00702161
4.26575        0.00702214
4.26849        0.00702268
4.27123        0.00702321
4.27397        0.00702374
4.27671        0.00702426
4.27945        0.00702479
4.28219        0.00702532
4.28493        0.00702584
4.28767        0.00702637
4.29041        0.00702689
4.29315        0.00702741
4.29589        0.00702793
4.29863        0.00702846
4.30137        0.00702897
4.30411        0.00702949
4.30685        0.00703001
4.30959        0.00703052
4.31233        0.00703104
4.31507        0.00703155
4.31781        0.00703207
4.32055        0.00703258
4.32329        0.00703309
4.32603        0.0070336
4.32877        0.0070341
4.33151        0.00703461
4.33425        0.00703512
4.33699        0.00703562
4.33973        0.00703612
4.34247        0.00703663
4.34521        0.00703713
4.34795        0.00703763
4.35068        0.00703812
4.35342        0.00703862
4.35616        0.00703912
4.3589        0.00703961
4.36164        0.00704011
4.36438        0.0070406
4.36712        0.00704109
4.36986        0.00704158
4.3726        0.00704207
4.37534        0.00704255
4.37808        0.00704304
4.38082        0.00704352
4.38356        0.00704401
4.3863        0.00704449
4.38904        0.00704497
4.39178        0.00704545
4.39452        0.00704593
4.39726        0.0070464
4.4        0.00704688
4.40274        0.00704735
4.40548        0.00704783
4.40822        0.0070483
4.41096        0.00704877
4.4137        0.00704924
4.41644        0.0070497
4.41918        0.00705017
4.42192        0.00705063
4.42466        0.00705109
4.4274        0.00705156
4.43014        0.00705202
4.43288        0.00705247
4.43562        0.00705293
4.43836        0.00705339
4.4411        0.00705384
4.44384        0.00705429
4.44658        0.00705474
4.44932        0.00705519
4.45205        0.00705564
4.45479        0.00705609
4.45753        0.00705653
4.46027        0.00705698
4.46301        0.00705742
4.46575        0.00705786
4.46849        0.0070583
4.47123        0.00705874
4.47397        0.00705917
4.47671        0.00705961
4.47945        0.00706004
4.48219        0.00706047
4.48493        0.0070609
4.48767        0.00706133
4.49041        0.00706175
4.49315        0.00706218
4.49589        0.0070626
4.49863        0.00706302
4.50137        0.00706344
4.50411        0.00706386
4.50685        0.00706427
4.50959        0.00706469
4.51233        0.0070651
4.51507        0.00706551
4.51781        0.00706592
4.52055        0.00706633
4.52329        0.00706674
4.52603        0.00706714
4.52877        0.00706754
4.53151        0.00706794
4.53425        0.00706834
4.53699        0.00706874
4.53973        0.00706914
4.54247        0.00706953
4.54521        0.00706992
4.54795        0.00707031
4.55068        0.0070707
4.55342        0.00707109
4.55616        0.00707147
4.5589        0.00707186
4.56164        0.00707224
4.56438        0.00707262
4.56712        0.00707299
4.56986        0.00707337
4.5726        0.00707374
4.57534        0.00707412
4.57808        0.00707449
4.58082        0.00707485
4.58356        0.00707522
4.5863        0.00707558
4.58904        0.00707595
4.59178        0.00707631
4.59452        0.00707667
4.59726        0.00707702
4.6        0.00707738
4.60274        0.00707773
4.60548        0.00707808
4.60822        0.00707843
4.61096        0.00707878
4.6137        0.00707912
4.61644        0.00707947
4.61918        0.00707981
4.62192        0.00708015
4.62466        0.00708048
4.6274        0.00708082
4.63014        0.00708115
4.63288        0.00708148
4.63562        0.00708181
4.63836        0.00708214
4.6411        0.00708246
4.64384        0.00708279
4.64658        0.00708311
4.64932        0.00708343
4.65205        0.00708374
4.65479        0.00708406
4.65753        0.00708437
4.66027        0.00708468
4.66301        0.00708499
4.66575        0.0070853
4.66849        0.0070856
4.67123        0.0070859
4.67397        0.0070862
4.67671        0.0070865
4.67945        0.0070868
4.68219        0.00708709
4.68493        0.00708738
4.68767        0.00708767
4.69041        0.00708796
4.69315        0.00708825
4.69589        0.00708853
4.69863        0.00708881
4.70137        0.00708909
4.70411        0.00708937
4.70685        0.00708964
4.70959        0.00708991
4.71233        0.00709018
4.71507        0.00709045
4.71781        0.00709072
4.72055        0.00709098
4.72329        0.00709124
4.72603        0.0070915
4.72877        0.00709176
4.73151        0.00709201
4.73425        0.00709226
4.73699        0.00709251
4.73973        0.00709276
4.74247        0.00709301
4.74521        0.00709325
4.74795        0.00709349
4.75068        0.00709373
4.75342        0.00709397
4.75616        0.0070942
4.7589        0.00709443
4.76164        0.00709466
4.76438        0.00709489
4.76712        0.00709512
4.76986        0.00709534
4.7726        0.00709556
4.77534        0.00709578
4.77808        0.007096
4.78082        0.00709621
4.78356        0.00709642
4.7863        0.00709663
4.78904        0.00709684
4.79178        0.00709704
4.79452        0.00709725
4.79726        0.00709745
4.8        0.00709765
4.80274        0.00709784
4.80548        0.00709804
4.80822        0.00709823
4.81096        0.00709842
4.8137        0.0070986
4.81644        0.00709879
4.81918        0.00709897
4.82192        0.00709915
4.82466        0.00709933
4.8274        0.0070995
4.83014        0.00709967
4.83288        0.00709984
4.83562        0.00710001
4.83836        0.00710018
4.8411        0.00710034
4.84384        0.0071005
4.84658        0.00710066
4.84932        0.00710082
4.85205        0.00710097
4.85479        0.00710112
4.85753        0.00710127
4.86027        0.00710142
4.86301        0.00710156
4.86575        0.00710171
4.86849        0.00710185
4.87123        0.00710198
4.87397        0.00710212
4.87671        0.00710225
4.87945        0.00710238
4.88219        0.00710251
4.88493        0.00710264
4.88767        0.00710276
4.89041        0.00710288
4.89315        0.007103
4.89589        0.00710312
4.89863        0.00710324
4.90137        0.00710335
4.90411        0.00710346
4.90685        0.00710357
4.90959        0.00710367
4.91233        0.00710377
4.91507        0.00710388
4.91781        0.00710397
4.92055        0.00710407
4.92329        0.00710416
4.92603        0.00710426
4.92877        0.00710434
4.93151        0.00710443
4.93425        0.00710452
4.93699        0.0071046
4.93973        0.00710468
4.94247        0.00710476
4.94521        0.00710483
4.94795        0.00710491
4.95068        0.00710498
4.95342        0.00710505
4.95616        0.00710511
4.9589        0.00710518
4.96164        0.00710524
4.96438        0.0071053
4.96712        0.00710535
4.96986        0.00710541
4.9726        0.00710546
4.97534        0.00710551
4.97808        0.00710556
4.98082        0.00710561
4.98356        0.00710565
4.9863        0.00710569
4.98904        0.00710573
4.99178        0.00710577
4.99452        0.0071058
4.99726        0.00710584
5        0.00710587
5.00274        0.0071059
5.00548        0.00710592
5.00822        0.00710595
5.01096        0.00710597
5.0137        0.00710599
5.01644        0.007106
5.01918        0.00710602
5.02192        0.00710603
5.02466        0.00710604
5.0274        0.00710605
5.03014        0.00710606
5.03288        0.00710606
5.03562        0.00710606
5.03836        0.00710606
5.0411        0.00710606
5.04384        0.00710606
5.04658        0.00710605
5.04932        0.00710604
5.05205        0.00710603
5.05479        0.00710602
5.05753        0.007106
5.06027        0.00710598
5.06301        0.00710597
5.06575        0.00710594
5.06849        0.00710592
5.07123        0.00710589
5.07397        0.00710587
5.07671        0.00710584
5.07945        0.0071058
5.08219        0.00710577
5.08493        0.00710573
5.08767        0.0071057
5.09041        0.00710566
5.09315        0.00710561
5.09589        0.00710557
5.09863        0.00710552
5.10137        0.00710547
5.10411        0.00710542
5.10685        0.00710537
5.10959        0.00710532
5.11233        0.00710526
5.11507        0.0071052
5.11781        0.00710514
5.12055        0.00710508
5.12329        0.00710501
5.12603        0.00710495
5.12877        0.00710488
5.13151        0.00710481
5.13425        0.00710473
5.13699        0.00710466
5.13973        0.00710458
5.14247        0.0071045
5.14521        0.00710442
5.14795        0.00710434
5.15068        0.00710426
5.15342        0.00710417
5.15616        0.00710408
5.1589        0.00710399
5.16164        0.0071039
5.16438        0.00710381
5.16712        0.00710371
5.16986        0.00710361
5.1726        0.00710351
5.17534        0.00710341
5.17808        0.00710331
5.18082        0.0071032
5.18356        0.0071031
5.1863        0.00710299
5.18904        0.00710288
5.19178        0.00710276
5.19452        0.00710265
5.19726        0.00710253
5.2        0.00710242
5.20274        0.0071023
5.20548        0.00710217
5.20822        0.00710205
5.21096        0.00710192
5.2137        0.0071018
5.21644        0.00710167
5.21918        0.00710154
5.22192        0.0071014
5.22466        0.00710127
5.2274        0.00710113
5.23014        0.007101
5.23288        0.00710086
5.23562        0.00710071
5.23836        0.00710057
5.2411        0.00710043
5.24384        0.00710028
5.24658        0.00710013
5.24932        0.00709998
5.25205        0.00709983
5.25479        0.00709968
5.25753        0.00709952
5.26027        0.00709936
5.26301        0.0070992
5.26575        0.00709904
5.26849        0.00709888
5.27123        0.00709872
5.27397        0.00709855
5.27671        0.00709839
5.27945        0.00709822
5.28219        0.00709805
5.28493        0.00709788
5.28767        0.0070977
5.29041        0.00709753
5.29315        0.00709735
5.29589        0.00709717
5.29863        0.00709699
5.30137        0.00709681
5.30411        0.00709663
5.30685        0.00709644
5.30959        0.00709625
5.31233        0.00709607
5.31507        0.00709588
5.31781        0.00709568
5.32055        0.00709549
5.32329        0.0070953
5.32603        0.0070951
5.32877        0.0070949
5.33151        0.0070947
5.33425        0.0070945
5.33699        0.0070943
5.33973        0.0070941
5.34247        0.00709389
5.34521        0.00709368
5.34795        0.00709348
5.35068        0.00709327
5.35342        0.00709305
5.35616        0.00709284
5.3589        0.00709263
5.36164        0.00709241
5.36438        0.00709219
5.36712        0.00709197
5.36986        0.00709175
5.3726        0.00709153
5.37534        0.00709131
5.37808        0.00709108
5.38082        0.00709086
5.38356        0.00709063
5.3863        0.0070904
5.38904        0.00709017
5.39178        0.00708994
5.39452        0.0070897
5.39726        0.00708947
5.4        0.00708923
5.40274        0.00708899
5.40548        0.00708875
5.40822        0.00708851
5.41096        0.00708827
5.4137        0.00708803
5.41644        0.00708778
5.41918        0.00708754
5.42192        0.00708729
5.42466        0.00708704
5.4274        0.00708679
5.43014        0.00708654
5.43288        0.00708628
5.43562        0.00708603
5.43836        0.00708577
5.4411        0.00708552
5.44384        0.00708526
5.44658        0.007085
5.44932        0.00708474
5.45205        0.00708447
5.45479        0.00708421
5.45753        0.00708394
5.46027        0.00708368
5.46301        0.00708341
5.46575        0.00708314
5.46849        0.00708287
5.47123        0.0070826
5.47397        0.00708232
5.47671        0.00708205
5.47945        0.00708177
5.48219        0.00708149
5.48493        0.00708122
5.48767        0.00708094
5.49041        0.00708065
5.49315        0.00708037
5.49589        0.00708009
5.49863        0.0070798
5.50137        0.00707952
5.50411        0.00707923
5.50685        0.00707894
5.50959        0.00707865
5.51233        0.00707836
5.51507        0.00707806
5.51781        0.00707777
5.52055        0.00707748
5.52329        0.00707718
5.52603        0.00707688
5.52877        0.00707658
5.53151        0.00707628
5.53425        0.00707598
5.53699        0.00707568
5.53973        0.00707537
5.54247        0.00707507
5.54521        0.00707476
5.54795        0.00707445
5.55068        0.00707415
5.55342        0.00707384
5.55616        0.00707352
5.5589        0.00707321
5.56164        0.0070729
5.56438        0.00707258
5.56712        0.00707227
5.56986        0.00707195
5.5726        0.00707163
5.57534        0.00707131
5.57808        0.00707099
5.58082        0.00707067
5.58356        0.00707034
5.5863        0.00707002
5.58904        0.00706969
5.59178        0.00706937
5.59452        0.00706904
5.59726        0.00706871
5.6        0.00706838
5.60274        0.00706805
5.60548        0.00706772
5.60822        0.00706738
5.61096        0.00706705
5.6137        0.00706671
5.61644        0.00706637
5.61918        0.00706604
5.62192        0.0070657
5.62466        0.00706536
5.6274        0.00706501
5.63014        0.00706467
5.63288        0.00706433
5.63562        0.00706398
5.63836        0.00706364
5.6411        0.00706329
5.64384        0.00706294
5.64658        0.00706259
5.64932        0.00706224
5.65205        0.00706189
5.65479        0.00706153
5.65753        0.00706118
5.66027        0.00706082
5.66301        0.00706047
5.66575        0.00706011
5.66849        0.00705975
5.67123        0.00705939
5.67397        0.00705903
5.67671        0.00705867
5.67945        0.00705831
5.68219        0.00705794
5.68493        0.00705758
5.68767        0.00705721
5.69041        0.00705684
5.69315        0.00705647
5.69589        0.0070561
5.69863        0.00705573
5.70137        0.00705536
5.70411        0.00705499
5.70685        0.00705462
5.70959        0.00705424
5.71233        0.00705386
5.71507        0.00705349
5.71781        0.00705311
5.72055        0.00705273
5.72329        0.00705235
5.72603        0.00705197
5.72877        0.00705159
5.73151        0.0070512
5.73425        0.00705082
5.73699        0.00705043
5.73973        0.00705005
5.74247        0.00704966
5.74521        0.00704927
5.74795        0.00704888
5.75068        0.00704849
5.75342        0.0070481
5.75616        0.0070477
5.7589        0.00704731
5.76164        0.00704691
5.76438        0.00704652
5.76712        0.00704612
5.76986        0.00704572
5.7726        0.00704532
5.77534        0.00704492
5.77808        0.00704452
5.78082        0.00704412
5.78356        0.00704372
5.7863        0.00704331
5.78904        0.00704291
5.79178        0.0070425
5.79452        0.00704209
5.79726        0.00704169
5.8        0.00704128
5.80274        0.00704087
5.80548        0.00704045
5.80822        0.00704004
5.81096        0.00703963
5.8137        0.00703921
5.81644        0.0070388
5.81918        0.00703838
5.82192        0.00703796
5.82466        0.00703755
5.8274        0.00703713
5.83014        0.00703671
5.83288        0.00703629
5.83562        0.00703586
5.83836        0.00703544
5.8411        0.00703501
5.84384        0.00703459
5.84658        0.00703416
5.84932        0.00703374
5.85205        0.00703331
5.85479        0.00703288
5.85753        0.00703245
5.86027        0.00703202
5.86301        0.00703158
5.86575        0.00703115
5.86849        0.00703072
5.87123        0.00703028
5.87397        0.00702984
5.87671        0.00702941
5.87945        0.00702897
5.88219        0.00702853
5.88493        0.00702809
5.88767        0.00702765
5.89041        0.00702721
5.89315        0.00702676
5.89589        0.00702632
5.89863        0.00702587
5.90137        0.00702543
5.90411        0.00702498
5.90685        0.00702453
5.90959        0.00702408
5.91233        0.00702363
5.91507        0.00702318
5.91781        0.00702273
5.92055        0.00702228
5.92329        0.00702182
5.92603        0.00702137
5.92877        0.00702091
5.93151        0.00702046
5.93425        0.00702
5.93699        0.00701954
5.93973        0.00701908
5.94247        0.00701862
5.94521        0.00701816
5.94795        0.0070177
5.95068        0.00701723
5.95342        0.00701677
5.95616        0.0070163
5.9589        0.00701584
5.96164        0.00701537
5.96438        0.0070149
5.96712        0.00701443
5.96986        0.00701396
5.9726        0.00701349
5.97534        0.00701302
5.97808        0.00701255
5.98082        0.00701207
5.98356        0.0070116
5.9863        0.00701112
5.98904        0.00701065
5.99178        0.00701017
5.99452        0.00700969
5.99726        0.00700921
6        0.00700873
6.00274        0.00700825
6.00548        0.00700777
6.00822        0.00700728
6.01096        0.0070068
6.0137        0.00700631
6.01644        0.00700583
6.01918        0.00700534
6.02192        0.00700485
6.02466        0.00700437
6.0274        0.00700388
6.03014        0.00700338
6.03288        0.00700289
6.03562        0.0070024
6.03836        0.00700191
6.0411        0.00700141
6.04384        0.00700092
6.04658        0.00700042
6.04932        0.00699992
6.05205        0.00699943
6.05479        0.00699893
6.05753        0.00699843
6.06027        0.00699793
6.06301        0.00699743
6.06575        0.00699692
6.06849        0.00699642
6.07123        0.00699591
6.07397        0.00699541
6.07671        0.0069949
6.07945        0.0069944
6.08219        0.00699389
6.08493        0.00699338
6.08767        0.00699287
6.09041        0.00699236
6.09315        0.00699185
6.09589        0.00699133
6.09863        0.00699082
6.10137        0.0069903
6.10411        0.00698979
6.10685        0.00698927
6.10959        0.00698876
6.11233        0.00698824
6.11507        0.00698772
6.11781        0.0069872
6.12055        0.00698668
6.12329        0.00698616
6.12603        0.00698563
6.12877        0.00698511
6.13151        0.00698458
6.13425        0.00698406
6.13699        0.00698353
6.13973        0.00698301
6.14247        0.00698248
6.14521        0.00698195
6.14795        0.00698142
6.15068        0.00698089
6.15342        0.00698035
6.15616        0.00697982
6.1589        0.00697929
6.16164        0.00697875
6.16438        0.00697822
6.16712        0.00697768
6.16986        0.00697714
6.1726        0.00697661
6.17534        0.00697607
6.17808        0.00697553
6.18082        0.00697499
6.18356        0.00697444
6.1863        0.0069739
6.18904        0.00697336
6.19178        0.00697281
6.19452        0.00697227
6.19726        0.00697172
6.2        0.00697117
6.20274        0.00697063
6.20548        0.00697008
6.20822        0.00696953
6.21096        0.00696898
6.2137        0.00696842
6.21644        0.00696787
6.21918        0.00696732
6.22192        0.00696676
6.22466        0.00696621
6.2274        0.00696565
6.23014        0.00696509
6.23288        0.00696453
6.23562        0.00696398
6.23836        0.00696342
6.2411        0.00696285
6.24384        0.00696229
6.24658        0.00696173
6.24932        0.00696117
6.25205        0.0069606
6.25479        0.00696004
6.25753        0.00695947
6.26027        0.0069589
6.26301        0.00695833
6.26575        0.00695776
6.26849        0.00695719
6.27123        0.00695662
6.27397        0.00695605
6.27671        0.00695548
6.27945        0.00695491
6.28219        0.00695433
6.28493        0.00695376
6.28767        0.00695318
6.29041        0.0069526
6.29315        0.00695202
6.29589        0.00695144
6.29863        0.00695086
6.30137        0.00695028
6.30411        0.0069497
6.30685        0.00694912
6.30959        0.00694853
6.31233        0.00694795
6.31507        0.00694736
6.31781        0.00694678
6.32055        0.00694619
6.32329        0.0069456
6.32603        0.00694501
6.32877        0.00694442
6.33151        0.00694383
6.33425        0.00694324
6.33699        0.00694265
6.33973        0.00694205
6.34247        0.00694146
6.34521        0.00694086
6.34795        0.00694026
6.35068        0.00693967
6.35342        0.00693907
6.35616        0.00693847
6.3589        0.00693787
6.36164        0.00693727
6.36438        0.00693666
6.36712        0.00693606
6.36986        0.00693546
6.3726        0.00693485
6.37534        0.00693425
6.37808        0.00693364
6.38082        0.00693303
6.38356        0.00693242
6.3863        0.00693181
6.38904        0.0069312
6.39178        0.00693059
6.39452        0.00692998
6.39726        0.00692936
6.4        0.00692875
6.40274        0.00692813
6.40548        0.00692752
6.40822        0.0069269
6.41096        0.00692628
6.4137        0.00692566
6.41644        0.00692504
6.41918        0.00692442
6.42192        0.0069238
6.42466        0.00692318
6.4274        0.00692255
6.43014        0.00692193
6.43288        0.0069213
6.43562        0.00692068
6.43836        0.00692005
6.4411        0.00691942
6.44384        0.00691879
6.44658        0.00691816
6.44932        0.00691753
6.45205        0.00691689
6.45479        0.00691626
6.45753        0.00691563
6.46027        0.00691499
6.46301        0.00691435
6.46575        0.00691372
6.46849        0.00691308
6.47123        0.00691244
6.47397        0.0069118
6.47671        0.00691116
6.47945        0.00691052
6.48219        0.00690987
6.48493        0.00690923
6.48767        0.00690858
6.49041        0.00690794
6.49315        0.00690729
6.49589        0.00690664
6.49863        0.00690599
6.50137        0.00690534
6.50411        0.00690469
6.50685        0.00690404
6.50959        0.00690339
6.51233        0.00690273
6.51507        0.00690208
6.51781        0.00690142
6.52055        0.00690076
6.52329        0.0069001
6.52603        0.00689945
6.52877        0.00689878
6.53151        0.00689812
6.53425        0.00689746
6.53699        0.0068968
6.53973        0.00689613
6.54247        0.00689547
6.54521        0.0068948
6.54795        0.00689414
6.55068        0.00689347
6.55342        0.0068928
6.55616        0.00689213
6.5589        0.00689146
6.56164        0.00689078
6.56438        0.00689011
6.56712        0.00688944
6.56986        0.00688876
6.5726        0.00688808
6.57534        0.00688741
6.57808        0.00688673
6.58082        0.00688605
6.58356        0.00688537
6.5863        0.00688469
6.58904        0.006884
6.59178        0.00688332
6.59452        0.00688263
6.59726        0.00688195
6.6        0.00688126
6.60274        0.00688057
6.60548        0.00687988
6.60822        0.00687919
6.61096        0.0068785
6.6137        0.00687781
6.61644        0.00687712
6.61918        0.00687642
6.62192        0.00687573
6.62466        0.00687503
6.6274        0.00687433
6.63014        0.00687364
6.63288        0.00687294
6.63562        0.00687224
6.63836        0.00687153
6.6411        0.00687083
6.64384        0.00687013
6.64658        0.00686942
6.64932        0.00686872
6.65205        0.00686801
6.65479        0.0068673
6.65753        0.00686659
6.66027        0.00686588
6.66301        0.00686517
6.66575        0.00686446
6.66849        0.00686374
6.67123        0.00686303
6.67397        0.00686231
6.67671        0.00686159
6.67945        0.00686088
6.68219        0.00686016
6.68493        0.00685944
6.68767        0.00685871
6.69041        0.00685799
6.69315        0.00685727
6.69589        0.00685654
6.69863        0.00685582
6.70137        0.00685509
6.70411        0.00685436
6.70685        0.00685363
6.70959        0.0068529
6.71233        0.00685217
6.71507        0.00685144
6.71781        0.0068507
6.72055        0.00684997
6.72329        0.00684923
6.72603        0.00684849
6.72877        0.00684776
6.73151        0.00684702
6.73425        0.00684628
6.73699        0.00684553
6.73973        0.00684479
6.74247        0.00684405
6.74521        0.0068433
6.74795        0.00684256
6.75068        0.00684181
6.75342        0.00684106
6.75616        0.00684031
6.7589        0.00683956
6.76164        0.00683881
6.76438        0.00683805
6.76712        0.0068373
6.76986        0.00683654
6.7726        0.00683579
6.77534        0.00683503
6.77808        0.00683427
6.78082        0.00683351
6.78356        0.00683275
6.7863        0.00683199
6.78904        0.00683122
6.79178        0.00683046
6.79452        0.00682969
6.79726        0.00682892
6.8        0.00682815
6.80274        0.00682739
6.80548        0.00682661
6.80822        0.00682584
6.81096        0.00682507
6.8137        0.00682429
6.81644        0.00682352
6.81918        0.00682274
6.82192        0.00682196
6.82466        0.00682119
6.8274        0.00682041
6.83014        0.00681962
6.83288        0.00681884
6.83562        0.00681806
6.83836        0.00681727
6.8411        0.00681649
6.84384        0.0068157
6.84658        0.00681491
6.84932        0.00681412
6.85205        0.00681333
6.85479        0.00681254
6.85753        0.00681174
6.86027        0.00681095
6.86301        0.00681015
6.86575        0.00680936
6.86849        0.00680856
6.87123        0.00680776
6.87397        0.00680696
6.87671        0.00680616
6.87945        0.00680536
6.88219        0.00680455
6.88493        0.00680375
6.88767        0.00680294
6.89041        0.00680213
6.89315        0.00680132
6.89589        0.00680051
6.89863        0.0067997
6.90137        0.00679889
6.90411        0.00679808
6.90685        0.00679726
6.90959        0.00679644
6.91233        0.00679563
6.91507        0.00679481
6.91781        0.00679399
6.92055        0.00679317
6.92329        0.00679235
6.92603        0.00679152
6.92877        0.0067907
6.93151        0.00678987
6.93425        0.00678905
6.93699        0.00678822
6.93973        0.00678739
6.94247        0.00678656
6.94521        0.00678573
6.94795        0.0067849
6.95068        0.00678406
6.95342        0.00678323
6.95616        0.00678239
6.9589        0.00678155
6.96164        0.00678071
6.96438        0.00677987
6.96712        0.00677903
6.96986        0.00677819
6.9726        0.00677735
6.97534        0.0067765
6.97808        0.00677566
6.98082        0.00677481
6.98356        0.00677396
6.9863        0.00677311
6.98904        0.00677226
6.99178        0.00677141
6.99452        0.00677056
6.99726        0.00676971
