0        0.00612242
0.004        0.0061225
0.008        0.00612258
0.012        0.00612266
0.016        0.00612274
0.02        0.00612283
0.024        0.00612291
0.028        0.00612298
0.032        0.00612306
0.036        0.00612314
0.04        0.00612321
0.044        0.00612329
0.048        0.00612336
0.052        0.00612343
0.056        0.0061235
0.06        0.00612356
0.064        0.00612362
0.068        0.00612368
0.072        0.00612374
0.076        0.00612379
0.08        0.00612384
0.084        0.00612389
0.088        0.00612393
0.092        0.00612397
0.096        0.006124
0.1        0.00612403
0.104        0.00612406
0.108        0.00612408
0.112        0.0061241
0.116        0.00612411
0.12        0.00612412
0.124        0.00612412
0.128        0.00612412
0.132        0.00612411
0.136        0.0061241
0.14        0.00612408
0.144        0.00612406
0.148        0.00612404
0.152        0.00612401
0.156        0.00612397
0.16        0.00612393
0.164        0.00612388
0.168        0.00612383
0.172        0.00612377
0.176        0.00612371
0.18        0.00612365
0.184        0.00612357
0.188        0.0061235
0.192        0.00612342
0.196        0.00612333
0.2        0.00612324
0.204        0.00612315
0.208        0.00612305
0.212        0.00612294
0.216        0.00612283
0.22        0.00612272
0.224        0.0061226
0.228        0.00612248
0.232        0.00612236
0.236        0.00612223
0.24        0.00612209
0.244        0.00612196
0.248        0.00612182
0.252        0.00612167
0.256        0.00612153
0.26        0.00612138
0.264        0.00612122
0.268        0.00612107
0.272        0.00612091
0.276        0.00612075
0.28        0.00612059
0.284        0.00612042
0.288        0.00612025
0.292        0.00612009
0.296        0.00611991
0.3        0.00611974
0.304        0.00611957
0.308        0.00611939
0.312        0.00611922
0.316        0.00611904
0.32        0.00611887
0.324        0.00611869
0.328        0.00611851
0.332        0.00611833
0.336        0.00611816
0.34        0.00611798
0.344        0.0061178
0.348        0.00611763
0.352        0.00611745
0.356        0.00611728
0.36        0.0061171
0.364        0.00611693
0.368        0.00611676
0.372        0.00611659
0.376        0.00611642
0.38        0.00611626
0.384        0.00611609
0.388        0.00611593
0.392        0.00611578
0.396        0.00611562
0.4        0.00611547
0.404        0.00611532
0.408        0.00611517
0.412        0.00611503
0.416        0.00611489
0.42        0.00611475
0.424        0.00611462
0.428        0.00611449
0.432        0.00611436
0.436        0.00611424
0.44        0.00611412
0.444        0.00611401
0.448        0.0061139
0.452        0.0061138
0.456        0.0061137
0.46        0.00611361
0.464        0.00611352
0.468        0.00611343
0.472        0.00611335
0.476        0.00611328
0.48        0.00611321
0.484        0.00611315
0.488        0.00611309
0.492        0.00611304
0.496        0.006113
0.5        0.00611296
0.504        0.00611292
0.508        0.0061129
0.512        0.00611287
0.516        0.00611286
0.52        0.00611285
0.524        0.00611285
0.528        0.00611285
0.532        0.00611286
0.536        0.00611288
0.54        0.0061129
0.544        0.00611293
0.548        0.00611297
0.552        0.00611301
0.556        0.00611306
0.56        0.00611312
0.564        0.00611319
0.568        0.00611326
0.572        0.00611334
0.576        0.00611342
0.58        0.00611351
0.584        0.00611361
0.588        0.00611372
0.592        0.00611384
0.596        0.00611396
0.6        0.00611409
0.604        0.00611422
0.608        0.00611437
0.612        0.00611452
0.616        0.00611468
0.62        0.00611484
0.624        0.00611502
0.628        0.0061152
0.632        0.00611539
0.636        0.00611558
0.64        0.00611578
0.644        0.006116
0.648        0.00611621
0.652        0.00611644
0.656        0.00611667
0.66        0.00611692
0.664        0.00611716
0.668        0.00611742
0.672        0.00611768
0.676        0.00611796
0.68        0.00611823
0.684        0.00611852
0.688        0.00611882
0.692        0.00611912
0.696        0.00611943
0.7        0.00611974
0.704        0.00612007
0.708        0.0061204
0.712        0.00612074
0.716        0.00612108
0.72        0.00612144
0.724        0.0061218
0.728        0.00612217
0.732        0.00612255
0.736        0.00612293
0.74        0.00612332
0.744        0.00612372
0.748        0.00612413
0.752        0.00612454
0.756        0.00612496
0.76        0.00612539
0.764        0.00612582
0.768        0.00612627
0.772        0.00612671
0.776        0.00612717
0.78        0.00612764
0.784        0.00612811
0.788        0.00612859
0.792        0.00612907
0.796        0.00612956
0.8        0.00613006
0.804        0.00613057
0.808        0.00613108
0.812        0.0061316
0.816        0.00613213
0.82        0.00613266
0.824        0.0061332
0.828        0.00613375
0.832        0.00613431
0.836        0.00613487
0.84        0.00613544
0.844        0.00613601
0.848        0.00613659
0.852        0.00613718
0.856        0.00613777
0.86        0.00613837
0.864        0.00613898
0.868        0.0061396
0.872        0.00614022
0.876        0.00614084
0.88        0.00614148
0.884        0.00614211
0.888        0.00614276
0.892        0.00614341
0.896        0.00614407
0.9        0.00614473
0.904        0.0061454
0.908        0.00614608
0.912        0.00614676
0.916        0.00614745
0.92        0.00614814
0.924        0.00614884
0.928        0.00614955
0.932        0.00615026
0.936        0.00615097
0.94        0.0061517
0.944        0.00615242
0.948        0.00615316
0.952        0.0061539
0.956        0.00615464
0.96        0.00615539
0.964        0.00615615
0.968        0.00615691
0.972        0.00615767
0.976        0.00615844
0.98        0.00615922
0.984        0.00616
0.988        0.00616079
0.992        0.00616158
0.996        0.00616237
1        0.00616317
1.004        0.00616398
1.008        0.00616479
1.012        0.0061656
1.016        0.00616642
1.02        0.00616725
1.024        0.00616808
1.028        0.00616891
1.032        0.00616975
1.036        0.00617059
1.04        0.00617144
1.044        0.00617229
1.048        0.00617314
1.052        0.006174
1.056        0.00617486
1.06        0.00617573
1.064        0.0061766
1.068        0.00617748
1.072        0.00617835
1.076        0.00617924
1.08        0.00618012
1.084        0.00618101
1.088        0.0061819
1.092        0.0061828
1.096        0.0061837
1.1        0.0061846
1.104        0.00618551
1.108        0.00618642
1.112        0.00618733
1.116        0.00618825
1.12        0.00618917
1.124        0.00619009
1.128        0.00619101
1.132        0.00619194
1.136        0.00619287
1.14        0.0061938
1.144        0.00619474
1.148        0.00619568
1.152        0.00619662
1.156        0.00619756
1.16        0.0061985
1.164        0.00619945
1.168        0.0062004
1.172        0.00620135
1.176        0.0062023
1.18        0.00620326
1.184        0.00620422
1.188        0.00620518
1.192        0.00620614
1.196        0.0062071
1.2        0.00620806
1.204        0.00620903
1.208        0.00620999
1.212        0.00621096
1.216        0.00621193
1.22        0.0062129
1.224        0.00621387
1.228        0.00621485
1.232        0.00621582
1.236        0.00621679
1.24        0.00621777
1.244        0.00621875
1.248        0.00621972
1.252        0.0062207
1.256        0.00622168
1.26        0.00622266
1.264        0.00622364
1.268        0.00622462
1.272        0.0062256
1.276        0.00622658
1.28        0.00622756
1.284        0.00622854
1.288        0.00622952
1.292        0.0062305
1.296        0.00623148
1.3        0.00623246
1.304        0.00623344
1.308        0.00623442
1.312        0.00623539
1.316        0.00623637
1.32        0.00623735
1.324        0.00623833
1.328        0.0062393
1.332        0.00624028
1.336        0.00624126
1.34        0.00624223
1.344        0.0062432
1.348        0.00624418
1.352        0.00624515
1.356        0.00624612
1.36        0.00624709
1.364        0.00624806
1.368        0.00624902
1.372        0.00624999
1.376        0.00625096
1.38        0.00625192
1.384        0.00625288
1.388        0.00625384
1.392        0.0062548
1.396        0.00625576
1.4        0.00625672
1.404        0.00625767
1.408        0.00625862
1.412        0.00625957
1.416        0.00626052
1.42        0.00626147
1.424        0.00626242
1.428        0.00626336
1.432        0.00626431
1.436        0.00626525
1.44        0.00626619
1.444        0.00626712
1.448        0.00626806
1.452        0.00626899
1.456        0.00626992
1.46        0.00627085
1.464        0.00627178
1.468        0.0062727
1.472        0.00627363
1.476        0.00627455
1.48        0.00627547
1.484        0.00627638
1.488        0.0062773
1.492        0.00627821
1.496        0.00627912
1.5        0.00628003
1.504        0.00628094
1.508        0.00628184
1.512        0.00628274
1.516        0.00628365
1.52        0.00628454
1.524        0.00628544
1.528        0.00628633
1.532        0.00628723
1.536        0.00628812
1.54        0.006289
1.544        0.00628989
1.548        0.00629077
1.552        0.00629166
1.556        0.00629254
1.56        0.00629341
1.564        0.00629429
1.568        0.00629516
1.572        0.00629604
1.576        0.00629691
1.58        0.00629778
1.584        0.00629864
1.588        0.00629951
1.592        0.00630037
1.596        0.00630123
1.6        0.00630209
1.604        0.00630295
1.608        0.00630381
1.612        0.00630466
1.616        0.00630551
1.62        0.00630637
1.624        0.00630722
1.628        0.00630806
1.632        0.00630891
1.636        0.00630976
1.64        0.0063106
1.644        0.00631145
1.648        0.00631229
1.652        0.00631313
1.656        0.00631397
1.66        0.00631481
1.664        0.00631564
1.668        0.00631648
1.672        0.00631732
1.676        0.00631815
1.68        0.00631898
1.684        0.00631982
1.688        0.00632065
1.692        0.00632148
1.696        0.00632231
1.7        0.00632314
1.704        0.00632397
1.708        0.0063248
1.712        0.00632562
1.716        0.00632645
1.72        0.00632728
1.724        0.00632811
1.728        0.00632893
1.732        0.00632976
1.736        0.00633058
1.74        0.00633141
1.744        0.00633224
1.748        0.00633306
1.752        0.00633389
1.756        0.00633471
1.76        0.00633554
1.764        0.00633636
1.768        0.00633719
1.772        0.00633802
1.776        0.00633884
1.78        0.00633967
1.784        0.0063405
1.788        0.00634132
1.792        0.00634215
1.796        0.00634298
1.8        0.00634381
1.804        0.00634464
1.808        0.00634547
1.812        0.0063463
1.816        0.00634713
1.82        0.00634797
1.824        0.0063488
1.828        0.00634963
1.832        0.00635047
1.836        0.0063513
1.84        0.00635214
1.844        0.00635298
1.848        0.00635382
1.852        0.00635466
1.856        0.0063555
1.86        0.00635635
1.864        0.00635719
1.868        0.00635804
1.872        0.00635888
1.876        0.00635973
1.88        0.00636058
1.884        0.00636143
1.888        0.00636229
1.892        0.00636314
1.896        0.006364
1.9        0.00636485
1.904        0.00636571
1.908        0.00636657
1.912        0.00636744
1.916        0.0063683
1.92        0.00636917
1.924        0.00637004
1.928        0.00637091
1.932        0.00637178
1.936        0.00637265
1.94        0.00637353
1.944        0.00637441
1.948        0.00637528
1.952        0.00637617
1.956        0.00637705
1.96        0.00637794
1.964        0.00637882
1.968        0.00637971
1.972        0.00638061
1.976        0.0063815
1.98        0.0063824
1.984        0.0063833
1.988        0.0063842
1.992        0.0063851
1.996        0.00638601
2        0.00638691
2.004        0.00638782
2.008        0.00638874
2.012        0.00638965
2.016        0.00639057
2.02        0.00639149
2.024        0.00639241
2.028        0.00639334
2.032        0.00639426
2.036        0.00639519
2.04        0.00639613
2.044        0.00639706
2.048        0.006398
2.052        0.00639894
2.056        0.00639988
2.06        0.00640082
2.064        0.00640177
2.068        0.00640272
2.072        0.00640367
2.076        0.00640463
2.08        0.00640559
2.084        0.00640655
2.088        0.00640751
2.092        0.00640848
2.096        0.00640944
2.1        0.00641041
2.104        0.00641139
2.108        0.00641236
2.112        0.00641334
2.116        0.00641432
2.12        0.00641531
2.124        0.0064163
2.128        0.00641729
2.132        0.00641828
2.136        0.00641927
2.14        0.00642027
2.144        0.00642127
2.148        0.00642227
2.152        0.00642328
2.156        0.00642429
2.16        0.0064253
2.164        0.00642631
2.168        0.00642733
2.172        0.00642835
2.176        0.00642937
2.18        0.0064304
2.184        0.00643142
2.188        0.00643245
2.192        0.00643349
2.196        0.00643452
2.2        0.00643556
2.204        0.0064366
2.208        0.00643765
2.212        0.00643869
2.216        0.00643974
2.22        0.00644079
2.224        0.00644185
2.228        0.00644291
2.232        0.00644397
2.236        0.00644503
2.24        0.00644609
2.244        0.00644716
2.248        0.00644823
2.252        0.00644931
2.256        0.00645038
2.26        0.00645146
2.264        0.00645254
2.268        0.00645363
2.272        0.00645471
2.276        0.0064558
2.28        0.00645689
2.284        0.00645799
2.288        0.00645908
2.292        0.00646018
2.296        0.00646129
2.3        0.00646239
2.304        0.0064635
2.308        0.00646461
2.312        0.00646572
2.316        0.00646683
2.32        0.00646795
2.324        0.00646907
2.328        0.00647019
2.332        0.00647132
2.336        0.00647245
2.34        0.00647358
2.344        0.00647471
2.348        0.00647584
2.352        0.00647698
2.356        0.00647812
2.36        0.00647926
2.364        0.00648041
2.368        0.00648156
2.372        0.00648271
2.376        0.00648386
2.38        0.00648501
2.384        0.00648617
2.388        0.00648733
2.392        0.00648849
2.396        0.00648965
2.4        0.00649082
2.404        0.00649199
2.408        0.00649316
2.412        0.00649433
2.416        0.0064955
2.42        0.00649668
2.424        0.00649786
2.428        0.00649904
2.432        0.00650023
2.436        0.00650141
2.44        0.0065026
2.444        0.00650379
2.448        0.00650499
2.452        0.00650618
2.456        0.00650738
2.46        0.00650858
2.464        0.00650978
2.468        0.00651098
2.472        0.00651219
2.476        0.00651339
2.48        0.0065146
2.484        0.00651581
2.488        0.00651703
2.492        0.00651824
2.496        0.00651946
2.5        0.00652068
2.504        0.0065219
2.508        0.00652313
2.512        0.00652435
2.516        0.00652558
2.52        0.00652681
2.524        0.00652804
2.528        0.00652927
2.532        0.0065305
2.536        0.00653174
2.54        0.00653298
2.544        0.00653422
2.548        0.00653546
2.552        0.0065367
2.556        0.00653795
2.56        0.0065392
2.564        0.00654045
2.568        0.0065417
2.572        0.00654295
2.576        0.0065442
2.58        0.00654546
2.584        0.00654671
2.588        0.00654797
2.592        0.00654923
2.596        0.00655049
2.6        0.00655176
2.604        0.00655302
2.608        0.00655429
2.612        0.00655555
2.616        0.00655682
2.62        0.00655809
2.624        0.00655936
2.628        0.00656064
2.632        0.00656191
2.636        0.00656319
2.64        0.00656446
2.644        0.00656574
2.648        0.00656702
2.652        0.0065683
2.656        0.00656958
2.66        0.00657087
2.664        0.00657215
2.668        0.00657344
2.672        0.00657472
2.676        0.00657601
2.68        0.0065773
2.684        0.00657859
2.688        0.00657988
2.692        0.00658117
2.696        0.00658247
2.7        0.00658376
2.704        0.00658506
2.708        0.00658635
2.712        0.00658765
2.716        0.00658895
2.72        0.00659024
2.724        0.00659154
2.728        0.00659284
2.732        0.00659415
2.736        0.00659545
2.74        0.00659675
2.744        0.00659805
2.748        0.00659936
2.752        0.00660066
2.756        0.00660197
2.76        0.00660327
2.764        0.00660458
2.768        0.00660588
2.772        0.00660719
2.776        0.0066085
2.78        0.00660981
2.784        0.00661112
2.788        0.00661243
2.792        0.00661373
2.796        0.00661504
2.8        0.00661635
2.804        0.00661767
2.808        0.00661898
2.812        0.00662029
2.816        0.0066216
2.82        0.00662291
2.824        0.00662422
2.828        0.00662553
2.832        0.00662684
2.836        0.00662816
2.84        0.00662947
2.844        0.00663078
2.848        0.00663209
2.852        0.0066334
2.856        0.00663471
2.86        0.00663603
2.864        0.00663734
2.868        0.00663865
2.872        0.00663996
2.876        0.00664127
2.88        0.00664258
2.884        0.00664389
2.888        0.0066452
2.892        0.00664651
2.896        0.00664782
2.9        0.00664913
2.904        0.00665044
2.908        0.00665174
2.912        0.00665305
2.916        0.00665436
2.92        0.00665566
2.924        0.00665697
2.928        0.00665827
2.932        0.00665958
2.936        0.00666088
2.94        0.00666218
2.944        0.00666348
2.948        0.00666479
2.952        0.00666609
2.956        0.00666738
2.96        0.00666868
2.964        0.00666998
2.968        0.00667128
2.972        0.00667257
2.976        0.00667387
2.98        0.00667516
2.984        0.00667645
2.988        0.00667774
2.992        0.00667903
2.996        0.00668032
3        0.00668161
3.004        0.0066829
3.008        0.00668418
3.012        0.00668546
3.016        0.00668675
3.02        0.00668803
3.024        0.00668931
3.028        0.00669058
3.032        0.00669186
3.036        0.00669314
3.04        0.00669441
3.044        0.00669568
3.048        0.00669695
3.052        0.00669822
3.056        0.00669949
3.06        0.00670075
3.064        0.00670201
3.068        0.00670328
3.072        0.00670454
3.076        0.00670579
3.08        0.00670705
3.084        0.0067083
3.088        0.00670956
3.092        0.00671081
3.096        0.00671206
3.1        0.0067133
3.104        0.00671455
3.108        0.00671579
3.112        0.00671703
3.116        0.00671827
3.12        0.0067195
3.124        0.00672074
3.128        0.00672197
3.132        0.0067232
3.136        0.00672442
3.14        0.00672565
3.144        0.00672687
3.148        0.00672809
3.152        0.00672931
3.156        0.00673053
3.16        0.00673174
3.164        0.00673295
3.168        0.00673416
3.172        0.00673536
3.176        0.00673657
3.18        0.00673777
3.184        0.00673896
3.188        0.00674016
3.192        0.00674135
3.196        0.00674254
3.2        0.00674373
3.204        0.00674492
3.208        0.0067461
3.212        0.00674728
3.216        0.00674845
3.22        0.00674963
3.224        0.0067508
3.228        0.00675197
3.232        0.00675313
3.236        0.0067543
3.24        0.00675546
3.244        0.00675662
3.248        0.00675777
3.252        0.00675892
3.256        0.00676007
3.26        0.00676122
3.264        0.00676236
3.268        0.0067635
3.272        0.00676464
3.276        0.00676577
3.28        0.0067669
3.284        0.00676803
3.288        0.00676916
3.292        0.00677028
3.296        0.0067714
3.3        0.00677251
3.304        0.00677363
3.308        0.00677474
3.312        0.00677584
3.316        0.00677695
3.32        0.00677805
3.324        0.00677915
3.328        0.00678024
3.332        0.00678133
3.336        0.00678242
3.34        0.00678351
3.344        0.00678459
3.348        0.00678567
3.352        0.00678675
3.356        0.00678782
3.36        0.00678889
3.364        0.00678996
3.368        0.00679102
3.372        0.00679208
3.376        0.00679314
3.38        0.0067942
3.384        0.00679525
3.388        0.0067963
3.392        0.00679734
3.396        0.00679839
3.4        0.00679943
3.404        0.00680046
3.408        0.0068015
3.412        0.00680253
3.416        0.00680355
3.42        0.00680458
3.424        0.0068056
3.428        0.00680662
3.432        0.00680763
3.436        0.00680864
3.44        0.00680965
3.444        0.00681066
3.448        0.00681166
3.452        0.00681266
3.456        0.00681366
3.46        0.00681465
3.464        0.00681564
3.468        0.00681663
3.472        0.00681761
3.476        0.0068186
3.48        0.00681957
3.484        0.00682055
3.488        0.00682152
3.492        0.00682249
3.496        0.00682346
3.5        0.00682442
3.504        0.00682539
3.508        0.00682634
3.512        0.0068273
3.516        0.00682825
3.52        0.0068292
3.524        0.00683015
3.528        0.00683109
3.532        0.00683204
3.536        0.00683297
3.54        0.00683391
3.544        0.00683484
3.548        0.00683577
3.552        0.0068367
3.556        0.00683763
3.56        0.00683855
3.564        0.00683947
3.568        0.00684039
3.572        0.0068413
3.576        0.00684221
3.58        0.00684312
3.584        0.00684403
3.588        0.00684493
3.592        0.00684583
3.596        0.00684673
3.6        0.00684763
3.604        0.00684852
3.608        0.00684941
3.612        0.0068503
3.616        0.00685118
3.62        0.00685207
3.624        0.00685295
3.628        0.00685383
3.632        0.0068547
3.636        0.00685558
3.64        0.00685645
3.644        0.00685732
3.648        0.00685818
3.652        0.00685905
3.656        0.00685991
3.66        0.00686077
3.664        0.00686163
3.668        0.00686248
3.672        0.00686333
3.676        0.00686418
3.68        0.00686503
3.684        0.00686588
3.688        0.00686672
3.692        0.00686756
3.696        0.0068684
3.7        0.00686924
3.704        0.00687007
3.708        0.0068709
3.712        0.00687173
3.716        0.00687256
3.72        0.00687339
3.724        0.00687421
3.728        0.00687504
3.732        0.00687585
3.736        0.00687667
3.74        0.00687749
3.744        0.0068783
3.748        0.00687911
3.752        0.00687992
3.756        0.00688073
3.76        0.00688154
3.764        0.00688234
3.768        0.00688314
3.772        0.00688394
3.776        0.00688474
3.78        0.00688554
3.784        0.00688633
3.788        0.00688712
3.792        0.00688791
3.796        0.0068887
3.8        0.00688949
3.804        0.00689027
3.808        0.00689106
3.812        0.00689184
3.816        0.00689262
3.82        0.00689339
3.824        0.00689417
3.828        0.00689494
3.832        0.00689571
3.836        0.00689648
3.84        0.00689725
3.844        0.00689802
3.848        0.00689878
3.852        0.00689955
3.856        0.00690031
3.86        0.00690107
3.864        0.00690183
3.868        0.00690258
3.872        0.00690334
3.876        0.00690409
3.88        0.00690484
3.884        0.00690559
3.888        0.00690634
3.892        0.00690708
3.896        0.00690783
3.9        0.00690857
3.904        0.00690931
3.908        0.00691005
3.912        0.00691079
3.916        0.00691153
3.92        0.00691226
3.924        0.00691299
3.928        0.00691373
3.932        0.00691446
3.936        0.00691518
3.94        0.00691591
3.944        0.00691664
3.948        0.00691736
3.952        0.00691808
3.956        0.0069188
3.96        0.00691952
3.964        0.00692024
3.968        0.00692095
3.972        0.00692167
3.976        0.00692238
3.98        0.00692309
3.984        0.0069238
3.988        0.00692451
3.992        0.00692521
3.996        0.00692592
4        0.00692662
4.004        0.00692732
4.008        0.00692802
4.012        0.00692872
4.016        0.00692942
4.02        0.00693011
4.024        0.00693081
4.028        0.0069315
4.032        0.00693219
4.036        0.00693288
4.04        0.00693357
4.044        0.00693425
4.048        0.00693494
4.052        0.00693562
4.056        0.0069363
4.06        0.00693698
4.064        0.00693766
4.068        0.00693834
4.072        0.00693901
4.076        0.00693969
4.08        0.00694036
4.084        0.00694103
4.088        0.0069417
4.092        0.00694237
4.096        0.00694303
4.1        0.0069437
4.104        0.00694436
4.108        0.00694502
4.112        0.00694568
4.116        0.00694634
4.12        0.006947
4.124        0.00694765
4.128        0.00694831
4.132        0.00694896
4.136        0.00694961
4.14        0.00695026
4.144        0.00695091
4.148        0.00695155
4.152        0.0069522
4.156        0.00695284
4.16        0.00695348
4.164        0.00695412
4.168        0.00695476
4.172        0.0069554
4.176        0.00695603
4.18        0.00695667
4.184        0.0069573
4.188        0.00695793
4.192        0.00695856
4.196        0.00695918
4.2        0.00695981
4.204        0.00696043
4.208        0.00696106
4.212        0.00696168
4.216        0.0069623
4.22        0.00696291
4.224        0.00696353
4.228        0.00696414
4.232        0.00696476
4.236        0.00696537
4.24        0.00696598
4.244        0.00696658
4.248        0.00696719
4.252        0.00696779
4.256        0.0069684
4.26        0.006969
4.264        0.0069696
4.268        0.00697019
4.272        0.00697079
4.276        0.00697138
4.28        0.00697198
4.284        0.00697257
4.288        0.00697316
4.292        0.00697374
4.296        0.00697433
4.3        0.00697491
4.304        0.0069755
4.308        0.00697608
4.312        0.00697665
4.316        0.00697723
4.32        0.00697781
4.324        0.00697838
4.328        0.00697895
4.332        0.00697952
4.336        0.00698009
4.34        0.00698066
4.344        0.00698122
4.348        0.00698179
4.352        0.00698235
4.356        0.00698291
4.36        0.00698346
4.364        0.00698402
4.368        0.00698457
4.372        0.00698513
4.376        0.00698568
4.38        0.00698622
4.384        0.00698677
4.388        0.00698732
4.392        0.00698786
4.396        0.0069884
4.4        0.00698894
4.404        0.00698948
4.408        0.00699001
4.412        0.00699055
4.416        0.00699108
4.42        0.00699161
4.424        0.00699214
4.428        0.00699266
4.432        0.00699319
4.436        0.00699371
4.44        0.00699423
4.444        0.00699475
4.448        0.00699526
4.452        0.00699578
4.456        0.00699629
4.46        0.0069968
4.464        0.00699731
4.468        0.00699782
4.472        0.00699832
4.476        0.00699882
4.48        0.00699932
4.484        0.00699982
4.488        0.00700032
4.492        0.00700081
4.496        0.00700131
4.5        0.0070018
4.504        0.00700229
4.508        0.00700277
4.512        0.00700326
4.516        0.00700374
4.52        0.00700422
4.524        0.0070047
4.528        0.00700517
4.532        0.00700565
4.536        0.00700612
4.54        0.00700659
4.544        0.00700706
4.548        0.00700752
4.552        0.00700799
4.556        0.00700845
4.56        0.00700891
4.564        0.00700937
4.568        0.00700982
4.572        0.00701027
4.576        0.00701073
4.58        0.00701117
4.584        0.00701162
4.588        0.00701206
4.592        0.00701251
4.596        0.00701295
4.6        0.00701338
4.604        0.00701382
4.608        0.00701425
4.612        0.00701468
4.616        0.00701511
4.62        0.00701554
4.624        0.00701596
4.628        0.00701639
4.632        0.00701681
4.636        0.00701722
4.64        0.00701764
4.644        0.00701805
4.648        0.00701846
4.652        0.00701887
4.656        0.00701928
4.66        0.00701968
4.664        0.00702008
4.668        0.00702048
4.672        0.00702088
4.676        0.00702127
4.68        0.00702166
4.684        0.00702205
4.688        0.00702244
4.692        0.00702282
4.696        0.00702321
4.7        0.00702359
4.704        0.00702396
4.708        0.00702434
4.712        0.00702471
4.716        0.00702508
4.72        0.00702545
4.724        0.00702581
4.728        0.00702618
4.732        0.00702654
4.736        0.00702689
4.74        0.00702725
4.744        0.0070276
4.748        0.00702795
4.752        0.0070283
4.756        0.00702865
4.76        0.00702899
4.764        0.00702933
4.768        0.00702967
4.772        0.00703
4.776        0.00703033
4.78        0.00703066
4.784        0.00703099
4.788        0.00703132
4.792        0.00703164
4.796        0.00703196
4.8        0.00703227
4.804        0.00703259
4.808        0.0070329
4.812        0.00703321
4.816        0.00703352
4.82        0.00703382
4.824        0.00703412
4.828        0.00703442
4.832        0.00703471
4.836        0.00703501
4.84        0.0070353
4.844        0.00703558
4.848        0.00703587
4.852        0.00703615
4.856        0.00703643
4.86        0.0070367
4.864        0.00703698
4.868        0.00703725
4.872        0.00703752
4.876        0.00703778
4.88        0.00703804
4.884        0.0070383
4.888        0.00703856
4.892        0.00703881
4.896        0.00703906
4.9        0.00703931
4.904        0.00703956
4.908        0.0070398
4.912        0.00704004
4.916        0.00704027
4.92        0.00704051
4.924        0.00704074
4.928        0.00704097
4.932        0.00704119
4.936        0.00704141
4.94        0.00704163
4.944        0.00704185
4.948        0.00704206
4.952        0.00704227
4.956        0.00704248
4.96        0.00704268
4.964        0.00704288
4.968        0.00704308
4.972        0.00704327
4.976        0.00704346
4.98        0.00704365
4.984        0.00704384
4.988        0.00704402
4.992        0.0070442
4.996        0.00704437
5        0.00704454
5.004        0.00704471
5.008        0.00704488
5.012        0.00704504
5.016        0.0070452
5.02        0.00704536
5.024        0.00704551
5.028        0.00704566
5.032        0.00704581
5.036        0.00704595
5.04        0.00704609
5.044        0.00704623
5.048        0.00704637
5.052        0.0070465
5.056        0.00704662
5.06        0.00704675
5.064        0.00704687
5.068        0.00704699
5.072        0.0070471
5.076        0.00704721
5.08        0.00704732
5.084        0.00704742
5.088        0.00704752
5.092        0.00704762
5.096        0.00704771
5.1        0.0070478
5.104        0.00704789
5.108        0.00704797
5.112        0.00704805
5.116        0.00704813
5.12        0.0070482
5.124        0.00704827
5.128        0.00704834
5.132        0.0070484
5.136        0.00704846
5.14        0.00704851
5.144        0.00704857
5.148        0.00704861
5.152        0.00704866
5.156        0.0070487
5.16        0.00704874
5.164        0.00704877
5.168        0.0070488
5.172        0.00704883
5.176        0.00704885
5.18        0.00704887
5.184        0.00704888
5.188        0.00704889
5.192        0.0070489
5.196        0.00704891
5.2        0.00704891
5.204        0.0070489
5.208        0.0070489
5.212        0.00704889
5.216        0.00704887
5.22        0.00704885
5.224        0.00704883
5.228        0.0070488
5.232        0.00704877
5.236        0.00704874
5.24        0.0070487
5.244        0.00704866
5.248        0.00704862
5.252        0.00704857
5.256        0.00704851
5.26        0.00704846
5.264        0.0070484
5.268        0.00704833
5.272        0.00704826
5.276        0.00704819
5.28        0.00704811
5.284        0.00704803
5.288        0.00704795
5.292        0.00704786
5.296        0.00704777
5.3        0.00704767
5.304        0.00704757
5.308        0.00704747
5.312        0.00704736
5.316        0.00704724
5.32        0.00704713
5.324        0.00704701
5.328        0.00704688
5.332        0.00704675
5.336        0.00704662
5.34        0.00704648
5.344        0.00704634
5.348        0.0070462
5.352        0.00704605
5.356        0.00704589
5.36        0.00704573
5.364        0.00704557
5.368        0.00704541
5.372        0.00704524
5.376        0.00704506
5.38        0.00704488
5.384        0.0070447
5.388        0.00704451
5.392        0.00704432
5.396        0.00704412
5.4        0.00704392
5.404        0.00704372
5.408        0.00704351
5.412        0.0070433
5.416        0.00704308
5.42        0.00704286
5.424        0.00704264
5.428        0.00704241
5.432        0.00704217
5.436        0.00704193
5.44        0.00704169
5.444        0.00704144
5.448        0.00704119
5.452        0.00704094
5.456        0.00704068
5.46        0.00704041
5.464        0.00704014
5.468        0.00703987
5.472        0.00703959
5.476        0.00703931
5.48        0.00703902
5.484        0.00703873
5.488        0.00703844
5.492        0.00703814
5.496        0.00703784
5.5        0.00703753
5.504        0.00703722
5.508        0.0070369
5.512        0.00703658
5.516        0.00703625
5.52        0.00703592
5.524        0.00703559
5.528        0.00703525
5.532        0.00703491
5.536        0.00703456
5.54        0.00703421
5.544        0.00703385
5.548        0.00703349
5.552        0.00703313
5.556        0.00703276
5.56        0.00703238
5.564        0.007032
5.568        0.00703162
5.572        0.00703123
5.576        0.00703084
5.58        0.00703045
5.584        0.00703005
5.588        0.00702964
5.592        0.00702923
5.596        0.00702882
5.6        0.0070284
5.604        0.00702798
5.608        0.00702755
5.612        0.00702712
5.616        0.00702669
5.62        0.00702625
5.624        0.0070258
5.628        0.00702535
5.632        0.0070249
5.636        0.00702444
5.64        0.00702398
5.644        0.00702352
5.648        0.00702305
5.652        0.00702257
5.656        0.00702209
5.66        0.00702161
5.664        0.00702112
5.668        0.00702063
5.672        0.00702014
5.676        0.00701963
5.68        0.00701913
5.684        0.00701862
5.688        0.00701811
5.692        0.00701759
5.696        0.00701707
5.7        0.00701654
5.704        0.00701601
5.708        0.00701548
5.712        0.00701494
5.716        0.00701439
5.72        0.00701385
5.724        0.0070133
5.728        0.00701274
5.732        0.00701218
5.736        0.00701162
5.74        0.00701105
5.744        0.00701047
5.748        0.0070099
5.752        0.00700932
5.756        0.00700873
5.76        0.00700814
5.764        0.00700755
5.768        0.00700695
5.772        0.00700635
5.776        0.00700574
5.78        0.00700513
5.784        0.00700452
5.788        0.0070039
5.792        0.00700328
5.796        0.00700266
5.8        0.00700203
5.804        0.00700139
5.808        0.00700075
5.812        0.00700011
5.816        0.00699947
5.82        0.00699882
5.824        0.00699816
5.828        0.0069975
5.832        0.00699684
5.836        0.00699618
5.84        0.00699551
5.844        0.00699483
5.848        0.00699416
5.852        0.00699348
5.856        0.00699279
5.86        0.0069921
5.864        0.00699141
5.868        0.00699071
5.872        0.00699001
5.876        0.00698931
5.88        0.0069886
5.884        0.00698789
5.888        0.00698717
5.892        0.00698646
5.896        0.00698573
5.9        0.00698501
5.904        0.00698428
5.908        0.00698354
5.912        0.0069828
5.916        0.00698206
5.92        0.00698132
5.924        0.00698057
5.928        0.00697982
5.932        0.00697906
5.936        0.0069783
5.94        0.00697754
5.944        0.00697678
5.948        0.00697601
5.952        0.00697523
5.956        0.00697446
5.96        0.00697368
5.964        0.00697289
5.968        0.00697211
5.972        0.00697132
5.976        0.00697052
5.98        0.00696972
5.984        0.00696892
5.988        0.00696812
5.992        0.00696731
5.996        0.0069665
6        0.00696569
6.004        0.00696487
6.008        0.00696405
6.012        0.00696323
6.016        0.0069624
6.02        0.00696157
6.024        0.00696074
6.028        0.0069599
6.032        0.00695906
6.036        0.00695822
6.04        0.00695737
6.044        0.00695652
6.048        0.00695567
6.052        0.00695481
6.056        0.00695395
6.06        0.00695309
6.064        0.00695223
6.068        0.00695136
6.072        0.00695049
6.076        0.00694961
6.08        0.00694874
6.084        0.00694786
6.088        0.00694697
6.092        0.00694609
6.096        0.0069452
6.1        0.00694431
6.104        0.00694341
6.108        0.00694251
6.112        0.00694161
6.116        0.00694071
6.12        0.0069398
6.124        0.00693889
6.128        0.00693798
6.132        0.00693707
6.136        0.00693615
6.14        0.00693523
6.144        0.00693431
6.148        0.00693338
6.152        0.00693245
6.156        0.00693152
6.16        0.00693059
6.164        0.00692965
6.168        0.00692871
6.172        0.00692777
6.176        0.00692682
6.18        0.00692588
6.184        0.00692492
6.188        0.00692397
6.192        0.00692302
6.196        0.00692206
6.2        0.0069211
6.204        0.00692014
6.208        0.00691917
6.212        0.0069182
6.216        0.00691723
6.22        0.00691626
6.224        0.00691528
6.228        0.0069143
6.232        0.00691332
6.236        0.00691234
6.24        0.00691135
6.244        0.00691037
6.248        0.00690938
6.252        0.00690838
6.256        0.00690739
6.26        0.00690639
6.264        0.00690539
6.268        0.00690439
6.272        0.00690338
6.276        0.00690238
6.28        0.00690137
6.284        0.00690036
6.288        0.00689934
6.292        0.00689833
6.296        0.00689731
6.3        0.00689629
6.304        0.00689527
6.308        0.00689424
6.312        0.00689321
6.316        0.00689218
6.32        0.00689115
6.324        0.00689012
6.328        0.00688908
6.332        0.00688804
6.336        0.006887
6.34        0.00688596
6.344        0.00688492
6.348        0.00688387
6.352        0.00688282
6.356        0.00688177
6.36        0.00688072
6.364        0.00687966
6.368        0.00687861
6.372        0.00687755
6.376        0.00687649
6.38        0.00687542
6.384        0.00687436
6.388        0.00687329
6.392        0.00687222
6.396        0.00687115
6.4        0.00687008
6.404        0.006869
6.408        0.00686793
6.412        0.00686685
6.416        0.00686577
6.42        0.00686469
6.424        0.0068636
6.428        0.00686252
6.432        0.00686143
6.436        0.00686034
6.44        0.00685925
6.444        0.00685815
6.448        0.00685706
6.452        0.00685596
6.456        0.00685486
6.46        0.00685376
6.464        0.00685266
6.468        0.00685155
6.472        0.00685045
6.476        0.00684934
6.48        0.00684823
6.484        0.00684712
6.488        0.006846
6.492        0.00684489
6.496        0.00684377
6.5        0.00684265
6.504        0.00684153
6.508        0.00684041
6.512        0.00683929
6.516        0.00683816
6.52        0.00683704
6.524        0.00683591
6.528        0.00683478
6.532        0.00683365
6.536        0.00683251
6.54        0.00683138
6.544        0.00683024
6.548        0.0068291
6.552        0.00682796
6.556        0.00682682
6.56        0.00682568
6.564        0.00682453
6.568        0.00682339
6.572        0.00682224
6.576        0.00682109
6.58        0.00681994
6.584        0.00681879
6.588        0.00681764
6.592        0.00681648
6.596        0.00681532
6.6        0.00681417
6.604        0.00681301
6.608        0.00681185
6.612        0.00681068
6.616        0.00680952
6.62        0.00680835
6.624        0.00680719
6.628        0.00680602
6.632        0.00680485
6.636        0.00680368
6.64        0.00680251
6.644        0.00680133
6.648        0.00680016
6.652        0.00679898
6.656        0.0067978
6.66        0.00679662
6.664        0.00679544
6.668        0.00679426
6.672        0.00679308
6.676        0.00679189
6.68        0.00679071
6.684        0.00678952
6.688        0.00678833
6.692        0.00678714
6.696        0.00678595
6.7        0.00678476
6.704        0.00678357
6.708        0.00678237
6.712        0.00678117
6.716        0.00677998
6.72        0.00677878
6.724        0.00677758
6.728        0.00677638
6.732        0.00677518
6.736        0.00677397
6.74        0.00677277
6.744        0.00677156
6.748        0.00677035
6.752        0.00676915
6.756        0.00676794
6.76        0.00676673
6.764        0.00676551
6.768        0.0067643
6.772        0.00676309
6.776        0.00676187
6.78        0.00676066
6.784        0.00675944
6.788        0.00675822
6.792        0.006757
6.796        0.00675578
6.8        0.00675456
6.804        0.00675333
6.808        0.00675211
6.812        0.00675088
6.816        0.00674966
6.82        0.00674843
6.824        0.0067472
6.828        0.00674597
6.832        0.00674474
6.836        0.00674351
6.84        0.00674228
6.844        0.00674105
6.848        0.00673981
6.852        0.00673858
6.856        0.00673734
6.86        0.0067361
6.864        0.00673486
6.868        0.00673362
6.872        0.00673238
6.876        0.00673114
6.88        0.0067299
6.884        0.00672866
6.888        0.00672741
6.892        0.00672617
6.896        0.00672492
6.9        0.00672367
6.904        0.00672243
6.908        0.00672118
6.912        0.00671993
6.916        0.00671868
6.92        0.00671743
6.924        0.00671617
6.928        0.00671492
6.932        0.00671367
6.936        0.00671241
6.94        0.00671115
6.944        0.0067099
6.948        0.00670864
6.952        0.00670738
6.956        0.00670612
6.96        0.00670486
6.964        0.0067036
6.968        0.00670234
6.972        0.00670108
6.976        0.00669981
6.98        0.00669855
6.984        0.00669728
6.988        0.00669602
6.992        0.00669475
6.996        0.00669348
