Velocity-Verlet algorithm (2D)
earth (x, y, vx, vy)
Timestep: 4 years

1        0        0        6.28319        
1        0.0172142        -0.0537618        6.28225        
0.999705        0.0344233        -0.161245        6.27946        
0.999116        0.0516222        -0.268633        6.27481        
0.998233        0.0688058        -0.375891        6.2683        
0.997057        0.0859691        -0.482989        6.25994        
0.995587        0.103107        -0.589895        6.24974        
0.993824        0.120214        -0.696577        6.23769        
0.99177        0.137286        -0.803003        6.2238        
0.989424        0.154317        -0.909142        6.20808        
0.986788        0.171303        -1.01496        6.19054        
0.983863        0.188238        -1.12043        6.17117        
0.980649        0.205118        -1.22552        6.15        
0.977148        0.221937        -1.3302        6.12702        
0.97336        0.23869        -1.43444        6.10225        
0.969288        0.255374        -1.5382        6.0757        
0.964932        0.271982        -1.64146        6.04737        
0.960294        0.28851        -1.74418        6.01727        
0.955375        0.304953        -1.84635        5.98542        
0.950177        0.321307        -1.94792        5.95183        
0.944701        0.337566        -2.04887        5.9165        
0.93895        0.353726        -2.14917        5.87946        
0.932925        0.369782        -2.24879        5.8407        
0.926628        0.38573        -2.3477        5.80026        
0.920061        0.401564        -2.44588        5.75813        
0.913226        0.417281        -2.54329        5.71434        
0.906125        0.432876        -2.63991        5.6689        
0.89876        0.448344        -2.73571        5.62182        
0.891135        0.46368        -2.83066        5.57312        
0.88325        0.478881        -2.92475        5.52282        
0.875109        0.493942        -3.01793        5.47093        
0.866713        0.508859        -3.11018        5.41746        
0.858067        0.523627        -3.20149        5.36244        
0.849171        0.538242        -3.29182        5.30588        
0.840029        0.5527        -3.38114        5.2478        
0.830644        0.566997        -3.46944        5.18823        
0.821019        0.581129        -3.55669        5.12716        
0.811156        0.595091        -3.64286        5.06464        
0.801058        0.60888        -3.72793        5.00067        
0.790728        0.622492        -3.81188        4.93527        
0.780171        0.635923        -3.89469        4.86848        
0.769388        0.649169        -3.97633        4.80029        
0.758383        0.662226        -4.05678        4.73075        
0.747159        0.675091        -4.13601        4.65986        
0.73572        0.687759        -4.21401        4.58765        
0.724068        0.700229        -4.29076        4.51415        
0.712209        0.712495        -4.36624        4.43937        
0.700144        0.724554        -4.44041        4.36333        
0.687878        0.736403        -4.51328        4.28606        
0.675413        0.748039        -4.58481        4.20758        
0.662755        0.759458        -4.65498        4.12792        
0.649907        0.770658        -4.72378        4.04709        
0.636872        0.781634        -4.79119        3.96513        
0.623654        0.792385        -4.8572        3.88205        
0.610257        0.802906        -4.92177        3.79788        
0.596685        0.813195        -4.98491        3.71265        
0.582942        0.823249        -5.04658        3.62637        
0.569032        0.833065        -5.10678        3.53908        
0.55496        0.842641        -5.16549        3.4508        
0.540728        0.851974        -5.22269        3.36155        
0.526342        0.861061        -5.27837        3.27136        
0.511806        0.869899        -5.33251        3.18026        
0.497123        0.878487        -5.38511        3.08826        
0.482298        0.886821        -5.43614        2.99541        
0.467336        0.8949        -5.48559        2.90172        
0.45224        0.902721        -5.53345        2.80721        
0.437016        0.910282        -5.57971        2.71193        
0.421667        0.917581        -5.62435        2.61588        
0.406197        0.924616        -5.66737        2.51911        
0.390613        0.931384        -5.70875        2.42163        
0.374917        0.937885        -5.74849        2.32348        
0.359114        0.944116        -5.78656        2.22468        
0.343209        0.950075        -5.82297        2.12526        
0.327207        0.955761        -5.8577        2.02524        
0.311112        0.961172        -5.89075        1.92466        
0.294929        0.966307        -5.9221        1.82354        
0.278663        0.971164        -5.95174        1.72191        
0.262317        0.975742        -5.97968        1.61979        
0.245897        0.98004        -6.0059        1.51722        
0.229408        0.984056        -6.03039        1.41423        
0.212854        0.987789        -6.05315        1.31083        
0.19624        0.991238        -6.07418        1.20707        
0.179571        0.994403        -6.09346        1.10296        
0.162851        0.997282        -6.111        0.998536        
0.146086        0.999874        -6.12678        0.893828        
0.12928        1.00218        -6.1408        0.788863        
0.112438        1.0042        -6.15307        0.68367        
0.0955643        1.00593        -6.16357        0.578277        
0.0786647        1.00737        -6.1723        0.472711        
0.0617435        1.00852        -6.17926        0.367003        
0.0448057        1.00938        -6.18445        0.261181        
0.0278561        1.00995        -6.18787        0.155273        
0.0108996        1.01023        -6.18951        0.0493072        
-0.00605899        1.01022        -6.18937        -0.0566867        
-0.0230148        1.00992        -6.18746        -0.16268        
-0.0399629        1.00933        -6.18377        -0.268645        
-0.0568985        1.00844        -6.17831        -0.374552        
-0.0738166        1.00727        -6.17107        -0.480373        
-0.0907125        1.00581        -6.16205        -0.586079        
-0.107581        1.00406        -6.15126        -0.691642        
-0.124418        1.00202        -6.1387        -0.797033        
-0.141218        0.999695        -6.12437        -0.902223        
-0.157976        0.997079        -6.10828        -1.00718        
-0.174688        0.994176        -6.09042        -1.11189        
-0.191348        0.990986        -6.07081        -1.2163        
-0.207953        0.987511        -6.04944        -1.32041        
-0.224496        0.983751        -6.02632        -1.42416        
-0.240974        0.979708        -6.00145        -1.52755        
-0.257381        0.975381        -5.97484        -1.63054        
-0.273713        0.970773        -5.9465        -1.7331        
-0.289964        0.965885        -5.91644        -1.8352        
-0.306131        0.960717        -5.88465        -1.93682        
-0.322209        0.955272        -5.85114        -2.03793        
-0.338192        0.949551        -5.81593        -2.1385        
-0.354077        0.943554        -5.77902        -2.2385        
-0.369858        0.937285        -5.74041        -2.3379        
-0.385531        0.930744        -5.70013        -2.43668        
-0.401092        0.923933        -5.65817        -2.53481        
-0.416535        0.916854        -5.61455        -2.63226        
-0.431856        0.90951        -5.56927        -2.72901        
-0.447052        0.901901        -5.52235        -2.82502        
-0.462116        0.89403        -5.47379        -2.92027        
-0.477045        0.8859        -5.42362        -3.01473        
-0.491834        0.877511        -5.37183        -3.10838        
-0.50648        0.868867        -5.31845        -3.20119        
-0.520977        0.85997        -5.26347        -3.29313        
-0.535321        0.850823        -5.20693        -3.38418        
-0.549508        0.841427        -5.14883        -3.47431        
-0.563533        0.831785        -5.08917        -3.56349        
-0.577394        0.821901        -5.02799        -3.65169        
-0.591084        0.811776        -4.96529        -3.7389        
-0.604601        0.801414        -4.90108        -3.82509        
-0.617939        0.790817        -4.83539        -3.91022        
-0.631096        0.779988        -4.76823        -3.99428        
-0.644067        0.76893        -4.6996        -4.07724        
-0.656847        0.757647        -4.62954        -4.15907        
-0.669434        0.746141        -4.55806        -4.23976        
-0.681823        0.734415        -4.48517        -4.31926        
-0.69401        0.722474        -4.41089        -4.39757        
-0.705992        0.710319        -4.33524        -4.47466        
-0.717765        0.697955        -4.25825        -4.5505        
-0.729325        0.685385        -4.17992        -4.62507        
-0.740669        0.672612        -4.10027        -4.69834        
-0.751792        0.659641        -4.01934        -4.7703        
-0.762692        0.646474        -3.93713        -4.84091        
-0.773366        0.633115        -3.85367        -4.91016        
-0.783808        0.619569        -3.76898        -4.97803        
-0.794017        0.605838        -3.68308        -5.04449        
-0.80399        0.591928        -3.59599        -5.10952        
-0.813721        0.577841        -3.50773        -5.17309        
-0.82321        0.563582        -3.41833        -5.2352        
-0.832452        0.549155        -3.32781        -5.29581        
-0.841445        0.534564        -3.2362        -5.3549        
-0.850185        0.519813        -3.14351        -5.41246        
-0.858669        0.504906        -3.04978        -5.46846        
-0.866896        0.489849        -2.95501        -5.52289        
-0.874861        0.474644        -2.85926        -5.57572        
-0.882563        0.459297        -2.76252        -5.62694        
-0.889998        0.443811        -2.66484        -5.67653        
-0.897165        0.428192        -2.56624        -5.72447        
-0.90406        0.412444        -2.46674        -5.77073        
-0.910681        0.396572        -2.36637        -5.81531        
-0.917026        0.38058        -2.26516        -5.85818        
-0.923093        0.364472        -2.16314        -5.89934        
-0.928879        0.348255        -2.06033        -5.93875        
-0.934382        0.331931        -1.95677        -5.97642        
-0.939601        0.315507        -1.85247        -6.01231        
-0.944533        0.298987        -1.74748        -6.04642        
-0.949176        0.282376        -1.64182        -6.07872        
-0.953529        0.265679        -1.53551        -6.10922        
-0.95759        0.248901        -1.4286        -6.13788        
-0.961357        0.232047        -1.32111        -6.16471        
-0.964829        0.215122        -1.21307        -6.18967        
-0.968004        0.198131        -1.10451        -6.21278        
-0.970881        0.181079        -0.995461        -6.234        
-0.973459        0.163972        -0.88596        -6.25333        
-0.975736        0.146814        -0.776037        -6.27076        
-0.977711        0.129612        -0.665723        -6.28628        
-0.979384        0.112369        -0.555052        -6.29987        
-0.980752        0.0950917        -0.444056        -6.31154        
-0.981817        0.0777851        -0.332769        -6.32126        
-0.982576        0.0604546        -0.221223        -6.32903        
-0.983029        0.0431055        -0.109454        -6.33485        
-0.983176        0.0257431        0.00250616        -6.3387        
-0.983015        0.0083729        0.114622        -6.34058        
-0.982547        -0.00899977        0.226859        -6.34048        
-0.981772        -0.0263695        0.339183        -6.3384        
-0.980689        -0.0437307        0.451559        -6.33433        
-0.979298        -0.0610781        0.563951        -6.32827        
-0.977599        -0.0784062        0.676325        -6.32021        
-0.975592        -0.0957094        0.788644        -6.31016        
-0.973277        -0.112982        0.900873        -6.2981        
-0.970656        -0.13022        1.01298        -6.28404        
-0.967727        -0.147416        1.12492        -6.26797        
-0.964492        -0.164565        1.23666        -6.2499        
-0.960951        -0.181662        1.34817        -6.22983        
-0.957104        -0.198701        1.45941        -6.20775        
-0.952954        -0.215677        1.57034        -6.18366        
-0.9485        -0.232584        1.68092        -6.15758        
-0.943743        -0.249417        1.79112        -6.1295        
-0.938686        -0.26617        1.90091        -6.09942        
-0.933327        -0.282838        2.01024        -6.06736        
-0.927671        -0.299416        2.11908        -6.03331        
-0.921716        -0.315897        2.22739        -5.99728        
-0.915466        -0.332278        2.33513        -5.95927        
-0.908921        -0.348551        2.44228        -5.9193        
-0.902083        -0.364712        2.54878        -5.87738        
-0.894955        -0.380756        2.6546        -5.8335        
-0.887538        -0.396677        2.75971        -5.78768        
-0.879833        -0.412469        2.86407        -5.73994        
-0.871844        -0.428128        2.96764        -5.69027        
-0.863572        -0.443649        3.07039        -5.6387        
-0.85502        -0.459025        3.17228        -5.58523        
-0.84619        -0.474253        3.27326        -5.52987        
-0.837084        -0.489326        3.37332        -5.47265        
-0.827706        -0.50424        3.4724        -5.41358        
-0.818057        -0.518989        3.57048        -5.35266        
-0.808142        -0.53357        3.66752        -5.28993        
-0.797961        -0.547975        3.76348        -5.22538        
-0.78752        -0.562202        3.85833        -5.15905        
-0.77682        -0.576244        3.95202        -5.09095        
-0.765865        -0.590097        4.04454        -5.0211        
-0.754658        -0.603757        4.13584        -4.94952        
-0.743203        -0.617218        4.22588        -4.87622        
-0.731502        -0.630476        4.31464        -4.80124        
-0.719561        -0.643526        4.40208        -4.72459        
-0.707381        -0.656364        4.48817        -4.6463        
-0.694968        -0.668985        4.57287        -4.56638        
-0.682325        -0.681385        4.65615        -4.48487        
-0.669455        -0.69356        4.73798        -4.40179        
-0.656363        -0.705505        4.81833        -4.31716        
-0.643053        -0.717216        4.89717        -4.23102        
-0.629529        -0.728688        4.97446        -4.14338        
-0.615796        -0.739919        5.05018        -4.05427        
-0.601857        -0.750904        5.12429        -3.96373        
-0.587717        -0.761638        5.19677        -3.87179        
-0.573382        -0.772119        5.26759        -3.77847        
-0.558854        -0.782342        5.33671        -3.6838        
-0.544139        -0.792304        5.40412        -3.58782        
-0.529242        -0.802001        5.46978        -3.49055        
-0.514168        -0.811431        5.53367        -3.39204        
-0.498921        -0.820588        5.59576        -3.29231        
-0.483506        -0.829471        5.65603        -3.19139        
-0.467929        -0.838075        5.71445        -3.08933        
-0.452194        -0.846398        5.771        -2.98615        
-0.436307        -0.854438        5.82566        -2.88189        
-0.420273        -0.86219        5.8784        -2.77659        
-0.404097        -0.869652        5.9292        -2.67029        
-0.387784        -0.876821        5.97804        -2.56301        
-0.37134        -0.883696        6.02491        -2.45481        
-0.354771        -0.890272        6.06977        -2.34571        
-0.338081        -0.896549        6.11262        -2.23575        
-0.321277        -0.902523        6.15343        -2.12498        
-0.304364        -0.908193        6.19219        -2.01344        
-0.287347        -0.913556        6.22887        -1.90115        
-0.270233        -0.91861        6.26348        -1.78817        
-0.253027        -0.923354        6.29599        -1.67454        
-0.235734        -0.927785        6.32638        -1.56029        
-0.218362        -0.931903        6.35465        -1.44546        
-0.200914        -0.935706        6.38078        -1.33011        
-0.183398        -0.939192        6.40477        -1.21426        
-0.16582        -0.942359        6.42659        -1.09797        
-0.148184        -0.945208        6.44625        -0.981273        
-0.130498        -0.947736        6.46374        -0.864212        
-0.112766        -0.949943        6.47904        -0.746831        
-0.0949963        -0.951828        6.49215        -0.629173        
-0.0771931        -0.953391        6.50306        -0.511282        
-0.059363        -0.95463        6.51177        -0.393201        
-0.0415121        -0.955545        6.51829        -0.274974        
-0.0236464        -0.956137        6.52259        -0.156643        
-0.00577192        -0.956404        6.52469        -0.0382525        
0.0121053        -0.956346        6.52457        0.0801536        
0.0299792        -0.955964        6.52225        0.198532        
0.0478437        -0.955258        6.51772        0.316838        
0.0656927        -0.954228        6.51099        0.435029        
0.0835203        -0.952875        6.50205        0.553062        
0.10132        -0.951198        6.49091        0.670891        
0.119087        -0.949198        6.47758        0.788475        
0.136814        -0.946877        6.46206        0.90577        
0.154495        -0.944235        6.44436        1.02273        
0.172125        -0.941273        6.42448        1.13932        
0.189698        -0.937993        6.40244        1.25549        
0.207207        -0.934394        6.37824        1.37119        
0.224647        -0.930479        6.3519        1.4864        
0.242012        -0.926249        6.32342        1.60105        
0.259296        -0.921706        6.29283        1.71513        
0.276494        -0.916851        6.26012        1.82857        
0.293598        -0.911687        6.22532        1.94134        
0.310605        -0.906214        6.18844        2.0534        
0.327508        -0.900435        6.14949        2.16471        
0.344301        -0.894353        6.1085        2.27523        
0.360979        -0.887968        6.06548        2.38491        
0.377536        -0.881285        6.02045        2.49373        
0.393968        -0.874304        5.97343        2.60163        
0.410267        -0.867029        5.92443        2.70859        
0.42643        -0.859462        5.87348        2.81457        
0.442451        -0.851607        5.82061        2.91952        
0.458324        -0.843465        5.76583        3.02341        
0.474044        -0.83504        5.70916        3.1262        
0.489607        -0.826335        5.65064        3.22787        
0.505007        -0.817353        5.59027        3.32836        
0.520239        -0.808097        5.5281        3.42766        
0.535298        -0.798571        5.46415        3.52572        
0.550179        -0.788778        5.39844        3.62251        
0.564878        -0.778722        5.33099        3.718        
0.57939        -0.768406        5.26185        3.81216        
0.59371        -0.757834        5.19103        3.90495        
0.607834        -0.747009        5.11857        3.99635        
0.621757        -0.735936        5.0445        4.08633        
0.635475        -0.724618        4.96884        4.17485        
0.648984        -0.71306        4.89163        4.26188        
0.662279        -0.701265        4.81289        4.34741        
0.675356        -0.689238        4.73267        4.4314        
0.688211        -0.676984        4.65099        4.51383        
0.700841        -0.664505        4.56789        4.59467        
0.713241        -0.651807        4.48339        4.67389        
0.725407        -0.638895        4.39754        4.75148        
0.737337        -0.625772        4.31037        4.82741        
0.749026        -0.612443        4.22191        4.90165        
0.76047        -0.598913        4.13219        4.97419        
0.771668        -0.585187        4.04126        5.04501        
0.782614        -0.57127        3.94914        5.11407        
0.793307        -0.557165        3.85588        5.18138        
0.803742        -0.542878        3.7615        5.2469        
0.813918        -0.528415        3.66606        5.31062        
0.82383        -0.513779        3.56957        5.37252        
0.833477        -0.498976        3.47209        5.43259        
0.842856        -0.484012        3.37364        5.49082        
0.851963        -0.46889        3.27427        5.54718        
0.860797        -0.453616        3.174        5.60166        
0.869355        -0.438196        3.07289        5.65426        
0.877634        -0.422634        2.97096        5.70495        
0.885634        -0.406936        2.86826        5.75374        
0.893351        -0.391106        2.76482        5.8006        
0.900784        -0.375152        2.66068        5.84553        
0.90793        -0.359076        2.55588        5.88852        
0.914788        -0.342886        2.45045        5.92957        
0.921357        -0.326585        2.34444        5.96866        
0.927635        -0.310181        2.23788        6.00579        
0.93362        -0.293677        2.13081        6.04095        
0.93931        -0.27708        2.02327        6.07415        
0.944706        -0.260394        1.9153        6.10537        
0.949805        -0.243626        1.80692        6.13461        
0.954607        -0.22678        1.69819        6.16187        
0.95911        -0.209862        1.58914        6.18715        
0.963315        -0.192877        1.4798        6.21045        
0.967219        -0.175832        1.37022        6.23177        
0.970823        -0.158731        1.26043        6.25111        
0.974125        -0.141579        1.15046        6.26846        
0.977127        -0.124383        1.04036        6.28384        
0.979826        -0.107147        0.930152        6.29724        
0.982223        -0.0898776        0.819884        6.30867        
0.984318        -0.0725793        0.709589        6.31814        
0.986111        -0.0552577        0.599302        6.32564        
0.987602        -0.0379182        0.489058        6.33118        
0.988791        -0.0205663        0.378893        6.33477        
0.989678        -0.00320716        0.26884        6.33642        
0.990264        0.0141538        0.158936        6.33613        
0.990549        0.0315114        0.0492142        6.33391        
0.990534        0.0488602        -0.0602917        6.32978        
0.990219        0.0661951        -0.169548        6.32373        
0.989605        0.0835108        -0.278521        6.31578        
0.988693        0.100802        -0.387179        6.30594        
0.987483        0.118064        -0.495488        6.29422        
0.985978        0.135291        -0.603416        6.28063        
0.984177        0.152478        -0.710933        6.26518        
0.982082        0.169621        -0.818005        6.24789        
0.979695        0.186713        -0.924603        6.22877        
0.977016        0.203751        -1.0307        6.20784        
0.974047        0.220729        -1.13625        6.18509        
0.97079        0.237642        -1.24124        6.16057        
0.967246        0.254485        -1.34564        6.13426        
0.963416        0.271254        -1.44942        6.1062        
0.959304        0.287944        -1.55254        6.0764        
0.954909        0.30455        -1.65498        6.04487        
0.950235        0.321067        -1.75672        6.01163        
0.945284        0.33749        -1.85771        5.9767        
0.940056        0.353816        -1.95795        5.9401        
0.934555        0.370039        -2.0574        5.90183        
0.928783        0.386154        -2.15604        5.86193        
0.922741        0.402159        -2.25384        5.82041        
0.916433        0.418047        -2.35078        5.77728        
0.90986        0.433815        -2.44682        5.73258        
0.903026        0.449458        -2.54196        5.68631        
0.895932        0.464973        -2.63616        5.6385        
0.888581        0.480354        -2.7294        5.58916        
0.880976        0.495598        -2.82166        5.53833        
0.87312        0.510701        -2.91292        5.48601        
0.865015        0.525659        -3.00316        5.43223        
0.856664        0.540467        -3.09234        5.37701        
0.84807        0.555122        -3.18047        5.32037        
0.839237        0.56962        -3.2675        5.26234        
0.830166        0.583957        -3.35343        5.20293        
0.820862        0.598129        -3.43824        5.14216        
0.811327        0.612133        -3.5219        5.08007        
0.801564        0.625965        -3.60439        5.01666        
0.791577        0.639621        -3.68571        4.95198        
0.781368        0.653099        -3.76583        4.88602        
0.770942        0.666394        -3.84474        4.81883        
0.760301        0.679503        -3.92241        4.75042        
0.749449        0.692424        -3.99884        4.68082        
0.73839        0.705152        -4.07401        4.61004        
0.727126        0.717684        -4.14789        4.53811        
0.715661        0.730018        -4.22049        4.46507        
0.704        0.74215        -4.29178        4.39092        
0.692145        0.754078        -4.36175        4.31569        
0.6801        0.765798        -4.43038        4.23941        
0.667869        0.777308        -4.49767        4.1621        
0.655455        0.788604        -4.5636        4.08378        
0.642863        0.799684        -4.62815        4.00448        
0.630095        0.810546        -4.69133        3.92422        
0.617157        0.821187        -4.75311        3.84303        
0.604051        0.831604        -4.81348        3.76093        
0.590782        0.841795        -4.87244        3.67794        
0.577353        0.851757        -4.92997        3.59409        
0.563768        0.861489        -4.98607        3.5094        
0.550032        0.870987        -5.04072        3.4239        
0.536148        0.88025        -5.09392        3.3376        
0.52212        0.889275        -5.14565        3.25054        
0.507952        0.898061        -5.19592        3.16274        
0.493649        0.906605        -5.24471        3.07422        
0.479214        0.914906        -5.29201        2.98501        
0.464652        0.922961        -5.33782        2.89513        
0.449966        0.93077        -5.38213        2.8046        
0.435161        0.938329        -5.42493        2.71345        
0.42024        0.945638        -5.46622        2.6217        
0.405209        0.952695        -5.506        2.52938        
0.39007        0.959497        -5.54425        2.43651        
0.374829        0.966045        -5.58097        2.34311        
0.35949        0.972336        -5.61616        2.24921        
0.344056        0.97837        -5.64982        2.15483        
0.328532        0.984144        -5.68193        2.06        
0.312922        0.989657        -5.7125        1.96473        
0.297231        0.994909        -5.74152        1.86906        
0.281462        0.999899        -5.76899        1.773        
0.26562        1.00462        -5.79491        1.67659        
0.249709        1.00909        -5.81927        1.57983        
0.233733        1.01328        -5.84207        1.48276        
0.217697        1.01721        -5.86331        1.3854        
0.201606        1.02087        -5.88298        1.28777        
0.185462        1.02427        -5.90109        1.1899        
0.169271        1.02739        -5.91764        1.09181        
0.153036        1.03025        -5.93262        0.993513        
0.136763        1.03284        -5.94604        0.895044        
0.120455        1.03515        -5.95789        0.796423        
0.104117        1.0372        -5.96817        0.697671        
0.0877531        1.03898        -5.97689        0.598812        
0.0713672        1.04048        -5.98403        0.499869        
0.0549639        1.04172        -5.98962        0.400863        
0.0385474        1.04268        -5.99364        0.301818        
0.022122        1.04337        -5.99609        0.202755        
0.00569208        1.04379        -5.99698        0.103697        
-0.0107382        1.04394        -5.99632        0.00466599        
-0.0271644        1.04381        -5.99409        -0.0943155        
-0.0435825        1.04342        -5.99031        -0.193225        
-0.059988        1.04276        -5.98497        -0.292042        
-0.0763768        1.04182        -5.97808        -0.390743        
-0.0927446        1.04061        -5.96964        -0.489307        
-0.109087        1.03914        -5.95966        -0.587712        
-0.1254        1.03739        -5.94813        -0.685936        
-0.14168        1.03538        -5.93507        -0.783958        
-0.157921        1.0331        -5.92046        -0.881756        
-0.174121        1.03055        -5.90433        -0.979308        
-0.190274        1.02773        -5.88667        -1.07659        
-0.206376        1.02465        -5.86749        -1.17359        
-0.222424        1.0213        -5.84678        -1.27028        
-0.238413        1.01769        -5.82456        -1.36663        
-0.25434        1.01381        -5.80084        -1.46264        
-0.270199        1.00968        -5.77561        -1.55827        
-0.285987        1.00528        -5.74888        -1.6535        
-0.3017        1.00061        -5.72065        -1.74832        
-0.317333        0.995695        -5.69094        -1.84271        
-0.332883        0.990518        -5.65975        -1.93664        
-0.348345        0.985083        -5.62708        -2.03009        
-0.363716        0.979394        -5.59294        -2.12304        
-0.378992        0.97345        -5.55734        -2.21547        
-0.394167        0.967254        -5.52029        -2.30736        
-0.40924        0.960807        -5.48178        -2.39869        
-0.424205        0.954111        -5.44183        -2.48944        
-0.439058        0.947167        -5.40045        -2.57959        
-0.453796        0.939976        -5.35764        -2.66912        
-0.468415        0.932541        -5.31342        -2.758        
-0.482911        0.924864        -5.26778        -2.84622        
-0.497279        0.916946        -5.22074        -2.93376        
-0.511517        0.908788        -5.1723        -3.02059        
-0.525621        0.900394        -5.12248        -3.1067        
-0.539586        0.891765        -5.07128        -3.19207        
-0.553409        0.882904        -5.01872        -3.27667        
-0.567086        0.873811        -4.96479        -3.36049        
-0.580613        0.86449        -4.90952        -3.4435        
-0.593987        0.854943        -4.85291        -3.5257        
-0.607204        0.845171        -4.79497        -3.60704        
-0.620261        0.835178        -4.73571        -3.68753        
-0.633153        0.824965        -4.67514        -3.76713        
-0.645878        0.814536        -4.61327        -3.84582        
-0.658432        0.803892        -4.55011        -3.9236        
-0.67081        0.793037        -4.48568        -4.00043        
-0.683011        0.781972        -4.41999        -4.0763        
-0.695029        0.770701        -4.35304        -4.15119        
-0.706863        0.759226        -4.28485        -4.22507        
-0.718508        0.74755        -4.21543        -4.29794        
-0.729961        0.735676        -4.1448        -4.36977        
-0.741219        0.723606        -4.07296        -4.44053        
-0.752279        0.711344        -3.99993        -4.51022        
-0.763137        0.698893        -3.92572        -4.57881        
-0.77379        0.686255        -3.85035        -4.64628        
-0.784234        0.673433        -3.77382        -4.71261        
-0.794468        0.660432        -3.69616        -4.77779        
-0.804487        0.647254        -3.61738        -4.8418        
-0.814289        0.633902        -3.53749        -4.90461        
-0.823871        0.620379        -3.45651        -4.96621        
-0.833229        0.60669        -3.37444        -5.02658        
-0.842361        0.592836        -3.29132        -5.0857        
-0.851264        0.578823        -3.20715        -5.14355        
-0.859934        0.564652        -3.12194        -5.20011        
-0.86837        0.550329        -3.03572        -5.25536        
-0.876568        0.535856        -2.94851        -5.3093        
-0.884526        0.521237        -2.86031        -5.36189        
-0.892241        0.506476        -2.77115        -5.41312        
-0.899711        0.491576        -2.68104        -5.46297        
-0.906932        0.476542        -2.59001        -5.51142        
-0.913903        0.461376        -2.49806        -5.55846        
-0.92062        0.446084        -2.40522        -5.60407        
-0.927082        0.430669        -2.31151        -5.64822        
-0.933286        0.415135        -2.21695        -5.69091        
-0.93923        0.399486        -2.12155        -5.73212        
-0.944911        0.383726        -2.02534        -5.77182        
-0.950327        0.36786        -1.92834        -5.81        
-0.955477        0.351891        -1.83056        -5.84665        
-0.960358        0.335823        -1.73203        -5.88174        
-0.964968        0.319662        -1.63277        -5.91526        
-0.969305        0.303411        -1.53281        -5.9472        
-0.973367        0.287075        -1.43216        -5.97753        
-0.977152        0.270657        -1.33084        -6.00625        
-0.980659        0.254164        -1.22889        -6.03333        
-0.983886        0.237598        -1.12631        -6.05876        
-0.98683        0.220965        -1.02315        -6.08253        
-0.989492        0.204269        -0.919415        -6.10461        
-0.991868        0.187515        -0.815136        -6.125        
-0.993958        0.170707        -0.710338        -6.14368        
-0.995761        0.153851        -0.605046        -6.16063        
-0.997274        0.136951        -0.499287        -6.17584        
-0.998496        0.120011        -0.393085        -6.1893        
-0.999428        0.103037        -0.286468        -6.201        
-1.00007        0.0860327        -0.179463        -6.21091        
-1.00041        0.0690042        -0.0720967        -6.21903        
-1.00046        0.0519559        0.035602        -6.22534        
-1.00022        0.0348927        0.143605        -6.22983        
-0.999674        0.0178198        0.251884        -6.23249        
-0.998836        0.000742086        0.36041        -6.23332        
-0.997699        -0.0163353        0.469152        -6.23228        
-0.996265        -0.0334074        0.578082        -6.22939        
-0.994532        -0.050469        0.687168        -6.22461        
-0.9925        -0.0675149        0.79638        -6.21796        
-0.990168        -0.08454        0.905687        -6.2094        
-0.987537        -0.101539        1.01506        -6.19895        
-0.984606        -0.118507        1.12446        -6.18658        
-0.981376        -0.135438        1.23385        -6.17229        
-0.977845        -0.152328        1.34322        -6.15607        
-0.974016        -0.16917        1.45251        -6.13791        
-0.969886        -0.18596        1.56171        -6.11781        
-0.965458        -0.202692        1.67077        -6.09577        
-0.960731        -0.219361        1.77966        -6.07177        
-0.955707        -0.235962        1.88834        -6.0458        
-0.950384        -0.252489        1.99678        -6.01788        
-0.944765        -0.268937        2.10495        -5.98799        
-0.93885        -0.2853        2.2128        -5.95612        
-0.93264        -0.301573        2.32031        -5.92228        
-0.926136        -0.317751        2.42743        -5.88647        
-0.919339        -0.333828        2.53413        -5.84867        
-0.912251        -0.349798        2.64037        -5.8089        
-0.904872        -0.365657        2.74611        -5.76715        
-0.897204        -0.381399        2.85132        -5.72343        
-0.889248        -0.397019        2.95596        -5.67773        
-0.881007        -0.41251        3.05998        -5.63006        
-0.872481        -0.427868        3.16335        -5.58041        
-0.863673        -0.443088        3.26604        -5.5288        
-0.854585        -0.458163        3.36799        -5.47523        
-0.845218        -0.473089        3.46918        -5.41971        
-0.835576        -0.48786        3.56956        -5.36223        
-0.825659        -0.502471        3.66909        -5.30281        
-0.815471        -0.516917        3.76773        -5.24146        
-0.805014        -0.531191        3.86545        -5.17818        
-0.794291        -0.54529        3.9622        -5.11299        
-0.783303        -0.559208        4.05793        -5.04589        
-0.772055        -0.572939        4.15262        -4.9769        
-0.760549        -0.586478        4.24622        -4.90603        
-0.748788        -0.599821        4.3387        -4.8333        
-0.736776        -0.612962        4.43        -4.75871        
-0.724514        -0.625896        4.52008        -4.68229        
-0.712008        -0.638619        4.60892        -4.60404        
-0.69926        -0.651124        4.69647        -4.524        
-0.686274        -0.663408        4.78268        -4.44217        
-0.673054        -0.675465        4.86752        -4.35858        
-0.659603        -0.68729        4.95095        -4.27324        
-0.645925        -0.69888        5.03292        -4.18618        
-0.632025        -0.710228        5.11341        -4.09743        
-0.617906        -0.721331        5.19236        -4.007        
-0.603574        -0.732184        5.26974        -3.91491        
-0.589031        -0.742783        5.34551        -3.82121        
-0.574283        -0.753123        5.41964        -3.7259        
-0.559334        -0.763199        5.49208        -3.62903        
-0.54419        -0.773008        5.56279        -3.53062        
-0.528853        -0.782545        5.63174        -3.43069        
-0.513331        -0.791806        5.6989        -3.32929        
-0.497627        -0.800787        5.76422        -3.22644        
-0.481746        -0.809485        5.82767        -3.12218        
-0.465694        -0.817895        5.88922        -3.01653        
-0.449476        -0.826014        5.94883        -2.90954        
-0.433098        -0.833838        6.00646        -2.80125        
-0.416564        -0.841363        6.06209        -2.69168        
-0.399881        -0.848587        6.11567        -2.58089        
-0.383054        -0.855505        6.16719        -2.4689        
-0.366088        -0.862115        6.21661        -2.35575        
-0.34899        -0.868413        6.26389        -2.2415        
-0.331765        -0.874397        6.30901        -2.12618        
-0.31442        -0.880064        6.35194        -2.00983        
-0.29696        -0.88541        6.39266        -1.8925        
-0.279392        -0.890434        6.43113        -1.77424        
-0.261721        -0.895132        6.46733        -1.65508        
-0.243954        -0.899503        6.50124        -1.53509        
-0.226098        -0.903543        6.53283        -1.41429        
-0.208158        -0.907252        6.56208        -1.29275        
-0.190141        -0.910627        6.58897        -1.1705        
-0.172054        -0.913666        6.61348        -1.04761        
-0.153903        -0.916367        6.63559        -0.924124        
-0.135695        -0.918729        6.65529        -0.800086        
-0.117436        -0.920751        6.67255        -0.675553        
-0.0991329        -0.922431        6.68736        -0.550576        
-0.0807927        -0.923768        6.69971        -0.425209        
-0.0624221        -0.924761        6.70959        -0.299505        
-0.0440279        -0.925409        6.71698        -0.173517        
-0.0256168        -0.925712        6.72187        -0.0473007        
-0.00719572        -0.925668        6.72426        0.0790897        
0.0112285        -0.925278        6.72414        0.205599        
0.0296489        -0.924542        6.7215        0.332172        
0.0480586        -0.923458        6.71634        0.458753        
0.0664507        -0.922028        6.70866        0.585285        
0.0848184        -0.920251        6.69845        0.711714        
0.103155        -0.918128        6.68572        0.837982        
0.121452        -0.91566        6.67046        0.964033        
0.139705        -0.912846        6.65268        1.08981        
0.157905        -0.909688        6.63239        1.21526        
0.176047        -0.906187        6.60959        1.34032        
0.194122        -0.902344        6.58429        1.46494        
0.212125        -0.89816        6.55649        1.58907        
0.230048        -0.893637        6.52621        1.71263        
0.247885        -0.888776        6.49346        1.83559        
0.265629        -0.883579        6.45825        1.95789        
0.283273        -0.878047        6.42061        2.07946        
0.30081        -0.872184        6.38053        2.20026        
0.318235        -0.865991        6.33805        2.32023        
0.335539        -0.859471        6.29318        2.43932        
0.352718        -0.852625        6.24594        2.55747        
0.369764        -0.845457        6.19636        2.67463        
0.386671        -0.83797        6.14445        2.79076        
0.403432        -0.830165        6.09025        2.90579        
0.420042        -0.822047        6.03378        3.01968        
0.436494        -0.813619        5.97506        3.13237        
0.452782        -0.804884        5.91412        3.24383        
0.4689        -0.795845        5.85101        3.35399        
0.484842        -0.786506        5.78573        3.46282        
0.500603        -0.77687        5.71834        3.57027        
0.516176        -0.766943        5.64886        3.67628        
0.531555        -0.756726        5.57732        3.78082        
0.546736        -0.746226        5.50377        3.88385        
0.561713        -0.735445        5.42824        3.98531        
0.57648        -0.724388        5.35076        4.08517        
0.591032        -0.713061        5.27138        4.18339        
0.605364        -0.701466        5.19013        4.27993        
0.619471        -0.689609        5.10707        4.37475        
0.633348        -0.677495        5.02222        4.46781        
0.64699        -0.665128        4.93563        4.55908        
0.660393        -0.652513        4.84734        4.64852        
0.673551        -0.639656        4.75741        4.7361        
0.686461        -0.626562        4.66586        4.82179        
0.699117        -0.613236        4.57275        4.90555        
0.711517        -0.599682        4.47813        4.98737        
0.723655        -0.585908        4.38204        5.0672        
0.735528        -0.571917        4.28452        5.14502        
0.747132        -0.557716        4.18563        5.22081        
0.758463        -0.54331        4.08541        5.29454        
0.769518        -0.528705        3.98392        5.36619        
0.780293        -0.513906        3.88119        5.43574        
0.790784        -0.49892        3.77728        5.50317        
0.80099        -0.483752        3.67224        5.56845        
0.810906        -0.468408        3.56612        5.63157        
0.82053        -0.452894        3.45897        5.69252        
0.82986        -0.437216        3.35083        5.75127        
0.838891        -0.42138        3.24176        5.80782        
0.847623        -0.405392        3.13181        5.86216        
0.856052        -0.389258        3.02102        5.91426        
0.864176        -0.372985        2.90946        5.96413        
0.871994        -0.356578        2.79716        6.01175        
0.879503        -0.340044        2.68418        6.05711        
0.886702        -0.323389        2.57056        6.10022        
0.893588        -0.306618        2.45637        6.14106        
0.900161        -0.289739        2.34164        6.17963        
0.906419        -0.272757        2.22642        6.21593        
0.912361        -0.255679        2.11077        6.24996        
0.917985        -0.238511        1.99473        6.28171        
0.923291        -0.221259        1.87836        6.3112        
0.928278        -0.203929        1.76169        6.33842        
0.932944        -0.186528        1.64478        6.36337        
0.93729        -0.169061        1.52768        6.38606        
0.941315        -0.151536        1.41042        6.4065        
0.945018        -0.133957        1.29307        6.42469        
0.9484        -0.116332        1.17565        6.44064        
0.95146        -0.098666        1.05823        6.45435        
0.954199        -0.0809656        0.940837        6.46584        
0.956616        -0.0632367        0.823523        6.47512        
0.958711        -0.0454854        0.706329        6.4822        
0.960486        -0.0277178        0.5893        6.48709        
0.96194        -0.00993973        0.472476        6.48981        
0.963075        0.00784279        0.355902        6.49036        
0.96389        0.0256239        0.239616        6.48877        
0.964388        0.0433977        0.123661        6.48504        
0.964568        0.0611584        0.00807491        6.4792        
0.964432        0.0789002        -0.107102        6.47127        
0.963981        0.0966174        -0.221831        6.46125        
0.963216        0.114304        -0.336075        6.44917        
0.96214        0.131955        -0.449797        6.43505        
0.960752        0.149565        -0.56296        6.41891        
0.959055        0.167127        -0.675528        6.40076        
0.95705        0.184637        -0.787468        6.38063        
0.95474        0.20209        -0.898743        6.35855        
0.952126        0.219479        -1.00932        6.33452        
0.949209        0.236799        -1.11917        6.30858        
0.945993        0.254046        -1.22826        6.28075        
0.942479        0.271215        -1.33655        6.25105        
0.93867        0.288299        -1.44402        6.2195        
0.934567        0.305294        -1.55064        6.18613        
0.930173        0.322195        -1.65638        6.15097        
0.925491        0.338998        -1.7612        6.11403        
0.920523        0.355697        -1.86509        6.07535        
0.915271        0.372288        -1.96801        6.03495        
0.909739        0.388765        -2.06995        5.99285        
0.903929        0.405125        -2.17086        5.94908        
0.897844        0.421363        -2.27074        5.90368        
0.891486        0.437474        -2.36955        5.85665        
0.88486        0.453454        -2.46728        5.80804        
0.877967        0.469299        -2.56389        5.75786        
0.870811        0.485004        -2.65937        5.70615        
0.863395        0.500565        -2.7537        5.65294        
0.855722        0.515979        -2.84686        5.59824        
0.847796        0.531241        -2.93882        5.54209        
0.839619        0.546347        -3.02958        5.48452        
0.831196        0.561293        -3.1191        5.42555        
0.822528        0.576076        -3.20738        5.36521        
0.813621        0.590691        -3.29439        5.30353        
0.804477        0.605136        -3.38012        5.24054        
0.7951        0.619407        -3.46456        5.17626        
0.785493        0.633499        -3.54768        5.11072        
0.77566        0.647411        -3.62948        5.04396        
0.765605        0.661137        -3.70994        4.97599        
0.755332        0.674676        -3.78905        4.90685        
0.744844        0.688024        -3.86679        4.83657        
0.734144        0.701178        -3.94315        4.76516        
0.723237        0.714135        -4.01813        4.69267        
0.712127        0.726891        -4.0917        4.61911        
0.700817        0.739445        -4.16387        4.54452        
0.689311        0.751793        -4.23462        4.46892        
0.677614        0.763932        -4.30394        4.39234        
0.665728        0.77586        -4.37182        4.31481        
0.653658        0.787575        -4.43825        4.23635        
0.641409        0.799073        -4.50323        4.15699        
0.628983        0.810353        -4.56675        4.07677        
0.616386        0.821412        -4.62881        3.99569        
0.60362        0.832247        -4.68939        3.9138        
0.59069        0.842857        -4.74848        3.83112        
0.577601        0.85324        -4.8061        3.74767        
0.564355        0.863392        -4.86222        3.66348        
0.550958        0.873313        -4.91685        3.57858        
0.537414        0.883001        -4.96999        3.49299        
0.523726        0.892453        -5.02162        3.40674        
0.509898        0.901668        -5.07174        3.31985        
0.495935        0.910644        -5.12035        3.23235        
0.481841        0.91938        -5.16746        3.14426        
0.46762        0.927873        -5.21305        3.05562        
0.453277        0.936123        -5.25713        2.96643        
0.438814        0.944127        -5.29969        2.87674        
0.424237        0.951886        -5.34073        2.78655        
0.40955        0.959396        -5.38026        2.6959        
0.394756        0.966658        -5.41826        2.60482        
0.379861        0.973669        -5.45475        2.51331        
0.364867        0.980429        -5.48972        2.42142        
0.34978        0.986937        -5.52317        2.32915        
0.334603        0.993192        -5.5551        2.23654        
0.319341        0.999192        -5.58552        2.1436        
0.303998        1.00494        -5.61442        2.05037        
0.288577        1.01043        -5.64181        1.95685        
0.273084        1.01566        -5.66769        1.86308        
0.257522        1.02064        -5.69205        1.76908        
0.241895        1.02535        -5.71491        1.67486        
0.226207        1.02981        -5.73627        1.58045        
0.210463        1.03401        -5.75612        1.48588        
0.194667        1.03795        -5.77448        1.39115        
0.178822        1.04164        -5.79134        1.2963        
0.162933        1.04506        -5.8067        1.20134        
0.147004        1.04822        -5.82058        1.1063        
0.13104        1.05112        -5.83298        1.0112        
0.115043        1.05376        -5.84389        0.916044        
0.0990183        1.05614        -5.85332        0.820868        
0.0829699        1.05826        -5.86129        0.725687        
0.0669017        1.06012        -5.86778        0.630521        
0.0508176        1.06171        -5.87282        0.53539        
0.0347218        1.06305        -5.87639        0.440312        
0.0186182        1.06413        -5.87851        0.345308        
0.00251082        1.06494        -5.87919        0.250395        
-0.0135965        1.0655        -5.87842        0.155593        
-0.0296997        1.06579        -5.87621        0.0609201        
-0.0457949        1.06583        -5.87257        -0.033605        
-0.0618781        1.06561        -5.8675        -0.127964        
-0.0779456        1.06513        -5.86102        -0.222139        
-0.0939933        1.06439        -5.85311        -0.316112        
-0.110017        1.0634        -5.8438        -0.409866        
-0.126014        1.06215        -5.83309        -0.503382        
-0.14198        1.06064        -5.82098        -0.596643        
-0.15791        1.05888        -5.80749        -0.689632        
-0.173801        1.05686        -5.7926        -0.782332        
-0.18965        1.05459        -5.77634        -0.874725        
-0.205453        1.05207        -5.75872        -0.966795        
-0.221205        1.04929        -5.73972        -1.05853        
-0.236903        1.04627        -5.71937        -1.1499        
-0.252544        1.04299        -5.69768        -1.2409        
-0.268123        1.03947        -5.67463        -1.33151        
-0.283638        1.0357        -5.65026        -1.42172        
-0.299084        1.03168        -5.62455        -1.5115        
-0.314457        1.02741        -5.59753        -1.60085        
-0.329755        1.02291        -5.56919        -1.68974        
-0.344973        1.01816        -5.53954        -1.77816        
-0.360109        1.01316        -5.50859        -1.8661        
-0.375157        1.00793        -5.47635        -1.95354        
-0.390116        1.00246        -5.44283        -2.04046        
-0.404981        0.99675        -5.40804        -2.12685        
-0.419749        0.990805        -5.37197        -2.21269        
-0.434417        0.984625        -5.33465        -2.29797        
-0.44898        0.978213        -5.29607        -2.38267        
-0.463436        0.971569        -5.25624        -2.46678        
-0.477781        0.964696        -5.21519        -2.55029        
-0.492012        0.957595        -5.1729        -2.63317        
-0.506126        0.950268        -5.12939        -2.71541        
-0.520119        0.942716        -5.08467        -2.79701        
-0.533987        0.934942        -5.03875        -2.87793        
-0.547728        0.926947        -4.99163        -2.95818        
-0.561339        0.918733        -4.94333        -3.03773        
-0.574815        0.910302        -4.89384        -3.11657        
-0.588154        0.901656        -4.84319        -3.19469        
-0.601353        0.892797        -4.79138        -3.27207        
-0.614408        0.883727        -4.73842        -3.34869        
-0.627317        0.874448        -4.68431        -3.42455        
-0.640076        0.864962        -4.62907        -3.49962        
-0.652682        0.855272        -4.5727        -3.5739        
-0.665132        0.845379        -4.51522        -3.64737        
-0.677423        0.835286        -4.45663        -3.72002        
-0.689552        0.824995        -4.39695        -3.79182        
-0.701516        0.814509        -4.33618        -3.86278        
-0.713311        0.803829        -4.27433        -3.93286        
-0.724937        0.792959        -4.21141        -4.00207        
-0.736388        0.7819        -4.14743        -4.07038        
-0.747662        0.770656        -4.0824        -4.13778        
-0.758757        0.759227        -4.01633        -4.20426        
-0.769669        0.747618        -3.94924        -4.2698        
-0.780397        0.735831        -3.88112        -4.3344        
-0.790936        0.723868        -3.812        -4.39802        
-0.801284        0.711732        -3.74187        -4.46067        
-0.811439        0.699426        -3.67076        -4.52233        
-0.821398        0.686953        -3.59868        -4.58297        
-0.831158        0.674314        -3.52562        -4.6426        
-0.840717        0.661514        -3.45161        -4.70119        
-0.850071        0.648554        -3.37665        -4.75874        
-0.859219        0.635438        -3.30076        -4.81522        
-0.868157        0.622169        -3.22395        -4.87063        
-0.876884        0.60875        -3.14623        -4.92494        
-0.885397        0.595183        -3.06761        -4.97815        
-0.893693        0.581473        -2.9881        -5.03024        
-0.90177        0.56762        -2.90771        -5.0812        
-0.909626        0.55363        -2.82646        -5.13101        
-0.917258        0.539505        -2.74436        -5.17966        
-0.924663        0.525249        -2.66143        -5.22714        
-0.931841        0.510864        -2.57766        -5.27343        
-0.938788        0.496353        -2.49308        -5.31851        
-0.945501        0.481721        -2.4077        -5.36238        
-0.95198        0.46697        -2.32154        -5.40502        
-0.958222        0.452104        -2.2346        -5.44641        
-0.964225        0.437127        -2.1469        -5.48655        
-0.969986        0.422041        -2.05846        -5.52541        
-0.975504        0.406851        -1.96928        -5.56298        
-0.980777        0.391559        -1.87939        -5.59926        
-0.985802        0.37617        -1.78879        -5.63422        
-0.990578        0.360687        -1.6975        -5.66785        
-0.995103        0.345113        -1.60554        -5.70014        
-0.999376        0.329453        -1.51293        -5.73107        
-1.00339        0.31371        -1.41967        -5.76063        
-1.00715        0.297888        -1.32578        -5.78881        
-1.01066        0.28199        -1.23129        -5.81558        
-1.0139        0.266022        -1.1362        -5.84095        
-1.01688        0.249985        -1.04054        -5.86489        
-1.0196        0.233885        -0.944311        -5.88738        
-1.02206        0.217726        -0.847543        -5.90843        
-1.02425        0.20151        -0.750251        -5.92801        
-1.02617        0.185243        -0.652452        -5.9461        
-1.02782        0.168929        -0.554164        -5.9627        
-1.02921        0.152571        -0.455407        -5.97779        
-1.03032        0.136174        -0.356198        -5.99136        
-1.03116        0.119742        -0.256559        -6.00339        
-1.03172        0.103279        -0.156507        -6.01388        
-1.03201        0.086789        -0.056064        -6.0228        
-1.03203        0.070277        0.0447506        -6.03015        
-1.03177        0.0537471        0.145916        -6.0359        
-1.03123        0.0372036        0.24741        -6.04006        
-1.03041        0.0206509        0.349212        -6.0426        
-1.02932        0.00409343        0.451299        -6.04352        
-1.02794        -0.0124643        0.55365        -6.04279        
-1.02628        -0.0290178        0.656241        -6.04042        
-1.02435        -0.0455625        0.759049        -6.03638        
-1.02212        -0.0620938        0.862051        -6.03066        
-1.01962        -0.0786072        0.965222        -6.02325        
-1.01684        -0.0950979        1.06854        -6.01415        
-1.01377        -0.111561        1.17197        -6.00333        
-1.01041        -0.127993        1.2755        -5.99079        
-1.00678        -0.144388        1.3791        -5.97652        
-1.00286        -0.160741        1.48274        -5.96051        
-0.998653        -0.177048        1.5864        -5.94273        
-0.994165        -0.193304        1.69004        -5.9232        
-0.989393        -0.209504        1.79365        -5.90188        
-0.984337        -0.225643        1.89718        -5.87879        
-0.978997        -0.241716        2.00062        -5.8539        
-0.973374        -0.257719        2.10394        -5.8272        
-0.967469        -0.273646        2.2071        -5.7987        
-0.961281        -0.289493        2.31007        -5.76837        
-0.954811        -0.305254        2.41282        -5.73622        
-0.94806        -0.320924        2.51533        -5.70223        
-0.941028        -0.336499        2.61756        -5.66641        
-0.933717        -0.351973        2.71948        -5.62873        
-0.926127        -0.367341        2.82105        -5.58919        
-0.918259        -0.382599        2.92224        -5.5478        
-0.910115        -0.39774        3.02303        -5.50454        
-0.901695        -0.412761        3.12336        -5.45942        
-0.893        -0.427655        3.22322        -5.41242        
-0.884033        -0.442418        3.32256        -5.36354        
-0.874794        -0.457044        3.42135        -5.31278        
-0.865286        -0.471529        3.51956        -5.26014        
-0.855509        -0.485867        3.61714        -5.20562        
-0.845466        -0.500053        3.71406        -5.14921        
-0.835158        -0.514082        3.81028        -5.09092        
-0.824588        -0.527948        3.90577        -5.03075        
-0.813757        -0.541647        4.00048        -4.96869        
-0.802667        -0.555174        4.09438        -4.90476        
-0.791322        -0.568523        4.18742        -4.83894        
-0.779722        -0.581689        4.27958        -4.77126        
-0.767872        -0.594667        4.3708        -4.7017        
-0.755773        -0.607451        4.46105        -4.63028        
-0.743428        -0.620038        4.55028        -4.55701        
-0.73084        -0.632421        4.63846        -4.48188        
-0.718012        -0.644596        4.72555        -4.40492        
-0.704946        -0.656558        4.8115        -4.32612        
-0.691647        -0.668301        4.89626        -4.2455        
-0.678118        -0.679821        4.97981        -4.16307        
-0.664361        -0.691112        5.06209        -4.07884        
-0.65038        -0.702171        5.14306        -3.99283        
-0.636179        -0.712991        5.22269        -3.90505        
-0.621763        -0.723568        5.30092        -3.81552        
-0.607133        -0.733898        5.37771        -3.72425        
-0.592296        -0.743975        5.45303        -3.63125        
-0.577254        -0.753795        5.52682        -3.53656        
-0.562012        -0.763353        5.59905        -3.44019        
-0.546574        -0.772645        5.66966        -3.34216        
-0.530945        -0.781667        5.73863        -3.24249        
-0.51513        -0.790413        5.80589        -3.14122        
-0.499132        -0.798879        5.87142        -3.03836        
-0.482957        -0.807061        5.93517        -2.93394        
-0.46661        -0.814955        5.9971        -2.82798        
-0.450097        -0.822557        6.05715        -2.72053        
-0.433421        -0.829862        6.1153        -2.61161        
-0.416588        -0.836867        6.1715        -2.50125        
-0.399604        -0.843568        6.2257        -2.38948        
-0.382475        -0.84996        6.27787        -2.27634        
-0.365205        -0.856041        6.32797        -2.16187        
-0.347801        -0.861806        6.37596        -2.04611        
-0.330268        -0.867252        6.42179        -1.92908        
-0.312613        -0.872376        6.46543        -1.81084        
-0.294841        -0.877175        6.50685        -1.69143        
-0.276959        -0.881644        6.54599        -1.57088        
-0.258973        -0.885782        6.58284        -1.44925        
-0.240889        -0.889586        6.61734        -1.32657        
-0.222713        -0.893051        6.64947        -1.2029        
-0.204453        -0.896177        6.6792        -1.07828        
-0.186115        -0.89896        6.70649        -0.952768        
-0.167705        -0.901397        6.7313        -0.82641        
-0.149231        -0.903488        6.75362        -0.699259        
-0.130699        -0.905229        6.7734        -0.57137        
-0.112116        -0.906619        6.79063        -0.442796        
-0.0934902        -0.907655        6.80528        -0.313595        
-0.0748273        -0.908337        6.81731        -0.183822        
-0.0561351        -0.908662        6.82671        -0.0535368        
-0.0374207        -0.90863        6.83346        0.0772018        
-0.0186914        -0.908239        6.83753        0.208333        
4.52538e-05        -0.907489        6.8389        0.339796        
0.018782        -0.906378        6.83757        0.471529        
0.0375114        -0.904905        6.8335        0.603467        
0.0562258        -0.903071        6.82669        0.735547        
0.0749179        -0.900875        6.81713        0.867705        
0.09358        -0.898316        6.8048        0.999874        
0.112204        -0.895396        6.78969        1.13199        
0.130784        -0.892114        6.77181        1.26398        
0.14931        -0.88847        6.75114        1.39579        
0.167776        -0.884466        6.72768        1.52734        
0.186174        -0.880101        6.70143        1.65856        
0.204496        -0.875378        6.67239        1.78939        
0.222735        -0.870296        6.64057        1.91976        
0.240883        -0.864858        6.60597        2.0496        
0.258932        -0.859065        6.56859        2.17884        
0.276875        -0.852919        6.52845        2.30741        
0.294705        -0.846422        6.48556        2.43524        
0.312413        -0.839576        6.43993        2.56227        
0.329992        -0.832382        6.39158        2.68842        
0.347435        -0.824845        6.34052        2.81362        
0.364735        -0.816965        6.28678        2.93782        
0.381883        -0.808747        6.23038        3.06093        
0.398874        -0.800193        6.17133        3.1829        
0.415699        -0.791306        6.10968        3.30366        
0.432351        -0.782091        6.04544        3.42314        
0.448824        -0.772549        5.97864        3.54128        
0.465111        -0.762686        5.90933        3.65801        
0.481204        -0.752506        5.83752        3.77327        
0.497097        -0.742011        5.76327        3.88699        
0.512784        -0.731207        5.6866        3.99913        
0.528257        -0.720098        5.60756        4.10961        
0.54351        -0.708689        5.52619        4.21837        
0.558537        -0.696984        5.44253        4.32537        
0.573332        -0.684988        5.35663        4.43055        
0.587889        -0.672707        5.26853        4.53384        
0.602201        -0.660145        5.17828        4.6352        
0.616263        -0.647308        5.08594        4.73458        
0.630069        -0.634202        4.99155        4.83192        
0.643614        -0.620832        4.89517        4.92719        
0.656892        -0.607204        4.79685        5.02032        
0.669898        -0.593323        4.69665        5.11128        
0.682627        -0.579197        4.59463        5.20002        
0.695074        -0.56483        4.49083        5.2865        
0.707234        -0.55023        4.38533        5.37069        
0.719103        -0.535402        4.27818        5.45254        
0.730676        -0.520353        4.16945        5.53203        
0.74195        -0.505089        4.05919        5.60911        
0.752919        -0.489618        3.94746        5.68375        
0.76358        -0.473945        3.83434        5.75593        
0.773929        -0.458079        3.71988        5.82562        
0.783962        -0.442024        3.60415        5.89279        
0.793677        -0.425789        3.48722        5.95742        
0.80307        -0.409381        3.36914        6.01949        
0.812138        -0.392806        3.24999        6.07898        
0.820879        -0.376071        3.12983        6.13587        
0.829288        -0.359185        3.00873        6.19014        
0.837365        -0.342153        2.88675        6.24179        
0.845106        -0.324983        2.76396        6.2908        
0.85251        -0.307683        2.64042        6.33716        
0.859574        -0.290259        2.51621        6.38087        
0.866297        -0.272719        2.39138        6.42191        
0.872678        -0.25507        2.26601        6.46029        
0.878714        -0.23732        2.14015        6.49601        
0.884404        -0.219476        2.01387        6.52906        
0.889749        -0.201544        1.88724        6.55945        
0.894745        -0.183533        1.76031        6.58718        
0.899394        -0.16545        1.63316        6.61225        
0.903694        -0.147302        1.50585        6.63468        
0.907645        -0.129096        1.37843        6.65447        
0.911247        -0.110839        1.25096        6.67164        
0.9145        -0.092539        1.12352        6.68619        
0.917404        -0.0742025        0.996146        6.69814        
0.919958        -0.0558368        0.868911        6.7075        
0.922165        -0.0374491        0.741867        6.7143        
0.924023        -0.0190462        0.615073        6.71854        
0.925535        -0.000635117        0.488582        6.72026        
0.926701        0.0177772        0.36245        6.71947        
0.927521        0.0361839        0.23673        6.71618        
0.927998        0.0545782        0.111475        6.71044        
0.928132        0.0729534        -0.0132651        6.70225        
0.927925        0.0913029        -0.137439        6.69165        
0.927379        0.10962        -0.260999        6.67866        
0.926495        0.127898        -0.383895        6.66331        
0.925275        0.146131        -0.506083        6.64563        
0.923722        0.164313        -0.627516        6.62564        
0.921837        0.182436        -0.748151        6.60338        
0.919622        0.200496        -0.867944        6.57888        
0.917081        0.218485        -0.986853        6.55218        
0.914215        0.236398        -1.10484        6.52329        
0.911027        0.254229        -1.22186        6.49226        
0.90752        0.271972        -1.33788        6.45912        
0.903696        0.289621        -1.45286        6.4239        
0.899559        0.307171        -1.56677        6.38664        
0.895111        0.324617        -1.67957        6.34737        
0.890356        0.341951        -1.79123        6.30613        
0.885296        0.359171        -1.90171        6.26296        
0.879935        0.376269        -2.01099        6.21789        
0.874277        0.393241        -2.11903        6.17095        
0.868324        0.410082        -2.22582        6.1222        
0.862081        0.426788        -2.33131        6.07165        
0.85555        0.443352        -2.43548        6.01935        
0.848736        0.45977        -2.53832        5.96534        
0.841641        0.476039        -2.63979        5.90966        
0.834271        0.492152        -2.73987        5.85233        
0.826628        0.508106        -2.83855        5.79341        
0.818717        0.523897        -2.93579        5.73292        
0.810542        0.539519        -3.03158        5.67091        
0.802106        0.55497        -3.12591        5.6074        
0.793414        0.570245        -3.21875        5.54245        
0.784469        0.58534        -3.31009        5.47609        
0.775276        0.600251        -3.39991        5.40835        
0.765839        0.614975        -3.48819        5.33928        
0.756163        0.629507        -3.57493        5.2689        
0.746251        0.643845        -3.66012        5.19726        
0.736107        0.657985        -3.74373        5.12439        
0.725737        0.671924        -3.82576        5.05033        
0.715144        0.685658        -3.9062        4.97512        
0.704333        0.699185        -3.98504        4.89878        
0.693308        0.712501        -4.06227        4.82137        
0.682074        0.725604        -4.13788        4.7429        
0.670635        0.73849        -4.21187        4.66343        
0.658996        0.751157        -4.28422        4.58298        
0.64716        0.763602        -4.35494        4.50158        
0.635133        0.775823        -4.42402        4.41927        
0.622919        0.787817        -4.49146        4.33609        
0.610522        0.799582        -4.55724        4.25207        
0.597948        0.811116        -4.62138        4.16724        
0.5852        0.822416        -4.68386        4.08163        
0.572283        0.833481        -4.74469        3.99528        
0.559201        0.844308        -4.80386        3.90822        
0.54596        0.854896        -4.86137        3.82047        
0.532564        0.865242        -4.91723        3.73208        
0.519016        0.875346        -4.97143        3.64307        
0.505323        0.885204        -5.02398        3.55347        
0.491488        0.894817        -5.07487        3.46332        
0.477515        0.904181        -5.12411        3.37263        
0.46341        0.913297        -5.1717        3.28145        
0.449177        0.922162        -5.21765        3.1898        
0.434821        0.930775        -5.26195        3.09771        
0.420345        0.939136        -5.30461        3.0052        
0.405754        0.947242        -5.34564        2.91231        
0.391054        0.955094        -5.38504        2.81905        
0.376247        0.962689        -5.42281        2.72547        
0.36134        0.970028        -5.45896        2.63158        
0.346335        0.977109        -5.49349        2.53741        
0.331238        0.983931        -5.52642        2.44299        
0.316053        0.990495        -5.55774        2.34833        
0.300785        0.996799        -5.58746        2.25348        
0.285437        1.00284        -5.61559        2.15844        
0.270014        1.00863        -5.64214        2.06325        
0.254521        1.01415        -5.66711        1.96792        
0.238962        1.01941        -5.69051        1.87249        
0.22334        1.02441        -5.71235        1.77697        
0.207661        1.02915        -5.73264        1.68139        
0.191929        1.03362        -5.75138        1.58576        
0.176147        1.03784        -5.76858        1.49012        
0.16032        1.04179        -5.78424        1.39448        
0.144452        1.04548        -5.79839        1.29886        
0.128548        1.0489        -5.81102        1.20328        
0.112611        1.05207        -5.82215        1.10777        
0.0966458        1.05497        -5.83178        1.01234        
0.0806562        1.05762        -5.83993        0.917018        
0.0646462        1.06        -5.8466        0.821817        
0.04862        1.06212        -5.8518        0.726758        
0.0325816        1.06398        -5.85554        0.63186        
0.0165349        1.06558        -5.85783        0.537141        
0.000483877        1.06692        -5.85868        0.44262        
-0.0155675        1.06801        -5.8581        0.348313        
-0.0316153        1.06883        -5.8561        0.254239        
-0.0476557        1.0694        -5.85268        0.160415        
-0.0636848        1.06971        -5.84787        0.0668581        
-0.0796988        1.06977        -5.84166        -0.0264156        
-0.0956939        1.06957        -5.83408        -0.11939        
-0.111666        1.06911        -5.82512        -0.212048        
-0.127612        1.0684        -5.8148        -0.304374        
-0.143528        1.06744        -5.80312        -0.396353        
-0.15941        1.06623        -5.79011        -0.487969        
-0.175255        1.06477        -5.77576        -0.579207        
-0.191058        1.06306        -5.7601        -0.670053        
-0.206817        1.0611        -5.74312        -0.760491        
-0.222527        1.05889        -5.72484        -0.850507        
-0.238186        1.05644        -5.70527        -0.940088        
-0.253789        1.05374        -5.68442        -1.02922        
-0.269334        1.0508        -5.6623        -1.11789        
-0.284816        1.04762        -5.63892        -1.20608        
-0.300232        1.04419        -5.61429        -1.29377        
-0.315579        1.04053        -5.58842        -1.38097        
-0.330853        1.03662        -5.56133        -1.46765        
-0.346052        1.03248        -5.53301        -1.5538        
-0.361171        1.02811        -5.50348        -1.63941        
-0.376208        1.0235        -5.47276        -1.72446        
-0.391159        1.01866        -5.44085        -1.80894        
-0.406021        1.01359        -5.40776        -1.89285        
-0.42079        1.00829        -5.3735        -1.97617        
-0.435465        1.00276        -5.33808        -2.05888        
-0.45004        0.997007        -5.30152        -2.14098        
-0.464514        0.99103        -5.26382        -2.22245        
-0.478883        0.98483        -5.22499        -2.30329        
-0.493144        0.978409        -5.18505        -2.38347        
-0.507294        0.971769        -5.144        -2.463        
-0.52133        0.964913        -5.10185        -2.54186        
-0.53525        0.957841        -5.05861        -2.62003        
-0.549049        0.950557        -5.0143        -2.69752        
-0.562725        0.94306        -4.96892        -2.7743        
-0.576276        0.935355        -4.92249        -2.85036        
-0.589698        0.927442        -4.87501        -2.92571        
-0.602988        0.919324        -4.82649        -3.00032        
-0.616144        0.911002        -4.77694        -3.07418        
-0.629163        0.902479        -4.72638        -3.14729        
-0.642042        0.893757        -4.67482        -3.21963        
-0.654779        0.884837        -4.62225        -3.2912        
-0.66737        0.875723        -4.5687        -3.36198        
-0.679813        0.866415        -4.51417        -3.43197        
-0.692105        0.856917        -4.45868        -3.50116        
-0.704244        0.847231        -4.40223        -3.56953        
-0.716227        0.837358        -4.34483        -3.63707        
-0.728051        0.827302        -4.28649        -3.70378        
-0.739714        0.817063        -4.22723        -3.76965        
-0.751214        0.806646        -4.16705        -3.83467        
-0.762547        0.796052        -4.10596        -3.89882        
-0.773712        0.785283        -4.04398        -3.9621        
-0.784706        0.774341        -3.9811        -4.0245        
-0.795527        0.763231        -3.91735        -4.08601        
-0.806171        0.751952        -3.85273        -4.14661        
-0.816637        0.740509        -3.78725        -4.20631        
-0.826923        0.728904        -3.72093        -4.26509        
-0.837026        0.717139        -3.65377        -4.32294        
-0.846944        0.705217        -3.58577        -4.37985        
-0.856674        0.69314        -3.51696        -4.43582        
-0.866215        0.680911        -3.44735        -4.49083        
-0.875564        0.668533        -3.37693        -4.54487        
-0.884719        0.656008        -3.30572        -4.59794        
-0.893677        0.643338        -3.23374        -4.65002        
-0.902438        0.630528        -3.16099        -4.70111        
-0.910998        0.617579        -3.08748        -4.7512        
-0.919355        0.604494        -3.01323        -4.80027        
-0.927509        0.591276        -2.93823        -4.84833        
-0.935455        0.577928        -2.86251        -4.89535        
-0.943194        0.564452        -2.78608        -4.94134        
-0.950721        0.550852        -2.70893        -4.98627        
-0.958037        0.53713        -2.6311        -5.03014        
-0.965138        0.52329        -2.55257        -5.07295        
-0.972024        0.509333        -2.47337        -5.11468        
-0.978691        0.495264        -2.39351        -5.15532        
-0.985139        0.481085        -2.313        -5.19487        
-0.991365        0.466799        -2.23184        -5.2333        
-0.997368        0.452409        -2.15005        -5.27063        
-1.00315        0.437919        -2.06764        -5.30683        
-1.0087        0.423331        -1.98462        -5.34189        
-1.01402        0.408648        -1.90101        -5.37581        
-1.01911        0.393874        -1.81681        -5.40858        
-1.02398        0.379012        -1.73203        -5.44018        
-1.0286        0.364065        -1.64669        -5.47061        
-1.033        0.349036        -1.5608        -5.49985        
-1.03716        0.333929        -1.47437        -5.52791        
-1.04108        0.318746        -1.38741        -5.55476        
-1.04476        0.303492        -1.29993        -5.5804        
-1.0482        0.288169        -1.21195        -5.60482        
-1.0514        0.27278        -1.12348        -5.628        
-1.05436        0.25733        -1.03454        -5.64994        
-1.05707        0.241822        -0.945123        -5.67063        
-1.05954        0.226258        -0.855257        -5.69006        
-1.06176        0.210643        -0.764951        -5.70822        
-1.06373        0.19498        -0.674219        -5.72509        
-1.06545        0.179273        -0.583075        -5.74068        
-1.06692        0.163525        -0.491531        -5.75496        
-1.06814        0.147739        -0.399602        -5.76793        
-1.06911        0.13192        -0.307302        -5.77957        
-1.06983        0.11607        -0.214646        -5.78988        
-1.07029        0.100194        -0.121647        -5.79886        
-1.07049        0.0842956        -0.0283203        -5.80647        
-1.07044        0.068378        0.0653184        -5.81273        
-1.07014        0.052445        0.159254        -5.81761        
-1.06957        0.0365006        0.253472        -5.82111        
-1.06875        0.0205486        0.347955        -5.82321        
-1.06766        0.00459264        0.442688        -5.82391        
-1.06632        -0.0113633        0.537654        -5.8232        
-1.06472        -0.0273153        0.632837        -5.82106        
-1.06285        -0.0432595        0.728219        -5.81749        
-1.06073        -0.0591919        0.823785        -5.81247        
-1.05834        -0.0751086        0.919515        -5.806        
-1.05569        -0.0910056        1.01539        -5.79806        
-1.05278        -0.106879        1.1114        -5.78865        
-1.0496        -0.122724        1.20751        -5.77775        
-1.04616        -0.138538        1.30372        -5.76536        
-1.04246        -0.154315        1.4        -5.75146        
-1.03849        -0.170053        1.49634        -5.73605        
-1.03426        -0.185746        1.5927        -5.71912        
-1.02976        -0.20139        1.68908        -5.70065        
-1.025        -0.216982        1.78545        -5.68064        
-1.01998        -0.232517        1.88179        -5.65907        
-1.01469        -0.247991        1.97808        -5.63594        
-1.00914        -0.263399        2.0743        -5.61125        
-1.00332        -0.278737        2.17042        -5.58497        
-0.997246        -0.294001        2.26642        -5.5571        
-0.990905        -0.309187        2.36228        -5.52763        
-0.984302        -0.32429        2.45798        -5.49656        
-0.977437        -0.339305        2.55349        -5.46387        
-0.97031        -0.354229        2.64878        -5.42956        
-0.962923        -0.369056        2.74384        -5.39362        
-0.955275        -0.383783        2.83863        -5.35604        
-0.947369        -0.398404        2.93313        -5.31681        
-0.939203        -0.412916        3.02732        -5.27593        
-0.930781        -0.427314        3.12116        -5.23339        
-0.922101        -0.441592        3.21463        -5.18918        
-0.913166        -0.455748        3.3077        -5.1433        
-0.903977        -0.469775        3.40035        -5.09574        
-0.894534        -0.483669        3.49254        -5.0465        
-0.88484        -0.497427        3.58425        -4.99556        
-0.874894        -0.511042        3.67544        -4.94293        
-0.8647        -0.524511        3.76608        -4.8886        
-0.854258        -0.537829        3.85615        -4.83256        
-0.843571        -0.550991        3.94561        -4.77482        
-0.832639        -0.563993        4.03443        -4.71537        
-0.821464        -0.576829        4.12257        -4.6542        
-0.810049        -0.589495        4.21001        -4.59132        
-0.798396        -0.601987        4.29672        -4.52672        
-0.786505        -0.614299        4.38264        -4.46041        
-0.774381        -0.626427        4.46776        -4.39238        
-0.762025        -0.638367        4.55204        -4.32262        
-0.749438        -0.650113        4.63544        -4.25116        
-0.736625        -0.661661        4.71792        -4.17797        
-0.723587        -0.673006        4.79945        -4.10308        
-0.710327        -0.684143        4.87999        -4.02647        
-0.696847        -0.695069        4.9595        -3.94816        
-0.683151        -0.705777        5.03795        -3.86814        
-0.669242        -0.716264        5.1153        -3.78643        
-0.655122        -0.726525        5.1915        -3.70303        
-0.640795        -0.736555        5.26652        -3.61795        
-0.626265        -0.746349        5.34032        -3.53119        
-0.611533        -0.755904        5.41285        -3.44277        
-0.596605        -0.765214        5.48408        -3.35269        
-0.581484        -0.774274        5.55397        -3.26096        
-0.566172        -0.783082        5.62247        -3.16761        
-0.550675        -0.791631        5.68955        -3.07263        
-0.534997        -0.799918        5.75515        -2.97605        
-0.51914        -0.807938        5.81925        -2.87788        
-0.503111        -0.815687        5.88179        -2.77813        
-0.486911        -0.823161        5.94273        -2.67683        
-0.470548        -0.830355        6.00203        -2.574        
-0.454024        -0.837265        6.05964        -2.46964        
-0.437344        -0.843887        6.11553        -2.3638        
-0.420514        -0.850217        6.16965        -2.25648        
-0.403538        -0.856251        6.22195        -2.14771        
-0.386421        -0.861986        6.2724        -2.03752        
-0.369169        -0.867416        6.32094        -1.92594        
-0.351786        -0.872539        6.36754        -1.81299        
-0.334278        -0.87735        6.41215        -1.69871        
-0.316651        -0.881847        6.45473        -1.58312        
-0.29891        -0.886025        6.49524        -1.46625        
-0.28106        -0.889881        6.53363        -1.34815        
-0.263109        -0.893412        6.56986        -1.22885        
-0.245061        -0.896614        6.6039        -1.10838        
-0.226923        -0.899485        6.63569        -0.986791        
-0.208701        -0.902022        6.66519        -0.864115        
-0.190401        -0.90422        6.69238        -0.740396        
-0.172031        -0.906078        6.7172        -0.615679        
-0.153595        -0.907594        6.73962        -0.490009        
-0.135101        -0.908763        6.7596        -0.363433        
-0.116556        -0.909585        6.77711        -0.236        
-0.0979663        -0.910057        6.7921        -0.107761        
-0.079339        -0.910176        6.80454        0.0212338        
-0.0606811        -0.90994        6.8144        0.15093        
-0.0419998        -0.909349        6.82165        0.281272        
-0.0233022        -0.908399        6.82624        0.412203        
-0.0045957        -0.90709        6.82816        0.543667        
0.0141124        -0.90542        6.82737        0.675601        
0.0328145        -0.903388        6.82384        0.807947        
0.0515033        -0.900993        6.81755        0.94064        
0.0701709        -0.898234        6.80847        1.07362        
0.0888099        -0.89511        6.79658        1.20681        
0.107412        -0.891621        6.78186        1.34016        
0.125971        -0.887767        6.76429        1.47359        
0.144477        -0.883547        6.74384        1.60704        
0.162923        -0.878961        6.72052        1.74043        
0.181302        -0.87401        6.69429        1.87369        
0.199604        -0.868694        6.66515        2.00675        
0.217823        -0.863014        6.6331        2.13954        
0.23595        -0.856971        6.59811        2.27198        
0.253977        -0.850565        6.56019        2.40399        
0.271896        -0.843798        6.51934        2.53551        
0.2897        -0.836672        6.47555        2.66645        
0.307379        -0.829188        6.42883        2.79673        
0.324926        -0.821347        6.37918        2.92628        
0.342333        -0.813153        6.32661        3.05503        
0.359592        -0.804607        6.27112        3.18288        
0.376696        -0.795713        6.21274        3.30977        
0.393635        -0.786472        6.15147        3.43562        
0.410402        -0.776887        6.08733        3.56033        
0.42699        -0.766963        6.02035        3.68385        
0.443391        -0.756702        5.95054        3.80608        
0.459596        -0.746108        5.87794        3.92696        
0.475598        -0.735184        5.80257        4.0464        
0.491391        -0.723936        5.72445        4.16432        
0.506965        -0.712366        5.64363        4.28066        
0.522315        -0.70048        5.56014        4.39533        
0.537432        -0.688282        5.47403        4.50827        
0.552309        -0.675777        5.38532        4.61939        
0.56694        -0.66297        5.29407        4.72862        
0.581318        -0.649867        5.20032        4.8359        
0.595435        -0.636472        5.10412        4.94116        
0.609286        -0.622792        5.00553        5.04432        
0.622863        -0.608832        4.90459        5.14533        
0.63616        -0.594599        4.80137        5.24411        
0.649172        -0.580097        4.69592        5.3406        
0.661891        -0.565335        4.5883        5.43475        
0.674313        -0.550318        4.47857        5.52649        
0.686431        -0.535053        4.36681        5.61577        
0.698241        -0.519547        4.25308        5.70253        
0.709736        -0.503806        4.13744        5.78672        
0.720912        -0.487839        4.01996        5.86829        
0.731763        -0.471651        3.90073        5.9472        
0.742286        -0.455251        3.7798        6.02339        
0.752474        -0.438646        3.65726        6.09683        
0.762325        -0.421844        3.53319        6.16747        
0.771834        -0.404852        3.40765        6.23529        
0.780997        -0.387678        3.28073        6.30023        
0.789811        -0.37033        3.1525        6.36228        
0.798271        -0.352816        3.02306        6.4214        
0.806376        -0.335144        2.89247        6.47757        
0.81412        -0.317323        2.76082        6.53076        
0.821503        -0.299359        2.62819        6.58096        
0.828522        -0.281263        2.49467        6.62814        
0.835173        -0.263041        2.36033        6.67228        
0.841455        -0.244702        2.22526        6.71339        
0.847366        -0.226255        2.08954        6.75144        
0.852904        -0.207708        1.95325        6.78644        
0.858069        -0.189069        1.81648        6.81837        
0.862858        -0.170347        1.67931        6.84723        
0.86727        -0.15155        1.54181        6.87303        
0.871306        -0.132686        1.40408        6.89578        
0.874964        -0.113765        1.26618        6.91547        
0.878244        -0.0947935        1.1282        6.93212        
0.881146        -0.0757807        0.990222        6.94573        
0.88367        -0.0567347        0.852317        6.95633        
0.885816        -0.0376638        0.714564        6.96393        
0.887585        -0.0185762        0.577037        6.96854        
0.888978        0.000519988        0.439812        6.97019        
0.889995        0.0196166        0.302961        6.9689        
0.890638        0.0387058        0.166555        6.9647        
0.890908        0.0577794        0.0306656        6.95761        
0.890806        0.0768297        -0.10464        6.94767        
0.890334        0.0958488        -0.239293        6.9349        
0.889495        0.114829        -0.373229        6.91933        
0.888289        0.133763        -0.506384        6.901        
0.88672        0.152643        -0.638694        6.87995        
0.88479        0.171461        -0.770101        6.85621        
0.8825        0.190211        -0.900544        6.82983        
0.879855        0.208885        -1.02997        6.80083        
0.876857        0.227476        -1.15831        6.76927        
0.873508        0.245977        -1.28553        6.73519        
0.869813        0.264381        -1.41157        6.69862        
0.865774        0.282682        -1.53638        6.65962        
0.861394        0.300872        -1.6599        6.61823        
0.856678        0.318946        -1.78211        6.5745        
0.851629        0.336897        -1.90294        6.52847        
0.846251        0.354718        -2.02236        6.48019        
0.840548        0.372405        -2.14033        6.42971        
0.834523        0.38995        -2.25681        6.37709        
0.828182        0.407348        -2.37176        6.32236        
0.821527        0.424593        -2.48514        6.26557        
0.814565        0.44168        -2.59693        6.20679        
