Velocity-Verlet algorithm (2D)
jupiter (x, y, vx, vy)
Timestep: 4 years

5.2        0        0        2.75439        
5.2        0.00754627        -0.00200001        2.75439        
5.19999        0.0150925        -0.00600001        2.75438        
5.19997        0.0226388        -0.00999998        2.75436        
5.19993        0.0301849        -0.0139999        2.75434        
5.19989        0.037731        -0.0179998        2.75432        
5.19984        0.0452771        -0.0219997        2.75428        
5.19977        0.052823        -0.0259994        2.75425        
5.19969        0.0603688        -0.0299992        2.7542        
5.19961        0.0679145        -0.0339988        2.75415        
5.19951        0.0754601        -0.0379984        2.7541        
5.1994        0.0830055        -0.0419978        2.75404        
5.19928        0.0905507        -0.0459972        2.75397        
5.19915        0.0980957        -0.0499965        2.7539        
5.199        0.105641        -0.0539956        2.75382        
5.19885        0.113185        -0.0579946        2.75374        
5.19869        0.12073        -0.0619935        2.75365        
5.19851        0.128274        -0.0659922        2.75355        
5.19832        0.135817        -0.0699908        2.75345        
5.19813        0.143361        -0.0739892        2.75334        
5.19792        0.150904        -0.0779875        2.75323        
5.1977        0.158447        -0.0819856        2.75311        
5.19747        0.16599        -0.0859835        2.75298        
5.19723        0.173532        -0.0899812        2.75285        
5.19698        0.181074        -0.0939787        2.75272        
5.19671        0.188615        -0.0979759        2.75258        
5.19644        0.196157        -0.101973        2.75243        
5.19615        0.203697        -0.10597        2.75227        
5.19586        0.211237        -0.109966        2.75211        
5.19555        0.218777        -0.113963        2.75195        
5.19523        0.226317        -0.117959        2.75178        
5.19491        0.233856        -0.121955        2.7516        
5.19457        0.241394        -0.12595        2.75142        
5.19421        0.248932        -0.129946        2.75123        
5.19385        0.256469        -0.133941        2.75103        
5.19348        0.264006        -0.137935        2.75083        
5.1931        0.271542        -0.14193        2.75063        
5.1927        0.279078        -0.145924        2.75042        
5.1923        0.286613        -0.149918        2.7502        
5.19188        0.294147        -0.153911        2.74998        
5.19145        0.301681        -0.157904        2.74975        
5.19102        0.309215        -0.161897        2.74951        
5.19057        0.316747        -0.16589        2.74927        
5.19011        0.324279        -0.169882        2.74902        
5.18964        0.33181        -0.173873        2.74877        
5.18915        0.339341        -0.177865        2.74851        
5.18866        0.346871        -0.181856        2.74825        
5.18816        0.3544        -0.185846        2.74798        
5.18764        0.361928        -0.189836        2.74771        
5.18712        0.369456        -0.193826        2.74742        
5.18658        0.376982        -0.197815        2.74714        
5.18603        0.384509        -0.201804        2.74684        
5.18548        0.392034        -0.205793        2.74655        
5.18491        0.399558        -0.209781        2.74624        
5.18433        0.407082        -0.213768        2.74593        
5.18374        0.414604        -0.217755        2.74562        
5.18313        0.422126        -0.221742        2.74529        
5.18252        0.429647        -0.225728        2.74497        
5.1819        0.437167        -0.229713        2.74463        
5.18126        0.444686        -0.233699        2.74429        
5.18062        0.452204        -0.237683        2.74395        
5.17996        0.459721        -0.241667        2.7436        
5.17929        0.467238        -0.245651        2.74324        
5.17861        0.474753        -0.249634        2.74288        
5.17792        0.482267        -0.253617        2.74251        
5.17722        0.48978        -0.257599        2.74214        
5.17651        0.497292        -0.26158        2.74176        
5.17579        0.504804        -0.265561        2.74137        
5.17506        0.512314        -0.269541        2.74098        
5.17431        0.519823        -0.273521        2.74058        
5.17356        0.527331        -0.2775        2.74018        
5.17279        0.534837        -0.281479        2.73977        
5.17202        0.542343        -0.285457        2.73936        
5.17123        0.549848        -0.289434        2.73894        
5.17043        0.557351        -0.293411        2.73851        
5.16962        0.564853        -0.297387        2.73808        
5.1688        0.572354        -0.301362        2.73764        
5.16797        0.579854        -0.305337        2.7372        
5.16713        0.587352        -0.309311        2.73675        
5.16627        0.59485        -0.313284        2.7363        
5.16541        0.602346        -0.317257        2.73584        
5.16454        0.609841        -0.321229        2.73537        
5.16365        0.617334        -0.325201        2.7349        
5.16275        0.624826        -0.329172        2.73442        
5.16185        0.632317        -0.333142        2.73394        
5.16093        0.639807        -0.337111        2.73345        
5.16        0.647295        -0.34108        2.73295        
5.15906        0.654782        -0.345047        2.73245        
5.15811        0.662268        -0.349015        2.73195        
5.15715        0.669752        -0.352981        2.73144        
5.15618        0.677234        -0.356947        2.73092        
5.15519        0.684716        -0.360911        2.73039        
5.1542        0.692195        -0.364875        2.72986        
5.15319        0.699674        -0.368839        2.72933        
5.15218        0.707151        -0.372801        2.72879        
5.15115        0.714626        -0.376763        2.72824        
5.15011        0.7221        -0.380724        2.72769        
5.14906        0.729572        -0.384684        2.72713        
5.148        0.737043        -0.388643        2.72657        
5.14693        0.744512        -0.392602        2.726        
5.14585        0.75198        -0.396559        2.72542        
5.14476        0.759446        -0.400516        2.72484        
5.14366        0.766911        -0.404472        2.72425        
5.14254        0.774374        -0.408427        2.72366        
5.14142        0.781835        -0.412381        2.72306        
5.14029        0.789294        -0.416335        2.72246        
5.13914        0.796752        -0.420287        2.72185        
5.13798        0.804209        -0.424239        2.72123        
5.13681        0.811663        -0.428189        2.72061        
5.13564        0.819116        -0.432139        2.71998        
5.13445        0.826567        -0.436088        2.71935        
5.13325        0.834017        -0.440036        2.71871        
5.13204        0.841464        -0.443983        2.71807        
5.13081        0.84891        -0.447929        2.71742        
5.12958        0.856354        -0.451874        2.71676        
5.12834        0.863797        -0.455818        2.7161        
5.12708        0.871237        -0.459761        2.71544        
5.12582        0.878676        -0.463703        2.71476        
5.12454        0.886112        -0.467644        2.71408        
5.12326        0.893547        -0.471584        2.7134        
5.12196        0.90098        -0.475523        2.71271        
5.12065        0.908412        -0.479461        2.71201        
5.11933        0.915841        -0.483398        2.71131        
5.118        0.923268        -0.487334        2.71061        
5.11666        0.930693        -0.49127        2.70989        
5.11531        0.938117        -0.495203        2.70917        
5.11395        0.945538        -0.499136        2.70845        
5.11257        0.952958        -0.503068        2.70772        
5.11119        0.960375        -0.506999        2.70698        
5.1098        0.96779        -0.510929        2.70624        
5.10839        0.975204        -0.514857        2.7055        
5.10698        0.982615        -0.518785        2.70474        
5.10555        0.990024        -0.522711        2.70399        
5.10411        0.997431        -0.526637        2.70322        
5.10266        1.00484        -0.530561        2.70245        
5.1012        1.01224        -0.534484        2.70168        
5.09973        1.01964        -0.538406        2.70089        
5.09825        1.02704        -0.542327        2.70011        
5.09676        1.03444        -0.546246        2.69931        
5.09526        1.04183        -0.550165        2.69852        
5.09375        1.04922        -0.554082        2.69771        
5.09222        1.05661        -0.557998        2.6969        
5.09069        1.064        -0.561913        2.69609        
5.08915        1.07138        -0.565827        2.69527        
5.08759        1.07877        -0.56974        2.69444        
5.08602        1.08615        -0.573651        2.69361        
5.08445        1.09353        -0.577561        2.69277        
5.08286        1.1009        -0.58147        2.69193        
5.08126        1.10828        -0.585378        2.69108        
5.07965        1.11565        -0.589284        2.69022        
5.07803        1.12302        -0.593189        2.68936        
5.0764        1.13039        -0.597093        2.68849        
5.07476        1.13775        -0.600996        2.68762        
5.07311        1.14511        -0.604897        2.68675        
5.07145        1.15247        -0.608797        2.68586        
5.06977        1.15983        -0.612696        2.68497        
5.06809        1.16718        -0.616594        2.68408        
5.06639        1.17454        -0.62049        2.68318        
5.06469        1.18189        -0.624385        2.68227        
5.06297        1.18923        -0.628278        2.68136        
5.06125        1.19658        -0.63217        2.68044        
5.05951        1.20392        -0.636061        2.67952        
5.05776        1.21126        -0.639951        2.67859        
5.056        1.2186        -0.643839        2.67766        
5.05423        1.22593        -0.647726        2.67672        
5.05245        1.23327        -0.651611        2.67577        
5.05066        1.24059        -0.655495        2.67482        
5.04886        1.24792        -0.659378        2.67387        
5.04705        1.25525        -0.663259        2.6729        
5.04523        1.26257        -0.667139        2.67193        
5.04339        1.26989        -0.671017        2.67096        
5.04155        1.2772        -0.674894        2.66998        
5.0397        1.28452        -0.67877        2.669        
5.03783        1.29183        -0.682644        2.66801        
5.03596        1.29914        -0.686517        2.66701        
5.03407        1.30644        -0.690388        2.66601        
5.03217        1.31374        -0.694258        2.665        
5.03026        1.32104        -0.698126        2.66399        
5.02835        1.32834        -0.701993        2.66297        
5.02642        1.33564        -0.705858        2.66195        
5.02448        1.34293        -0.709722        2.66092        
5.02253        1.35022        -0.713585        2.65988        
5.02057        1.3575        -0.717445        2.65884        
5.0186        1.36479        -0.721305        2.65779        
5.01662        1.37207        -0.725163        2.65674        
5.01462        1.37934        -0.729019        2.65568        
5.01262        1.38662        -0.732874        2.65462        
5.01061        1.39389        -0.736727        2.65355        
5.00859        1.40116        -0.740578        2.65248        
5.00655        1.40842        -0.744428        2.6514        
5.00451        1.41569        -0.748277        2.65031        
5.00245        1.42295        -0.752124        2.64922        
5.00038        1.4302        -0.755969        2.64812        
4.99831        1.43746        -0.759813        2.64702        
4.99622        1.44471        -0.763655        2.64591        
4.99412        1.45195        -0.767495        2.6448        
4.99202        1.4592        -0.771334        2.64368        
4.9899        1.46644        -0.775171        2.64256        
4.98777        1.47368        -0.779007        2.64143        
4.98563        1.48091        -0.78284        2.64029        
4.98348        1.48815        -0.786673        2.63915        
4.98132        1.49537        -0.790503        2.638        
4.97915        1.5026        -0.794332        2.63685        
4.97697        1.50982        -0.798159        2.63569        
4.97477        1.51704        -0.801985        2.63453        
4.97257        1.52426        -0.805809        2.63336        
4.97036        1.53147        -0.809631        2.63218        
4.96814        1.53868        -0.813451        2.631        
4.9659        1.54589        -0.81727        2.62982        
4.96366        1.55309        -0.821087        2.62863        
4.9614        1.56029        -0.824902        2.62743        
4.95914        1.56749        -0.828716        2.62623        
4.95686        1.57468        -0.832527        2.62502        
4.95458        1.58187        -0.836337        2.62381        
4.95228        1.58906        -0.840146        2.62259        
4.94997        1.59624        -0.843952        2.62136        
4.94765        1.60342        -0.847757        2.62013        
4.94533        1.6106        -0.851559        2.6189        
4.94299        1.61777        -0.85536        2.61766        
4.94064        1.62494        -0.85916        2.61641        
4.93828        1.63211        -0.862957        2.61516        
4.93591        1.63927        -0.866753        2.6139        
4.93353        1.64643        -0.870546        2.61264        
4.93114        1.65359        -0.874338        2.61137        
4.92874        1.66074        -0.878128        2.6101        
4.92633        1.66789        -0.881917        2.60882        
4.92391        1.67504        -0.885703        2.60753        
4.92148        1.68218        -0.889487        2.60624        
4.91903        1.68932        -0.89327        2.60494        
4.91658        1.69645        -0.897051        2.60364        
4.91412        1.70358        -0.900829        2.60234        
4.91165        1.71071        -0.904606        2.60102        
4.90916        1.71784        -0.908381        2.59971        
4.90667        1.72496        -0.912154        2.59838        
4.90416        1.73207        -0.915925        2.59705        
4.90165        1.73919        -0.919695        2.59572        
4.89912        1.7463        -0.923462        2.59438        
4.89659        1.7534        -0.927227        2.59303        
4.89404        1.7605        -0.930991        2.59168        
4.89149        1.7676        -0.934752        2.59033        
4.88892        1.7747        -0.938511        2.58897        
4.88635        1.78179        -0.942269        2.5876        
4.88376        1.78888        -0.946024        2.58623        
4.88116        1.79596        -0.949778        2.58485        
4.87855        1.80304        -0.953529        2.58346        
4.87594        1.81012        -0.957278        2.58208        
4.87331        1.81719        -0.961026        2.58068        
4.87067        1.82426        -0.964771        2.57928        
4.86802        1.83132        -0.968514        2.57788        
4.86536        1.83838        -0.972256        2.57647        
4.8627        1.84544        -0.975995        2.57505        
4.86002        1.85249        -0.979732        2.57363        
4.85733        1.85954        -0.983467        2.5722        
4.85463        1.86659        -0.9872        2.57077        
4.85192        1.87363        -0.990931        2.56933        
4.8492        1.88066        -0.99466        2.56789        
4.84647        1.8877        -0.998386        2.56644        
4.84373        1.89473        -1.00211        2.56499        
4.84098        1.90175        -1.00583        2.56353        
4.83822        1.90877        -1.00955        2.56206        
4.83544        1.91579        -1.01327        2.56059        
4.83266        1.9228        -1.01699        2.55912        
4.82987        1.92981        -1.0207        2.55764        
4.82707        1.93682        -1.02441        2.55615        
4.82426        1.94382        -1.02812        2.55466        
4.82144        1.95082        -1.03183        2.55316        
4.8186        1.95781        -1.03554        2.55166        
4.81576        1.9648        -1.03924        2.55015        
4.81291        1.97178        -1.04294        2.54864        
4.81005        1.97876        -1.04664        2.54712        
4.80718        1.98574        -1.05034        2.5456        
4.80429        1.99271        -1.05403        2.54407        
4.8014        1.99968        -1.05772        2.54253        
4.7985        2.00664        -1.06141        2.54099        
4.79558        2.0136        -1.0651        2.53945        
4.79266        2.02056        -1.06878        2.5379        
4.78973        2.02751        -1.07247        2.53634        
4.78678        2.03446        -1.07615        2.53478        
4.78383        2.0414        -1.07983        2.53321        
4.78087        2.04834        -1.0835        2.53164        
4.77789        2.05527        -1.08718        2.53006        
4.77491        2.0622        -1.09085        2.52848        
4.77192        2.06913        -1.09452        2.52689        
4.76891        2.07605        -1.09818        2.5253        
4.7659        2.08296        -1.10185        2.5237        
4.76288        2.08988        -1.10551        2.5221        
4.75984        2.09678        -1.10917        2.52049        
4.7568        2.10369        -1.11283        2.51888        
4.75374        2.11059        -1.11648        2.51726        
4.75068        2.11748        -1.12014        2.51563        
4.74761        2.12437        -1.12379        2.514        
4.74452        2.13125        -1.12744        2.51236        
4.74143        2.13814        -1.13108        2.51072        
4.73832        2.14501        -1.13473        2.50908        
4.73521        2.15188        -1.13837        2.50743        
4.73209        2.15875        -1.14201        2.50577        
4.72895        2.16561        -1.14564        2.50411        
4.72581        2.17247        -1.14928        2.50244        
4.72266        2.17933        -1.15291        2.50077        
4.71949        2.18618        -1.15654        2.49909        
4.71632        2.19302        -1.16016        2.49741        
4.71313        2.19986        -1.16379        2.49572        
4.70994        2.2067        -1.16741        2.49402        
4.70674        2.21353        -1.17103        2.49233        
4.70352        2.22035        -1.17464        2.49062        
4.7003        2.22717        -1.17826        2.48891        
4.69707        2.23399        -1.18187        2.4872        
4.69383        2.2408        -1.18548        2.48548        
4.69057        2.24761        -1.18909        2.48375        
4.68731        2.25441        -1.19269        2.48202        
4.68404        2.26121        -1.19629        2.48029        
4.68076        2.268        -1.19989        2.47855        
4.67746        2.27479        -1.20349        2.4768        
4.67416        2.28157        -1.20708        2.47505        
4.67085        2.28835        -1.21067        2.47329        
4.66753        2.29513        -1.21426        2.47153        
4.6642        2.30189        -1.21785        2.46976        
4.66085        2.30866        -1.22143        2.46799        
4.6575        2.31542        -1.22501        2.46622        
4.65414        2.32217        -1.22859        2.46443        
4.65077        2.32892        -1.23217        2.46265        
4.64739        2.33567        -1.23574        2.46085        
4.644        2.34241        -1.23931        2.45905        
4.6406        2.34914        -1.24288        2.45725        
4.63719        2.35587        -1.24645        2.45544        
4.63377        2.36259        -1.25001        2.45363        
4.63034        2.36931        -1.25357        2.45181        
4.6269        2.37603        -1.25713        2.44999        
4.62345        2.38274        -1.26068        2.44816        
4.61999        2.38944        -1.26424        2.44632        
4.61652        2.39614        -1.26779        2.44449        
4.61305        2.40284        -1.27133        2.44264        
4.60956        2.40953        -1.27488        2.44079        
4.60606        2.41621        -1.27842        2.43894        
4.60255        2.42289        -1.28196        2.43708        
4.59904        2.42957        -1.2855        2.43521        
4.59551        2.43624        -1.28903        2.43334        
4.59197        2.4429        -1.29256        2.43147        
4.58843        2.44956        -1.29609        2.42959        
4.58487        2.45621        -1.29961        2.4277        
4.58131        2.46286        -1.30314        2.42581        
4.57773        2.4695        -1.30666        2.42392        
4.57415        2.47614        -1.31017        2.42201        
4.57055        2.48278        -1.31369        2.42011        
4.56695        2.4894        -1.3172        2.4182        
4.56333        2.49603        -1.32071        2.41628        
4.55971        2.50264        -1.32421        2.41436        
4.55608        2.50926        -1.32772        2.41243        
4.55244        2.51586        -1.33122        2.4105        
4.54878        2.52246        -1.33472        2.40857        
4.54512        2.52906        -1.33821        2.40663        
4.54145        2.53565        -1.3417        2.40468        
4.53777        2.54224        -1.34519        2.40273        
4.53408        2.54882        -1.34868        2.40077        
4.53038        2.55539        -1.35216        2.39881        
4.52667        2.56196        -1.35564        2.39684        
4.52295        2.56852        -1.35912        2.39487        
4.51922        2.57508        -1.3626        2.39289        
4.51549        2.58164        -1.36607        2.39091        
4.51174        2.58818        -1.36954        2.38893        
4.50798        2.59473        -1.373        2.38693        
4.50421        2.60126        -1.37647        2.38494        
4.50044        2.60779        -1.37993        2.38294        
4.49665        2.61432        -1.38339        2.38093        
4.49286        2.62084        -1.38684        2.37892        
4.48905        2.62736        -1.39029        2.3769        
4.48524        2.63387        -1.39374        2.37488        
4.48142        2.64037        -1.39719        2.37285        
4.47758        2.64687        -1.40063        2.37082        
4.47374        2.65336        -1.40407        2.36878        
4.46989        2.65985        -1.40751        2.36674        
4.46603        2.66633        -1.41094        2.36469        
4.46216        2.6728        -1.41437        2.36264        
4.45828        2.67927        -1.4178        2.36058        
4.45439        2.68574        -1.42123        2.35852        
4.45049        2.6922        -1.42465        2.35646        
4.44658        2.69865        -1.42807        2.35438        
4.44267        2.7051        -1.43148        2.35231        
4.43874        2.71154        -1.4349        2.35023        
4.43481        2.71798        -1.43831        2.34814        
4.43086        2.72441        -1.44171        2.34605        
4.42691        2.73083        -1.44512        2.34395        
4.42294        2.73725        -1.44852        2.34185        
4.41897        2.74366        -1.45192        2.33974        
4.41499        2.75007        -1.45531        2.33763        
4.41099        2.75647        -1.4587        2.33552        
4.40699        2.76287        -1.46209        2.3334        
4.40298        2.76926        -1.46548        2.33127        
4.39896        2.77564        -1.46886        2.32914        
4.39493        2.78202        -1.47224        2.327        
4.3909        2.78839        -1.47562        2.32486        
4.38685        2.79476        -1.47899        2.32272        
4.38279        2.80112        -1.48236        2.32057        
4.37873        2.80747        -1.48573        2.31841        
4.37465        2.81382        -1.48909        2.31625        
4.37057        2.82017        -1.49245        2.31409        
4.36647        2.8265        -1.49581        2.31192        
4.36237        2.83283        -1.49916        2.30974        
4.35826        2.83916        -1.50251        2.30756        
4.35414        2.84548        -1.50586        2.30538        
4.35001        2.85179        -1.50921        2.30319        
4.34587        2.8581        -1.51255        2.30099        
4.34172        2.8644        -1.51589        2.29879        
4.33756        2.8707        -1.51922        2.29659        
4.33339        2.87698        -1.52255        2.29438        
4.32922        2.88327        -1.52588        2.29217        
4.32503        2.88954        -1.52921        2.28995        
4.32084        2.89581        -1.53253        2.28773        
4.31664        2.90208        -1.53585        2.2855        
4.31242        2.90834        -1.53917        2.28326        
4.3082        2.91459        -1.54248        2.28103        
4.30397        2.92084        -1.54579        2.27878        
4.29973        2.92708        -1.5491        2.27654        
4.29548        2.93331        -1.5524        2.27428        
4.29123        2.93954        -1.5557        2.27203        
4.28696        2.94576        -1.559        2.26977        
4.28268        2.95198        -1.56229        2.2675        
4.2784        2.95818        -1.56558        2.26523        
4.27411        2.96439        -1.56887        2.26295        
4.2698        2.97058        -1.57215        2.26067        
4.26549        2.97678        -1.57543        2.25839        
4.26117        2.98296        -1.57871        2.2561        
4.25684        2.98914        -1.58198        2.2538        
4.2525        2.99531        -1.58525        2.2515        
4.24815        3.00147        -1.58852        2.2492        
4.2438        3.00763        -1.59178        2.24689        
4.23943        3.01379        -1.59504        2.24457        
4.23506        3.01993        -1.59829        2.24226        
4.23067        3.02607        -1.60155        2.23993        
4.22628        3.03221        -1.6048        2.2376        
4.22188        3.03833        -1.60804        2.23527        
4.21747        3.04445        -1.61129        2.23293        
4.21305        3.05057        -1.61453        2.23059        
4.20862        3.05668        -1.61776        2.22824        
4.20419        3.06278        -1.621        2.22589        
4.19974        3.06887        -1.62423        2.22354        
4.19529        3.07496        -1.62745        2.22118        
4.19082        3.08104        -1.63067        2.21881        
4.18635        3.08712        -1.63389        2.21644        
4.18187        3.09319        -1.63711        2.21407        
4.17738        3.09925        -1.64032        2.21169        
4.17288        3.10531        -1.64353        2.2093        
4.16838        3.11136        -1.64674        2.20691        
4.16386        3.1174        -1.64994        2.20452        
4.15934        3.12344        -1.65314        2.20212        
4.1548        3.12947        -1.65633        2.19972        
4.15026        3.13549        -1.65952        2.19731        
4.14571        3.14151        -1.66271        2.1949        
4.14115        3.14752        -1.6659        2.19248        
4.13658        3.15352        -1.66908        2.19006        
4.132        3.15952        -1.67225        2.18763        
4.12742        3.16551        -1.67543        2.1852        
4.12282        3.17149        -1.6786        2.18277        
4.11822        3.17747        -1.68176        2.18033        
4.11361        3.18344        -1.68493        2.17788        
4.10899        3.1894        -1.68809        2.17544        
4.10436        3.19536        -1.69124        2.17298        
4.09972        3.20131        -1.6944        2.17052        
4.09507        3.20725        -1.69755        2.16806        
4.09042        3.21319        -1.70069        2.16559        
4.08575        3.21912        -1.70383        2.16312        
4.08108        3.22504        -1.70697        2.16065        
4.0764        3.23096        -1.71011        2.15816        
4.07171        3.23687        -1.71324        2.15568        
4.06701        3.24277        -1.71636        2.15319        
4.06231        3.24866        -1.71949        2.1507        
4.05759        3.25455        -1.72261        2.1482        
4.05287        3.26044        -1.72573        2.14569        
4.04814        3.26631        -1.72884        2.14318        
4.04339        3.27218        -1.73195        2.14067        
4.03865        3.27804        -1.73505        2.13815        
4.03389        3.28389        -1.73816        2.13563        
4.02912        3.28974        -1.74125        2.13311        
4.02435        3.29558        -1.74435        2.13058        
4.01956        3.30142        -1.74744        2.12804        
4.01477        3.30724        -1.75053        2.1255        
4.00997        3.31306        -1.75361        2.12296        
4.00516        3.31888        -1.75669        2.12041        
4.00035        3.32468        -1.75977        2.11786        
3.99552        3.33048        -1.76284        2.1153        
3.99069        3.33627        -1.76591        2.11274        
3.98584        3.34206        -1.76897        2.11017        
3.98099        3.34784        -1.77203        2.1076        
3.97613        3.35361        -1.77509        2.10503        
3.97127        3.35937        -1.77815        2.10245        
3.96639        3.36513        -1.7812        2.09986        
3.96151        3.37088        -1.78424        2.09727        
3.95661        3.37662        -1.78729        2.09468        
3.95171        3.38235        -1.79032        2.09208        
3.9468        3.38808        -1.79336        2.08948        
3.94189        3.3938        -1.79639        2.08688        
3.93696        3.39952        -1.79942        2.08427        
3.93203        3.40522        -1.80244        2.08165        
3.92708        3.41092        -1.80546        2.07903        
3.92213        3.41662        -1.80848        2.07641        
3.91718        3.4223        -1.81149        2.07378        
3.91221        3.42798        -1.8145        2.07115        
3.90723        3.43365        -1.8175        2.06851        
3.90225        3.43931        -1.82051        2.06587        
3.89726        3.44497        -1.8235        2.06322        
3.89226        3.45062        -1.8265        2.06057        
3.88725        3.45626        -1.82948        2.05792        
3.88223        3.46189        -1.83247        2.05526        
3.87721        3.46752        -1.83545        2.0526        
3.87218        3.47314        -1.83843        2.04993        
3.86713        3.47875        -1.8414        2.04726        
3.86209        3.48436        -1.84437        2.04459        
3.85703        3.48996        -1.84734        2.04191        
3.85196        3.49555        -1.8503        2.03922        
3.84689        3.50113        -1.85326        2.03653        
3.84181        3.50671        -1.85622        2.03384        
3.83672        3.51228        -1.85917        2.03114        
3.83162        3.51784        -1.86211        2.02844        
3.82652        3.52339        -1.86506        2.02574        
3.8214        3.52894        -1.86799        2.02303        
3.81628        3.53448        -1.87093        2.02031        
3.81115        3.54001        -1.87386        2.01759        
3.80601        3.54553        -1.87679        2.01487        
3.80087        3.55105        -1.87971        2.01214        
3.79571        3.55656        -1.88263        2.00941        
3.79055        3.56206        -1.88554        2.00668        
3.78538        3.56755        -1.88846        2.00394        
3.7802        3.57304        -1.89136        2.00119        
3.77502        3.57852        -1.89427        1.99844        
3.76982        3.58399        -1.89717        1.99569        
3.76462        3.58945        -1.90006        1.99294        
3.75941        3.59491        -1.90295        1.99018        
3.75419        3.60036        -1.90584        1.98741        
3.74897        3.6058        -1.90872        1.98464        
3.74374        3.61123        -1.9116        1.98187        
3.73849        3.61666        -1.91448        1.97909        
3.73325        3.62208        -1.91735        1.97631        
3.72799        3.62749        -1.92021        1.97352        
3.72272        3.63289        -1.92308        1.97073        
3.71745        3.63829        -1.92594        1.96794        
3.71217        3.64367        -1.92879        1.96514        
3.70688        3.64905        -1.93164        1.96234        
3.70159        3.65443        -1.93449        1.95953        
3.69628        3.65979        -1.93733        1.95672        
3.69097        3.66515        -1.94017        1.95391        
3.68565        3.6705        -1.94301        1.95109        
3.68032        3.67584        -1.94584        1.94827        
3.67499        3.68117        -1.94866        1.94544        
3.66965        3.6865        -1.95148        1.94261        
3.6643        3.69182        -1.9543        1.93977        
3.65894        3.69713        -1.95712        1.93693        
3.65357        3.70243        -1.95993        1.93409        
3.6482        3.70773        -1.96273        1.93124        
3.64282        3.71301        -1.96553        1.92839        
3.63743        3.71829        -1.96833        1.92553        
3.63203        3.72356        -1.97112        1.92267        
3.62663        3.72883        -1.97391        1.91981        
3.62122        3.73408        -1.9767        1.91694        
3.6158        3.73933        -1.97948        1.91407        
3.61037        3.74457        -1.98226        1.9112        
3.60494        3.7498        -1.98503        1.90832        
3.59949        3.75503        -1.9878        1.90543        
3.59404        3.76024        -1.99056        1.90254        
3.58859        3.76545        -1.99332        1.89965        
3.58312        3.77065        -1.99608        1.89676        
3.57765        3.77585        -1.99883        1.89386        
3.57217        3.78103        -2.00158        1.89095        
3.56668        3.78621        -2.00432        1.88805        
3.56119        3.79138        -2.00706        1.88513        
3.55568        3.79654        -2.00979        1.88222        
3.55017        3.80169        -2.01252        1.8793        
3.54466        3.80683        -2.01525        1.87637        
3.53913        3.81197        -2.01797        1.87345        
3.5336        3.8171        -2.02069        1.87052        
3.52806        3.82222        -2.0234        1.86758        
3.52251        3.82733        -2.02611        1.86464        
3.51696        3.83244        -2.02882        1.8617        
3.51139        3.83753        -2.03152        1.85875        
3.50582        3.84262        -2.03422        1.8558        
3.50025        3.8477        -2.03691        1.85284        
3.49466        3.85277        -2.0396        1.84988        
3.48907        3.85784        -2.04228        1.84692        
3.48347        3.86289        -2.04496        1.84395        
3.47787        3.86794        -2.04763        1.84098        
3.47225        3.87298        -2.0503        1.83801        
3.46663        3.87801        -2.05297        1.83503        
3.461        3.88304        -2.05563        1.83205        
3.45537        3.88805        -2.05829        1.82906        
3.44973        3.89306        -2.06094        1.82607        
3.44408        3.89806        -2.06359        1.82308        
3.43842        3.90305        -2.06624        1.82008        
3.43275        3.90803        -2.06888        1.81708        
3.42708        3.91301        -2.07151        1.81407        
3.4214        3.91797        -2.07415        1.81106        
3.41572        3.92293        -2.07677        1.80805        
3.41002        3.92788        -2.0794        1.80504        
3.40432        3.93282        -2.08201        1.80201        
3.39862        3.93775        -2.08463        1.79899        
3.3929        3.94268        -2.08724        1.79596        
3.38718        3.94759        -2.08984        1.79293        
3.38145        3.9525        -2.09244        1.78989        
3.37571        3.9574        -2.09504        1.78685        
3.36997        3.96229        -2.09763        1.78381        
3.36422        3.96718        -2.10022        1.78076        
3.35846        3.97205        -2.1028        1.77771        
3.3527        3.97692        -2.10538        1.77466        
3.34693        3.98177        -2.10796        1.7716        
3.34115        3.98662        -2.11053        1.76854        
3.33536        3.99147        -2.11309        1.76547        
3.32957        3.9963        -2.11565        1.7624        
3.32377        4.00112        -2.11821        1.75933        
3.31796        4.00594        -2.12076        1.75625        
3.31215        4.01075        -2.12331        1.75317        
3.30633        4.01554        -2.12585        1.75009        
3.3005        4.02034        -2.12839        1.747        
3.29466        4.02512        -2.13093        1.74391        
3.28882        4.02989        -2.13346        1.74081        
3.28297        4.03466        -2.13598        1.73772        
3.27712        4.03941        -2.1385        1.73461        
3.27126        4.04416        -2.14102        1.73151        
3.26539        4.0489        -2.14353        1.7284        
3.25951        4.05363        -2.14604        1.72528        
3.25363        4.05835        -2.14854        1.72217        
3.24774        4.06307        -2.15104        1.71905        
3.24184        4.06777        -2.15353        1.71592        
3.23594        4.07247        -2.15602        1.71279        
3.23003        4.07716        -2.15851        1.70966        
3.22411        4.08184        -2.16099        1.70653        
3.21819        4.08651        -2.16346        1.70339        
3.21226        4.09117        -2.16593        1.70024        
3.20632        4.09583        -2.1684        1.6971        
3.20037        4.10047        -2.17086        1.69395        
3.19442        4.10511        -2.17332        1.6908        
3.18847        4.10974        -2.17577        1.68764        
3.1825        4.11435        -2.17822        1.68448        
3.17653        4.11897        -2.18066        1.68131        
3.17055        4.12357        -2.1831        1.67815        
3.16457        4.12816        -2.18554        1.67498        
3.15858        4.13275        -2.18797        1.6718        
3.15258        4.13732        -2.19039        1.66862        
3.14657        4.14189        -2.19281        1.66544        
3.14056        4.14645        -2.19523        1.66226        
3.13455        4.151        -2.19764        1.65907        
3.12852        4.15554        -2.20005        1.65588        
3.12249        4.16007        -2.20245        1.65268        
3.11645        4.16459        -2.20485        1.64948        
3.11041        4.16911        -2.20724        1.64628        
3.10436        4.17361        -2.20963        1.64307        
3.0983        4.17811        -2.21201        1.63987        
3.09224        4.1826        -2.21439        1.63665        
3.08617        4.18708        -2.21676        1.63344        
3.08009        4.19155        -2.21913        1.63022        
3.07401        4.19601        -2.2215        1.62699        
3.06792        4.20047        -2.22386        1.62377        
3.06182        4.20491        -2.22621        1.62054        
3.05572        4.20935        -2.22856        1.6173        
3.04961        4.21377        -2.23091        1.61407        
3.0435        4.21819        -2.23325        1.61083        
3.03737        4.2226        -2.23559        1.60758        
3.03125        4.227        -2.23792        1.60434        
3.02511        4.23139        -2.24025        1.60109        
3.01897        4.23577        -2.24257        1.59783        
3.01282        4.24014        -2.24489        1.59457        
3.00667        4.24451        -2.2472        1.59131        
3.00051        4.24886        -2.24951        1.58805        
2.99434        4.25321        -2.25181        1.58478        
2.98817        4.25755        -2.25411        1.58151        
2.98199        4.26188        -2.25641        1.57824        
2.97581        4.2662        -2.2587        1.57496        
2.96962        4.27051        -2.26098        1.57168        
2.96342        4.27481        -2.26326        1.5684        
2.95722        4.2791        -2.26554        1.56511        
2.95101        4.28338        -2.26781        1.56182        
2.94479        4.28766        -2.27007        1.55853        
2.93857        4.29192        -2.27233        1.55523        
2.93234        4.29618        -2.27459        1.55193        
2.9261        4.30043        -2.27684        1.54863        
2.91986        4.30467        -2.27909        1.54532        
2.91361        4.30889        -2.28133        1.54201        
2.90736        4.31311        -2.28357        1.5387        
2.9011        4.31733        -2.2858        1.53538        
2.89484        4.32153        -2.28803        1.53206        
2.88857        4.32572        -2.29025        1.52874        
2.88229        4.3299        -2.29247        1.52541        
2.876        4.33408        -2.29468        1.52208        
2.86971        4.33824        -2.29689        1.51875        
2.86342        4.3424        -2.29909        1.51541        
2.85712        4.34655        -2.30129        1.51207        
2.85081        4.35069        -2.30348        1.50873        
2.84449        4.35481        -2.30567        1.50539        
2.83817        4.35893        -2.30785        1.50204        
2.83185        4.36305        -2.31003        1.49869        
2.82552        4.36715        -2.31221        1.49533        
2.81918        4.37124        -2.31438        1.49197        
2.81284        4.37532        -2.31654        1.48861        
2.80649        4.3794        -2.3187        1.48525        
2.80013        4.38346        -2.32085        1.48188        
2.79377        4.38752        -2.323        1.47851        
2.7874        4.39156        -2.32515        1.47514        
2.78103        4.3956        -2.32729        1.47176        
2.77465        4.39963        -2.32942        1.46838        
2.76826        4.40364        -2.33155        1.465        
2.76187        4.40765        -2.33368        1.46161        
2.75548        4.41165        -2.3358        1.45822        
2.74907        4.41564        -2.33791        1.45483        
2.74267        4.41962        -2.34002        1.45143        
2.73625        4.4236        -2.34213        1.44803        
2.72983        4.42756        -2.34423        1.44463        
2.72341        4.43151        -2.34633        1.44123        
2.71698        4.43546        -2.34842        1.43782        
2.71054        4.43939        -2.3505        1.43441        
2.7041        4.44332        -2.35258        1.431        
2.69765        4.44723        -2.35466        1.42758        
2.69119        4.45114        -2.35673        1.42416        
2.68473        4.45504        -2.3588        1.42074        
2.67827        4.45892        -2.36086        1.41731        
2.6718        4.4628        -2.36291        1.41388        
2.66532        4.46667        -2.36496        1.41045        
2.65884        4.47053        -2.36701        1.40702        
2.65235        4.47438        -2.36905        1.40358        
2.64586        4.47822        -2.37109        1.40014        
2.63936        4.48205        -2.37312        1.3967        
2.63286        4.48587        -2.37514        1.39325        
2.62635        4.48969        -2.37717        1.3898        
2.61983        4.49349        -2.37918        1.38635        
2.61331        4.49728        -2.38119        1.38289        
2.60678        4.50107        -2.3832        1.37944        
2.60025        4.50484        -2.3852        1.37597        
2.59371        4.50861        -2.3872        1.37251        
2.58717        4.51236        -2.38919        1.36904        
2.58062        4.51611        -2.39117        1.36557        
2.57407        4.51984        -2.39315        1.3621        
2.56751        4.52357        -2.39513        1.35863        
2.56094        4.52729        -2.3971        1.35515        
2.55437        4.531        -2.39907        1.35167        
2.5478        4.5347        -2.40103        1.34818        
2.54122        4.53838        -2.40298        1.3447        
2.53463        4.54206        -2.40493        1.34121        
2.52804        4.54573        -2.40688        1.33771        
2.52144        4.54939        -2.40882        1.33422        
2.51484        4.55304        -2.41075        1.33072        
2.50823        4.55669        -2.41269        1.32722        
2.50162        4.56032        -2.41461        1.32372        
2.495        4.56394        -2.41653        1.32021        
2.48838        4.56755        -2.41845        1.3167        
2.48175        4.57115        -2.42036        1.31319        
2.47512        4.57475        -2.42226        1.30967        
2.46848        4.57833        -2.42416        1.30616        
2.46183        4.5819        -2.42606        1.30264        
2.45518        4.58547        -2.42795        1.29911        
2.44853        4.58902        -2.42983        1.29559        
2.44187        4.59257        -2.43171        1.29206        
2.43521        4.5961        -2.43358        1.28853        
2.42854        4.59963        -2.43545        1.28499        
2.42186        4.60314        -2.43732        1.28146        
2.41518        4.60665        -2.43918        1.27792        
2.40849        4.61015        -2.44103        1.27437        
2.4018        4.61363        -2.44288        1.27083        
2.39511        4.61711        -2.44472        1.26728        
2.38841        4.62058        -2.44656        1.26373        
2.3817        4.62403        -2.44839        1.26018        
2.37499        4.62748        -2.45022        1.25662        
2.36828        4.63092        -2.45204        1.25307        
2.36156        4.63435        -2.45386        1.2495        
2.35483        4.63777        -2.45567        1.24594        
2.3481        4.64117        -2.45748        1.24237        
2.34137        4.64457        -2.45928        1.23881        
2.33463        4.64796        -2.46108        1.23523        
2.32788        4.65134        -2.46287        1.23166        
2.32113        4.65471        -2.46466        1.22808        
2.31438        4.65807        -2.46644        1.22451        
2.30762        4.66142        -2.46822        1.22092        
2.30085        4.66476        -2.46999        1.21734        
2.29408        4.66809        -2.47175        1.21375        
2.28731        4.67141        -2.47352        1.21016        
2.28053        4.67472        -2.47527        1.20657        
2.27374        4.67802        -2.47702        1.20298        
2.26696        4.68131        -2.47877        1.19938        
2.26016        4.68459        -2.48051        1.19578        
2.25336        4.68787        -2.48224        1.19218        
2.24656        4.69113        -2.48397        1.18857        
2.23975        4.69438        -2.48569        1.18497        
2.23294        4.69762        -2.48741        1.18136        
2.22612        4.70085        -2.48913        1.17775        
2.2193        4.70407        -2.49084        1.17413        
2.21247        4.70729        -2.49254        1.17051        
2.20564        4.71049        -2.49424        1.16689        
2.19881        4.71368        -2.49593        1.16327        
2.19197        4.71686        -2.49762        1.15965        
2.18512        4.72003        -2.4993        1.15602        
2.17827        4.7232        -2.50098        1.15239        
2.17142        4.72635        -2.50265        1.14876        
2.16456        4.72949        -2.50431        1.14513        
2.1577        4.73262        -2.50598        1.14149        
2.15083        4.73574        -2.50763        1.13785        
2.14396        4.73886        -2.50928        1.13421        
2.13708        4.74196        -2.51093        1.13056        
2.1302        4.74505        -2.51257        1.12692        
2.12331        4.74813        -2.5142        1.12327        
2.11642        4.75121        -2.51583        1.11962        
2.10953        4.75427        -2.51746        1.11597        
2.10263        4.75732        -2.51908        1.11231        
2.09572        4.76036        -2.52069        1.10865        
2.08881        4.7634        -2.5223        1.10499        
2.0819        4.76642        -2.5239        1.10133        
2.07498        4.76943        -2.5255        1.09766        
2.06806        4.77243        -2.52709        1.094        
2.06114        4.77543        -2.52868        1.09033        
2.05421        4.77841        -2.53026        1.08666        
2.04727        4.78138        -2.53184        1.08298        
2.04033        4.78434        -2.53341        1.0793        
2.03339        4.78729        -2.53497        1.07563        
2.02644        4.79024        -2.53653        1.07194        
2.01949        4.79317        -2.53809        1.06826        
2.01254        4.79609        -2.53964        1.06458        
2.00558        4.799        -2.54118        1.06089        
1.99861        4.8019        -2.54272        1.0572        
1.99164        4.80479        -2.54425        1.05351        
1.98467        4.80768        -2.54578        1.04981        
1.97769        4.81055        -2.54731        1.04611        
1.97071        4.81341        -2.54882        1.04242        
1.96373        4.81626        -2.55034        1.03871        
1.95674        4.8191        -2.55184        1.03501        
1.94975        4.82193        -2.55334        1.03131        
1.94275        4.82475        -2.55484        1.0276        
1.93575        4.82756        -2.55633        1.02389        
1.92874        4.83036        -2.55782        1.02018        
1.92173        4.83315        -2.5593        1.01646        
1.91472        4.83593        -2.56077        1.01274        
1.9077        4.8387        -2.56224        1.00903        
1.90068        4.84146        -2.5637        1.00531        
1.89365        4.84421        -2.56516        1.00158        
1.88662        4.84695        -2.56661        0.997858        
1.87959        4.84968        -2.56806        0.994131        
1.87255        4.85239        -2.5695        0.990402        
1.86551        4.8551        -2.57094        0.986671        
1.85846        4.8578        -2.57237        0.982938        
1.85141        4.86049        -2.5738        0.979203        
1.84436        4.86317        -2.57522        0.975465        
1.8373        4.86583        -2.57663        0.971726        
1.83024        4.86849        -2.57804        0.967984        
1.82318        4.87114        -2.57945        0.964241        
1.81611        4.87377        -2.58085        0.960495        
1.80903        4.8764        -2.58224        0.956748        
1.80196        4.87902        -2.58363        0.952998        
1.79488        4.88162        -2.58501        0.949246        
1.78779        4.88422        -2.58639        0.945493        
1.78071        4.8868        -2.58776        0.941737        
1.77361        4.88938        -2.58912        0.937979        
1.76652        4.89194        -2.59049        0.93422        
1.75942        4.8945        -2.59184        0.930458        
1.75232        4.89704        -2.59319        0.926695        
1.74521        4.89957        -2.59454        0.922929        
1.7381        4.9021        -2.59587        0.919162        
1.73099        4.90461        -2.59721        0.915392        
1.72387        4.90711        -2.59854        0.911621        
1.71675        4.90961        -2.59986        0.907848        
1.70962        4.91209        -2.60117        0.904072        
1.7025        4.91456        -2.60249        0.900295        
1.69536        4.91702        -2.60379        0.896516        
1.68823        4.91947        -2.60509        0.892735        
1.68109        4.92191        -2.60639        0.888953        
1.67395        4.92434        -2.60768        0.885168        
1.6668        4.92676        -2.60896        0.881381        
1.65965        4.92917        -2.61024        0.877593        
1.6525        4.93157        -2.61151        0.873803        
1.64534        4.93396        -2.61278        0.870011        
1.63818        4.93634        -2.61404        0.866217        
1.63102        4.93871        -2.6153        0.862421        
1.62385        4.94107        -2.61655        0.858623        
1.61668        4.94341        -2.6178        0.854824        
1.60951        4.94575        -2.61904        0.851023        
1.60233        4.94808        -2.62027        0.84722        
1.59515        4.95039        -2.6215        0.843415        
1.58796        4.9527        -2.62272        0.839608        
1.58078        4.95499        -2.62394        0.8358        
1.57359        4.95728        -2.62515        0.83199        
1.56639        4.95955        -2.62636        0.828178        
1.5592        4.96181        -2.62756        0.824364        
1.552        4.96407        -2.62876        0.820549        
1.54479        4.96631        -2.62995        0.816732        
1.53758        4.96854        -2.63113        0.812913        
1.53037        4.97077        -2.63231        0.809092        
1.52316        4.97298        -2.63349        0.80527        
1.51594        4.97518        -2.63466        0.801446        
1.50872        4.97737        -2.63582        0.79762        
1.5015        4.97955        -2.63697        0.793793        
1.49428        4.98172        -2.63813        0.789964        
1.48705        4.98388        -2.63927        0.786133        
1.47981        4.98603        -2.64041        0.782301        
1.47258        4.98816        -2.64155        0.778466        
1.46534        4.99029        -2.64268        0.774631        
1.4581        4.99241        -2.6438        0.770793        
1.45085        4.99451        -2.64492        0.766954        
1.44361        4.99661        -2.64603        0.763114        
1.43635        4.9987        -2.64714        0.759272        
1.4291        5.00077        -2.64824        0.755428        
1.42184        5.00284        -2.64934        0.751582        
1.41458        5.00489        -2.65043        0.747735        
1.40732        5.00693        -2.65151        0.743887        
1.40005        5.00897        -2.65259        0.740037        
1.39279        5.01099        -2.65366        0.736185        
1.38551        5.013        -2.65473        0.732332        
1.37824        5.015        -2.65579        0.728477        
1.37096        5.01699        -2.65685        0.72462        
1.36368        5.01897        -2.6579        0.720762        
1.3564        5.02094        -2.65895        0.716903        
1.34911        5.0229        -2.65999        0.713042        
1.34182        5.02485        -2.66102        0.70918        
1.33453        5.02678        -2.66205        0.705316        
1.32724        5.02871        -2.66307        0.70145        
1.31994        5.03063        -2.66409        0.697583        
1.31264        5.03253        -2.6651        0.693715        
1.30534        5.03443        -2.66611        0.689845        
1.29803        5.03631        -2.66711        0.685974        
1.29072        5.03819        -2.66811        0.682101        
1.28341        5.04005        -2.6691        0.678226        
1.2761        5.0419        -2.67008        0.674351        
1.26878        5.04375        -2.67106        0.670474        
1.26146        5.04558        -2.67203        0.666595        
1.25414        5.0474        -2.673        0.662715        
1.24681        5.04921        -2.67396        0.658834        
1.23949        5.05101        -2.67492        0.654951        
1.23216        5.0528        -2.67587        0.651067        
1.22482        5.05458        -2.67681        0.647181        
1.21749        5.05634        -2.67775        0.643294        
1.21015        5.0581        -2.67868        0.639406        
1.20281        5.05985        -2.67961        0.635516        
1.19547        5.06158        -2.68053        0.631626        
1.18812        5.06331        -2.68145        0.627733        
1.18078        5.06502        -2.68236        0.62384        
1.17343        5.06673        -2.68326        0.619945        
1.16607        5.06842        -2.68416        0.616048        
1.15872        5.0701        -2.68506        0.612151        
1.15136        5.07177        -2.68595        0.608252        
1.144        5.07344        -2.68683        0.604352        
1.13664        5.07509        -2.6877        0.60045        
1.12927        5.07673        -2.68858        0.596548        
1.12191        5.07836        -2.68944        0.592644        
1.11454        5.07997        -2.6903        0.588738        
1.10716        5.08158        -2.69115        0.584832        
1.09979        5.08318        -2.692        0.580924        
1.09241        5.08476        -2.69285        0.577015        
1.08503        5.08634        -2.69368        0.573105        
1.07765        5.0879        -2.69451        0.569193        
1.07027        5.08946        -2.69534        0.565281        
1.06288        5.091        -2.69616        0.561367        
1.0555        5.09253        -2.69697        0.557452        
1.04811        5.09406        -2.69778        0.553536        
1.04071        5.09557        -2.69859        0.549618        
1.03332        5.09707        -2.69938        0.5457        
1.02592        5.09856        -2.70018        0.54178        
1.01852        5.10004        -2.70096        0.537859        
1.01112        5.10151        -2.70174        0.533937        
1.00372        5.10296        -2.70252        0.530014        
0.996315        5.10441        -2.70329        0.52609        
0.988908        5.10585        -2.70405        0.522165        
0.981499        5.10727        -2.70481        0.518238        
0.974087        5.10868        -2.70556        0.51431        
0.966674        5.11009        -2.7063        0.510382        
0.959258        5.11148        -2.70704        0.506452        
0.95184        5.11286        -2.70778        0.502521        
0.944421        5.11424        -2.70851        0.498589        
0.936999        5.1156        -2.70923        0.494656        
0.929576        5.11695        -2.70995        0.490722        
0.92215        5.11828        -2.71066        0.486787        
0.914723        5.11961        -2.71137        0.482851        
0.907293        5.12093        -2.71207        0.478914        
0.899862        5.12224        -2.71276        0.474976        
0.892429        5.12353        -2.71345        0.471037        
0.884994        5.12482        -2.71414        0.467097        
0.877557        5.12609        -2.71481        0.463155        
0.870118        5.12736        -2.71548        0.459213        
0.862678        5.12861        -2.71615        0.45527        
0.855235        5.12985        -2.71681        0.451326        
0.847791        5.13108        -2.71747        0.447381        
0.840345        5.1323        -2.71812        0.443435        
0.832897        5.13351        -2.71876        0.439488        
0.825448        5.13471        -2.7194        0.43554        
0.817996        5.1359        -2.72003        0.431591        
0.810543        5.13707        -2.72065        0.427642        
0.803089        5.13824        -2.72127        0.423691        
0.795632        5.1394        -2.72189        0.41974        
0.788174        5.14054        -2.7225        0.415787        
0.780715        5.14167        -2.7231        0.411834        
0.773253        5.1428        -2.7237        0.40788        
0.76579        5.14391        -2.72429        0.403925        
0.758326        5.14501        -2.72488        0.399969        
0.750859        5.1461        -2.72546        0.396012        
0.743392        5.14718        -2.72603        0.392054        
0.735922        5.14825        -2.7266        0.388096        
0.728451        5.14931        -2.72716        0.384137        
0.720979        5.15035        -2.72772        0.380176        
0.713505        5.15139        -2.72827        0.376215        
0.706029        5.15242        -2.72882        0.372254        
0.698552        5.15343        -2.72936        0.368291        
0.691074        5.15443        -2.72989        0.364328        
0.683594        5.15543        -2.73042        0.360364        
0.676113        5.15641        -2.73094        0.356399        
0.66863        5.15738        -2.73146        0.352433        
0.661146        5.15834        -2.73197        0.348467        
0.65366        5.15929        -2.73248        0.3445        
0.646173        5.16023        -2.73298        0.340532        
0.638685        5.16115        -2.73347        0.336564        
0.631195        5.16207        -2.73396        0.332594        
0.623705        5.16298        -2.73444        0.328624        
0.616212        5.16387        -2.73492        0.324654        
0.608719        5.16476        -2.73539        0.320682        
0.601224        5.16563        -2.73585        0.31671        
0.593728        5.16649        -2.73631        0.312737        
0.58623        5.16734        -2.73677        0.308764        
0.578732        5.16818        -2.73722        0.30479        
0.571232        5.16901        -2.73766        0.300815        
0.563731        5.16983        -2.73809        0.29684        
0.556229        5.17064        -2.73853        0.292864        
0.548725        5.17144        -2.73895        0.288887        
0.541221        5.17222        -2.73937        0.28491        
0.533715        5.173        -2.73978        0.280932        
0.526208        5.17376        -2.74019        0.276953        
0.5187        5.17452        -2.74059        0.272974        
0.511191        5.17526        -2.74099        0.268995        
0.503681        5.17599        -2.74138        0.265014        
0.49617        5.17671        -2.74176        0.261033        
0.488658        5.17742        -2.74214        0.257052        
0.481145        5.17812        -2.74251        0.25307        
0.47363        5.17881        -2.74288        0.249088        
0.466115        5.17948        -2.74324        0.245105        
0.458599        5.18015        -2.7436        0.241121        
0.451082        5.1808        -2.74395        0.237137        
0.443563        5.18145        -2.74429        0.233153        
0.436044        5.18208        -2.74463        0.229167        
0.428524        5.1827        -2.74496        0.225182        
0.421004        5.18332        -2.74529        0.221196        
0.413482        5.18392        -2.74561        0.217209        
0.405959        5.18451        -2.74593        0.213222        
0.398436        5.18508        -2.74623        0.209235        
0.390911        5.18565        -2.74654        0.205247        
0.383386        5.18621        -2.74684        0.201259        
0.37586        5.18676        -2.74713        0.19727        
0.368333        5.18729        -2.74741        0.193281        
0.360806        5.18781        -2.74769        0.189291        
0.353277        5.18833        -2.74797        0.185301        
0.345748        5.18883        -2.74824        0.18131        
0.338219        5.18932        -2.7485        0.17732        
0.330688        5.1898        -2.74876        0.173328        
0.323157        5.19027        -2.74901        0.169337        
0.315625        5.19073        -2.74926        0.165345        
0.308092        5.19118        -2.74949        0.161353        
0.300559        5.19161        -2.74973        0.15736        
0.293025        5.19204        -2.74996        0.153367        
0.285491        5.19245        -2.75018        0.149373        
0.277956        5.19286        -2.7504        0.14538        
0.27042        5.19325        -2.75061        0.141386        
0.262884        5.19363        -2.75081        0.137391        
0.255347        5.194        -2.75101        0.133397        
0.24781        5.19436        -2.75121        0.129402        
0.240272        5.19471        -2.75139        0.125407        
0.232734        5.19505        -2.75157        0.121411        
0.225195        5.19538        -2.75175        0.117416        
0.217656        5.19569        -2.75192        0.11342        
0.210116        5.196        -2.75209        0.109423        
0.202576        5.19629        -2.75224        0.105427        
0.195035        5.19658        -2.7524        0.10143        
0.187494        5.19685        -2.75254        0.0974331        
0.179953        5.19711        -2.75269        0.093436        
0.172411        5.19736        -2.75282        0.0894386        
0.164869        5.1976        -2.75295        0.085441        
0.157327        5.19783        -2.75307        0.0814433        
0.149784        5.19805        -2.75319        0.0774453        
0.142241        5.19825        -2.75331        0.0734472        
0.134697        5.19845        -2.75341        0.0694489        
0.127153        5.19863        -2.75351        0.0654504        
0.119609        5.19881        -2.75361        0.0614518        
0.112065        5.19897        -2.7537        0.0574531        
0.104521        5.19912        -2.75378        0.0534542        
0.0969759        5.19926        -2.75386        0.0494552        
0.089431        5.19939        -2.75393        0.0454561        
0.0818859        5.19951        -2.75399        0.0414569        
0.0743406        5.19962        -2.75405        0.0374576        
0.0667951        5.19972        -2.75411        0.0334582        
0.0592496        5.1998        -2.75416        0.0294587        
0.0517039        5.19988        -2.7542        0.0254591        
0.0441581        5.19994        -2.75424        0.0214594        
0.0366122        5.2        -2.75427        0.0174598        
0.0290662        5.20004        -2.75429        0.01346        
0.0215201        5.20007        -2.75431        0.00946023        
0.0139741        5.20009        -2.75433        0.00546041        
0.00642794        5.2001        -2.75433        0.00146057        
-0.00111819        5.2001        -2.75434        -0.00253929        
-0.00866431        5.20009        -2.75433        -0.00653915        
-0.0162104        5.20006        -2.75432        -0.010539        
-0.0237565        5.20003        -2.75431        -0.0145389        
-0.0313025        5.19998        -2.75429        -0.0185387        
-0.0388485        5.19993        -2.75426        -0.0225385        
-0.0463943        5.19986        -2.75423        -0.0265383        
-0.0539401        5.19978        -2.75419        -0.030538        
-0.0614858        5.19969        -2.75414        -0.0345377        
-0.0690313        5.19959        -2.75409        -0.0385373        
-0.0765767        5.19948        -2.75404        -0.0425368        
-0.0841219        5.19936        -2.75398        -0.0465363        
-0.091667        5.19923        -2.75391        -0.0505357        
-0.0992118        5.19908        -2.75383        -0.054535        
-0.106756        5.19893        -2.75376        -0.0585342        
-0.114301        5.19876        -2.75367        -0.0625333        
-0.121845        5.19859        -2.75358        -0.0665322        
-0.129389        5.1984        -2.75348        -0.070531        
-0.136933        5.1982        -2.75338        -0.0745297        
-0.144476        5.19799        -2.75327        -0.0785283        
-0.152019        5.19777        -2.75316        -0.0825267        
-0.159562        5.19754        -2.75304        -0.0865249        
-0.167104        5.19729        -2.75291        -0.090523        
-0.174646        5.19704        -2.75278        -0.0945209        
-0.182188        5.19678        -2.75264        -0.0985186        
-0.189729        5.1965        -2.7525        -0.102516        
-0.19727        5.19621        -2.75235        -0.106513        
-0.204811        5.19592        -2.7522        -0.11051        
-0.212351        5.19561        -2.75204        -0.114507        
-0.21989        5.19529        -2.75187        -0.118504        
-0.227429        5.19496        -2.7517        -0.1225        
-0.234968        5.19462        -2.75152        -0.126497        
-0.242506        5.19427        -2.75134        -0.130492        
-0.250044        5.1939        -2.75115        -0.134488        
-0.257581        5.19353        -2.75095        -0.138484        
-0.265118        5.19314        -2.75075        -0.142479        
-0.272654        5.19275        -2.75054        -0.146473        
-0.280189        5.19234        -2.75033        -0.150468        
-0.287724        5.19192        -2.75011        -0.154462        
-0.295258        5.1915        -2.74989        -0.158456        
-0.302792        5.19106        -2.74966        -0.16245        
-0.310325        5.19061        -2.74942        -0.166443        
-0.317857        5.19014        -2.74918        -0.170436        
-0.325389        5.18967        -2.74893        -0.174428        
-0.33292        5.18919        -2.74868        -0.178421        
-0.34045        5.18869        -2.74842        -0.182412        
-0.34798        5.18819        -2.74816        -0.186404        
-0.355509        5.18767        -2.74789        -0.190395        
-0.363037        5.18715        -2.74761        -0.194386        
-0.370564        5.18661        -2.74733        -0.198376        
-0.37809        5.18606        -2.74704        -0.202366        
-0.385616        5.1855        -2.74675        -0.206355        
-0.393141        5.18493        -2.74645        -0.210344        
-0.400665        5.18435        -2.74614        -0.214333        
-0.408188        5.18375        -2.74583        -0.218321        
-0.415711        5.18315        -2.74551        -0.222309        
-0.423232        5.18254        -2.74519        -0.226296        
-0.430753        5.18191        -2.74486        -0.230283        
-0.438273        5.18127        -2.74453        -0.23427        
-0.445792        5.18063        -2.74419        -0.238255        
-0.453309        5.17997        -2.74384        -0.242241        
-0.460826        5.1793        -2.74349        -0.246226        
-0.468342        5.17862        -2.74313        -0.25021        
-0.475857        5.17793        -2.74277        -0.254194        
-0.483371        5.17723        -2.7424        -0.258177        
-0.490884        5.17651        -2.74203        -0.26216        
-0.498396        5.17579        -2.74165        -0.266142        
-0.505907        5.17506        -2.74126        -0.270124        
-0.513416        5.17431        -2.74087        -0.274105        
-0.520925        5.17355        -2.74047        -0.278086        
-0.528433        5.17279        -2.74007        -0.282066        
-0.535939        5.17201        -2.73966        -0.286046        
-0.543445        5.17122        -2.73924        -0.290024        
-0.550949        5.17042        -2.73882        -0.294003        
-0.558452        5.16961        -2.73839        -0.29798        
-0.565954        5.16879        -2.73796        -0.301957        
-0.573454        5.16795        -2.73752        -0.305934        
-0.580954        5.16711        -2.73708        -0.30991        
-0.588452        5.16625        -2.73663        -0.313885        
-0.595949        5.16539        -2.73617        -0.317859        
-0.603445        5.16451        -2.73571        -0.321833        
-0.610939        5.16363        -2.73524        -0.325806        
-0.618432        5.16273        -2.73477        -0.329779        
-0.625924        5.16182        -2.73429        -0.333751        
-0.633415        5.1609        -2.73381        -0.337722        
-0.640904        5.15997        -2.73332        -0.341692        
-0.648392        5.15903        -2.73282        -0.345662        
-0.655878        5.15807        -2.73232        -0.349631        
-0.663363        5.15711        -2.73181        -0.353599        
-0.670847        5.15614        -2.7313        -0.357567        
-0.67833        5.15515        -2.73078        -0.361534        
-0.68581        5.15416        -2.73026        -0.3655        
-0.69329        5.15315        -2.72972        -0.369465        
-0.700768        5.15213        -2.72919        -0.37343        
-0.708244        5.1511        -2.72865        -0.377394        
-0.715719        5.15006        -2.7281        -0.381357        
-0.723193        5.14901        -2.72754        -0.385319        
-0.730665        5.14795        -2.72699        -0.38928        
-0.738135        5.14688        -2.72642        -0.393241        
-0.745604        5.1458        -2.72585        -0.397201        
-0.753071        5.1447        -2.72527        -0.40116        
-0.760537        5.1436        -2.72469        -0.405118        
-0.768001        5.14248        -2.7241        -0.409075        
-0.775464        5.14136        -2.72351        -0.413032        
-0.782924        5.14022        -2.72291        -0.416987        
-0.790384        5.13907        -2.7223        -0.420942        
-0.797841        5.13791        -2.72169        -0.424896        
-0.805297        5.13674        -2.72108        -0.428849        
-0.812751        5.13556        -2.72045        -0.432801        
-0.820204        5.13437        -2.71983        -0.436752        
-0.827654        5.13317        -2.71919        -0.440702        
-0.835103        5.13196        -2.71855        -0.444652        
-0.842551        5.13073        -2.71791        -0.4486        
-0.849996        5.1295        -2.71726        -0.452548        
-0.85744        5.12825        -2.7166        -0.456494        
-0.864881        5.127        -2.71594        -0.46044        
-0.872321        5.12573        -2.71527        -0.464385        
-0.87976        5.12445        -2.71459        -0.468328        
-0.887196        5.12317        -2.71391        -0.472271        
-0.89463        5.12187        -2.71323        -0.476213        
-0.902063        5.12056        -2.71254        -0.480153        
-0.909494        5.11924        -2.71184        -0.484093        
-0.916922        5.1179        -2.71114        -0.488032        
-0.924349        5.11656        -2.71043        -0.49197        
-0.931774        5.11521        -2.70971        -0.495906        
-0.939197        5.11384        -2.70899        -0.499842        
-0.946618        5.11247        -2.70827        -0.503777        
-0.954037        5.11108        -2.70754        -0.50771        
-0.961454        5.10969        -2.7068        -0.511643        
-0.968868        5.10828        -2.70606        -0.515574        
-0.976281        5.10686        -2.70531        -0.519505        
-0.983692        5.10543        -2.70456        -0.523434        
-0.991101        5.10399        -2.7038        -0.527362        
-0.998507        5.10254        -2.70303        -0.531289        
-1.00591        5.10108        -2.70226        -0.535215        
-1.01331        5.09961        -2.70148        -0.53914        
-1.02071        5.09813        -2.7007        -0.543064        
-1.02811        5.09664        -2.69991        -0.546987        
-1.03551        5.09513        -2.69912        -0.550908        
-1.0429        5.09362        -2.69832        -0.554829        
-1.05029        5.09209        -2.69751        -0.558748        
-1.05768        5.09056        -2.6967        -0.562666        
-1.06507        5.08901        -2.69588        -0.566583        
-1.07246        5.08745        -2.69506        -0.570499        
-1.07984        5.08588        -2.69423        -0.574413        
-1.08722        5.0843        -2.6934        -0.578326        
-1.0946        5.08271        -2.69256        -0.582239        
-1.10197        5.08111        -2.69171        -0.586149        
-1.10935        5.0795        -2.69086        -0.590059        
-1.11672        5.07788        -2.69001        -0.593968        
-1.12409        5.07625        -2.68914        -0.597875        
-1.13145        5.0746        -2.68828        -0.601781        
-1.13882        5.07295        -2.6874        -0.605685        
-1.14618        5.07128        -2.68652        -0.609589        
-1.15354        5.06961        -2.68564        -0.613491        
-1.16089        5.06792        -2.68475        -0.617392        
-1.16825        5.06623        -2.68385        -0.621292        
-1.1756        5.06452        -2.68295        -0.62519        
-1.18295        5.0628        -2.68204        -0.629087        
-1.19029        5.06107        -2.68113        -0.632983        
-1.19764        5.05933        -2.68021        -0.636877        
-1.20498        5.05758        -2.67929        -0.64077        
-1.21232        5.05582        -2.67836        -0.644662        
-1.21966        5.05405        -2.67742        -0.648552        
-1.22699        5.05227        -2.67648        -0.652441        
-1.23432        5.05047        -2.67553        -0.656329        
-1.24165        5.04867        -2.67458        -0.660215        
-1.24898        5.04686        -2.67362        -0.6641        
-1.2563        5.04503        -2.67266        -0.667984        
-1.26362        5.0432        -2.67169        -0.671866        
-1.27094        5.04135        -2.67071        -0.675746        
-1.27826        5.03949        -2.66973        -0.679626        
-1.28557        5.03763        -2.66874        -0.683504        
-1.29288        5.03575        -2.66775        -0.68738        
-1.30019        5.03386        -2.66675        -0.691255        
-1.30749        5.03196        -2.66575        -0.695129        
-1.31479        5.03005        -2.66474        -0.699001        
-1.32209        5.02813        -2.66373        -0.702871        
-1.32939        5.0262        -2.66271        -0.706741        
-1.33668        5.02426        -2.66168        -0.710608        
-1.34397        5.02231        -2.66065        -0.714475        
-1.35126        5.02034        -2.65961        -0.718339        
-1.35855        5.01837        -2.65857        -0.722203        
-1.36583        5.01639        -2.65752        -0.726064        
-1.37311        5.01439        -2.65647        -0.729925        
-1.38039        5.01239        -2.65541        -0.733783        
-1.38766        5.01037        -2.65434        -0.737641        
-1.39493        5.00834        -2.65327        -0.741496        
-1.4022        5.00631        -2.65219        -0.74535        
-1.40946        5.00426        -2.65111        -0.749203        
-1.41672        5.0022        -2.65002        -0.753054        
-1.42398        5.00013        -2.64893        -0.756903        
-1.43124        4.99806        -2.64783        -0.760751        
-1.43849        4.99597        -2.64673        -0.764597        
-1.44574        4.99387        -2.64562        -0.768442        
-1.45299        4.99176        -2.6445        -0.772285        
-1.46023        4.98963        -2.64338        -0.776126        
-1.46747        4.9875        -2.64225        -0.779966        
-1.47471        4.98536        -2.64112        -0.783804        
-1.48194        4.98321        -2.63998        -0.787641        
-1.48918        4.98104        -2.63884        -0.791476        
-1.4964        4.97887        -2.63769        -0.795309        
-1.50363        4.97669        -2.63654        -0.79914        
-1.51085        4.97449        -2.63538        -0.80297        
-1.51807        4.97229        -2.63421        -0.806798        
-1.52529        4.97007        -2.63304        -0.810625        
-1.5325        4.96785        -2.63186        -0.81445        
-1.53971        4.96561        -2.63068        -0.818273        
-1.54691        4.96336        -2.62949        -0.822094        
-1.55411        4.9611        -2.6283        -0.825914        
-1.56131        4.95884        -2.6271        -0.829732        
-1.56851        4.95656        -2.62589        -0.833548        
-1.5757        4.95427        -2.62468        -0.837363        
-1.58289        4.95197        -2.62347        -0.841175        
-1.59008        4.94966        -2.62225        -0.844986        
-1.59726        4.94734        -2.62102        -0.848796        
-1.60444        4.94501        -2.61979        -0.852603        
-1.61161        4.94267        -2.61855        -0.856409        
-1.61879        4.94032        -2.61731        -0.860213        
-1.62596        4.93795        -2.61606        -0.864015        
-1.63312        4.93558        -2.6148        -0.867815        
-1.64028        4.9332        -2.61354        -0.871613        
-1.64744        4.93081        -2.61228        -0.87541        
-1.6546        4.9284        -2.61101        -0.879205        
-1.66175        4.92599        -2.60973        -0.882998        
-1.6689        4.92356        -2.60845        -0.886789        
-1.67604        4.92113        -2.60716        -0.890578        
-1.68318        4.91868        -2.60587        -0.894365        
-1.69032        4.91623        -2.60457        -0.898151        
-1.69746        4.91376        -2.60327        -0.901934        
-1.70459        4.91129        -2.60196        -0.905716        
-1.71171        4.9088        -2.60064        -0.909496        
-1.71884        4.9063        -2.59932        -0.913274        
-1.72596        4.9038        -2.598        -0.91705        
-1.73307        4.90128        -2.59666        -0.920824        
-1.74018        4.89875        -2.59533        -0.924596        
-1.74729        4.89621        -2.59399        -0.928366        
-1.7544        4.89366        -2.59264        -0.932135        
-1.7615        4.8911        -2.59128        -0.935901        
-1.7686        4.88853        -2.58993        -0.939665        
-1.77569        4.88595        -2.58856        -0.943428        
-1.78278        4.88336        -2.58719        -0.947188        
-1.78987        4.88076        -2.58582        -0.950947        
-1.79695        4.87815        -2.58444        -0.954703        
-1.80403        4.87553        -2.58305        -0.958458        
-1.8111        4.8729        -2.58166        -0.96221        
-1.81817        4.87026        -2.58026        -0.965961        
-1.82524        4.86761        -2.57886        -0.969709        
-1.8323        4.86495        -2.57745        -0.973456        
-1.83936        4.86228        -2.57604        -0.9772        
-1.84642        4.85959        -2.57462        -0.980942        
-1.85347        4.8569        -2.57319        -0.984682        
-1.86052        4.8542        -2.57176        -0.988421        
-1.86756        4.85148        -2.57033        -0.992157        
-1.8746        4.84876        -2.56889        -0.995891        
-1.88164        4.84603        -2.56744        -0.999623        
-1.88867        4.84328        -2.56599        -1.00335        
-1.8957        4.84053        -2.56453        -1.00708        
-1.90272        4.83777        -2.56307        -1.01081        
-1.90974        4.83499        -2.5616        -1.01453        
-1.91676        4.83221        -2.56013        -1.01825        
-1.92377        4.82941        -2.55865        -1.02197        
-1.93078        4.82661        -2.55717        -1.02569        
-1.93778        4.82379        -2.55568        -1.0294        
-1.94478        4.82097        -2.55419        -1.03312        
-1.95178        4.81813        -2.55269        -1.03683        
-1.95877        4.81528        -2.55118        -1.04053        
-1.96576        4.81243        -2.54967        -1.04424        
-1.97274        4.80956        -2.54815        -1.04795        
-1.97972        4.80669        -2.54663        -1.05165        
-1.9867        4.8038        -2.5451        -1.05535        
-1.99367        4.8009        -2.54357        -1.05904        
-2.00063        4.798        -2.54203        -1.06274        
-2.0076        4.79508        -2.54049        -1.06643        
-2.01455        4.79215        -2.53894        -1.07012        
-2.02151        4.78922        -2.53739        -1.07381        
-2.02846        4.78627        -2.53583        -1.0775        
-2.0354        4.78331        -2.53427        -1.08118        
-2.04234        4.78035        -2.5327        -1.08486        
-2.04928        4.77737        -2.53112        -1.08854        
-2.05621        4.77438        -2.52954        -1.09222        
-2.06314        4.77138        -2.52795        -1.0959        
-2.07006        4.76838        -2.52636        -1.09957        
-2.07698        4.76536        -2.52477        -1.10324        
-2.0839        4.76233        -2.52316        -1.10691        
-2.09081        4.75929        -2.52156        -1.11057        
-2.09772        4.75625        -2.51994        -1.11424        
-2.10462        4.75319        -2.51833        -1.1179        
-2.11151        4.75012        -2.5167        -1.12156        
-2.11841        4.74704        -2.51507        -1.12521        
-2.1253        4.74395        -2.51344        -1.12887        
-2.13218        4.74086        -2.5118        -1.13252        
-2.13906        4.73775        -2.51016        -1.13617        
-2.14593        4.73463        -2.50851        -1.13981        
-2.1528        4.7315        -2.50685        -1.14346        
-2.15967        4.72837        -2.50519        -1.1471        
-2.16653        4.72522        -2.50353        -1.15074        
-2.17339        4.72206        -2.50186        -1.15438        
-2.18024        4.71889        -2.50018        -1.15801        
-2.18709        4.71572        -2.4985        -1.16165        
-2.19393        4.71253        -2.49681        -1.16528        
-2.20077        4.70933        -2.49512        -1.1689        
-2.2076        4.70612        -2.49342        -1.17253        
-2.21443        4.70291        -2.49172        -1.17615        
-2.22126        4.69968        -2.49001        -1.17977        
-2.22808        4.69644        -2.4883        -1.18339        
-2.23489        4.69319        -2.48658        -1.187        
-2.2417        4.68994        -2.48486        -1.19062        
-2.24851        4.68667        -2.48313        -1.19423        
-2.25531        4.68339        -2.48139        -1.19784        
-2.2621        4.68011        -2.47965        -1.20144        
-2.26889        4.67681        -2.47791        -1.20504        
-2.27568        4.6735        -2.47616        -1.20864        
-2.28246        4.67019        -2.4744        -1.21224        
-2.28924        4.66686        -2.47264        -1.21584        
-2.29601        4.66352        -2.47088        -1.21943        
-2.30278        4.66018        -2.46911        -1.22302        
-2.30954        4.65682        -2.46733        -1.22661        
-2.3163        4.65346        -2.46555        -1.23019        
-2.32305        4.65008        -2.46376        -1.23377        
-2.3298        4.6467        -2.46197        -1.23735        
-2.33654        4.6433        -2.46018        -1.24093        
-2.34328        4.6399        -2.45837        -1.2445        
-2.35001        4.63648        -2.45657        -1.24808        
-2.35674        4.63306        -2.45475        -1.25165        
-2.36346        4.62963        -2.45294        -1.25521        
-2.37018        4.62618        -2.45111        -1.25878        
-2.37689        4.62273        -2.44929        -1.26234        
-2.3836        4.61926        -2.44745        -1.2659        
-2.3903        4.61579        -2.44562        -1.26945        
-2.397        4.61231        -2.44377        -1.27301        
-2.40369        4.60882        -2.44192        -1.27656        
-2.41038        4.60531        -2.44007        -1.2801        
-2.41706        4.6018        -2.43821        -1.28365        
-2.42374        4.59828        -2.43635        -1.28719        
-2.43041        4.59475        -2.43448        -1.29073        
-2.43708        4.59121        -2.4326        -1.29427        
-2.44374        4.58766        -2.43072        -1.2978        
-2.4504        4.5841        -2.42884        -1.30134        
-2.45705        4.58053        -2.42695        -1.30487        
-2.4637        4.57695        -2.42505        -1.30839        
-2.47034        4.57336        -2.42315        -1.31192        
-2.47698        4.56976        -2.42125        -1.31544        
-2.48361        4.56615        -2.41934        -1.31895        
-2.49023        4.56253        -2.41742        -1.32247        
-2.49685        4.5589        -2.4155        -1.32598        
-2.50347        4.55526        -2.41358        -1.32949        
-2.51008        4.55162        -2.41165        -1.333        
-2.51668        4.54796        -2.40971        -1.3365        
-2.52328        4.54429        -2.40777        -1.34        
-2.52988        4.54062        -2.40582        -1.3435        
-2.53646        4.53693        -2.40387        -1.347        
-2.54305        4.53324        -2.40192        -1.35049        
-2.54963        4.52953        -2.39996        -1.35398        
-2.5562        4.52582        -2.39799        -1.35747        
-2.56277        4.52209        -2.39602        -1.36095        
-2.56933        4.51836        -2.39404        -1.36444        
-2.57588        4.51462        -2.39206        -1.36791        
-2.58243        4.51087        -2.39007        -1.37139        
-2.58898        4.5071        -2.38808        -1.37486        
-2.59552        4.50333        -2.38609        -1.37833        
-2.60205        4.49955        -2.38408        -1.3818        
-2.60858        4.49576        -2.38208        -1.38526        
-2.61511        4.49196        -2.38007        -1.38873        
-2.62162        4.48815        -2.37805        -1.39218        
-2.62814        4.48433        -2.37603        -1.39564        
-2.63464        4.4805        -2.374        -1.39909        
-2.64115        4.47667        -2.37197        -1.40254        
-2.64764        4.47282        -2.36993        -1.40599        
-2.65413        4.46896        -2.36789        -1.40943        
-2.66062        4.4651        -2.36584        -1.41287        
-2.66709        4.46122        -2.36379        -1.41631        
-2.67357        4.45734        -2.36173        -1.41975        
-2.68004        4.45344        -2.35967        -1.42318        
-2.6865        4.44954        -2.35761        -1.42661        
-2.69295        4.44562        -2.35553        -1.43003        
-2.6994        4.4417        -2.35346        -1.43345        
